1e-05	676	1
2e-05	676	1
3e-05	676	1
4e-05	676	1
5e-05	676	1
6e-05	676	1
7e-05	676	1
8e-05	676	1
9e-05	676	1
0.0001	676	1
0.00011	676	1
0.00012	676	1
0.00013	676	1
0.00014	676	1
0.00015	676	1
0.00016	676	1
0.00017	676	1
0.00018	676	1
0.00019	676	1
0.0002	676	1
0.00021	676	1
0.00022	676	1
0.00023	676	1
0.00024	676	1
0.00025	676	1
0.00026	676	1
0.00027	676	1
0.00028	676	1
0.00029	676	1
0.0003	676	1
0.00031	676	1
0.00032	676	1
0.00033	676	1
0.00034	676	1
0.00035	676	1
0.00036	676	1
0.00037	676	1
0.00038	676	1
0.00039	676	1
0.0004	676	1
0.00041	676	1
0.00042	676	1
0.00043	676	1
0.00044	676	1
0.00045	676	1
0.00046	676	1
0.00047	676	1
0.00048	676	1
0.00049	676	1
0.0005	676	1
0.00051	676	1
0.00052	676	1
0.00053	676	0.999999
0.00054	676	0.999999
0.00055	676	0.999999
0.00056	676	0.999999
0.00057	676	0.999998
0.00058	676	0.999998
0.00059	676	0.999997
0.0006	676	0.999997
0.00061	676	0.999996
0.00062	676	0.999995
0.00063	676	0.999994
0.00064	676	0.999992
0.00065	676	0.999991
0.00066	676	0.999989
0.00067	676	0.999987
0.00068	676	0.999984
0.00069	676	0.999981
0.0007	676	0.999978
0.00071	676	0.999974
0.00072	676	0.99997
0.00073	676	0.999965
0.00074	676	0.999959
0.00075	675.999	0.999952
0.00076	675.999	0.999945
0.00077	675.999	0.999937
0.00078	675.999	0.999928
0.00079	675.999	0.999918
0.0008	675.999	0.999907
0.00081	675.999	0.999894
0.00082	675.999	0.99988
0.00083	675.998	0.999865
0.00084	675.998	0.999849
0.00085	675.998	0.99983
0.00086	675.997	0.99981
0.00087	675.997	0.999788
0.00088	675.997	0.999765
0.00089	675.996	0.999739
0.0009	675.996	0.999711
0.00091	675.995	0.99968
0.00092	675.994	0.999647
0.00093	675.993	0.999611
0.00094	675.992	0.999573
0.00095	675.991	0.999532
0.00096	675.99	0.999487
0.00097	675.989	0.99944
0.00098	675.987	0.999389
0.00099	675.985	0.999334
0.001	675.983	0.999276
0.00101	675.981	0.999214
0.00102	675.978	0.999147
0.00103	675.975	0.999077
0.00104	675.972	0.999002
0.00105	675.968	0.998922
0.00106	675.964	0.998837
0.00107	675.959	0.998748
0.00108	675.953	0.998653
0.00109	675.947	0.998553
0.0011	675.94	0.998447
0.00111	675.931	0.998335
0.00112	675.922	0.998217
0.00113	675.911	0.998093
0.00114	675.899	0.997962
0.00115	675.884	0.997824
0.00116	675.868	0.99768
0.00117	675.85	0.997528
0.00118	675.828	0.997368
0.00119	675.804	0.997201
0.0012	675.776	0.997026
0.00121	675.743	0.996842
0.00122	675.706	0.99665
0.00123	675.663	0.996449
0.00124	675.613	0.996239
0.00125	675.555	0.99602
0.00126	675.488	0.995791
0.00127	675.41	0.995552
0.00128	675.32	0.995302
0.00129	675.215	0.995042
0.0013	675.094	0.994772
0.00131	674.954	0.994489
0.00132	674.792	0.994196
0.00133	674.605	0.99389
0.00134	674.389	0.993572
0.00135	674.142	0.993242
0.00136	673.859	0.992898
0.00137	673.537	0.992541
0.00138	673.173	0.992171
0.00139	672.763	0.991786
0.0014	672.304	0.991387
0.00141	671.794	0.990973
0.00142	671.232	0.990543
0.00143	670.617	0.990098
0.00144	669.95	0.989636
0.00145	669.232	0.989158
0.00146	668.465	0.988663
0.00147	667.652	0.98815
0.00148	666.796	0.987619
0.00149	665.901	0.987069
0.0015	664.972	0.9865
0.00151	664.014	0.985911
0.00152	663.031	0.985302
0.00153	662.03	0.984672
0.00154	661.017	0.98402
0.00155	659.998	0.983346
0.00156	658.982	0.98265
0.00157	657.975	0.98193
0.00158	656.984	0.981186
0.00159	656.016	0.980417
0.0016	655.076	0.979622
0.00161	654.17	0.978801
0.00162	653.3	0.977953
0.00163	652.469	0.977077
0.00164	651.677	0.976171
0.00165	650.923	0.975236
0.00166	650.206	0.97427
0.00167	649.522	0.973272
0.00168	648.868	0.972242
0.00169	648.238	0.971177
0.0017	647.628	0.970078
0.00171	647.033	0.968942
0.00172	646.446	0.967769
0.00173	645.861	0.966556
0.00174	645.271	0.965304
0.00175	644.67	0.96401
0.00176	644.05	0.962672
0.00177	643.402	0.96129
0.00178	642.718	0.959861
0.00179	641.986	0.958384
0.0018	641.195	0.956857
0.00181	640.33	0.955277
0.00182	639.372	0.953643
0.00183	638.3	0.951953
0.00184	637.084	0.950203
0.00185	635.687	0.948391
0.00186	634.059	0.946515
0.00187	632.138	0.944572
0.00188	629.839	0.942558
0.00189	627.056	0.940469
0.0019	623.654	0.938304
0.00191	619.471	0.936056
0.00192	614.317	0.933723
0.00193	607.989	0.931299
0.00194	600.292	0.92878
0.00195	591.073	0.92616
0.00196	580.271	0.923433
0.00197	567.955	0.920593
0.00198	554.36	0.917633
0.00199	539.867	0.914545
0.002	524.962	0.911319
0.00201	510.151	0.907948
0.00202	495.879	0.90442
0.00203	482.473	0.900723
0.00204	470.121	0.896844
0.00205	458.884	0.892768
0.00206	448.728	0.888478
0.00207	439.559	0.883955
0.00208	431.256	0.879177
0.00209	423.692	0.874118
0.0021	416.744	0.868748
0.00211	410.305	0.863032
0.00212	404.285	0.85693
0.00213	398.608	0.85039
0.00214	393.213	0.843354
0.00215	388.053	0.835747
0.00216	383.089	0.827477
0.00217	378.292	0.818425
0.00218	373.64	0.808438
0.00219	369.117	0.79731
0.0022	364.71	0.784755
0.00221	360.41	0.770362
0.00222	356.212	0.753498
0.00223	352.11	0.733124
0.00224	348.099	0.70732
0.00225	344.177	0.671854
0.00226	340.339	0.613371
0.00227	336.578	-nan
0.00228	332.889	-nan
0.00229	329.258	-nan
0.0023	325.674	-nan
0.00231	322.116	-nan
0.00232	318.559	-nan
0.00233	314.968	-nan
0.00234	311.3	-nan
0.00235	307.497	-nan
0.00236	303.484	-nan
0.00237	299.171	-nan
0.00238	294.445	-nan
0.00239	289.171	-nan
0.0024	283.202	-nan
0.00241	276.379	-nan
0.00242	268.561	-nan
0.00243	259.643	-nan
0.00244	249.599	-nan
0.00245	238.514	-nan
0.00246	226.601	-nan
0.00247	214.203	-nan
0.00248	201.743	-nan
0.00249	189.664	-nan
0.0025	178.353	-nan
0.00251	168.091	-nan
0.00252	159.028	-nan
0.00253	151.194	-nan
0.00254	144.526	-nan
0.00255	138.906	-nan
0.00256	134.191	-nan
0.00257	130.232	-nan
0.00258	126.892	-nan
0.00259	124.051	-nan
0.0026	121.608	-nan
0.00261	119.48	-nan
0.00262	117.601	-nan
0.00263	115.919	-nan
0.00264	114.394	-nan
0.00265	112.992	-nan
0.00266	111.69	-nan
0.00267	110.468	-nan
0.00268	109.311	-nan
0.00269	108.208	-nan
0.0027	107.149	-nan
0.00271	106.127	-nan
0.00272	105.136	-nan
0.00273	104.172	-nan
0.00274	103.23	-nan
0.00275	102.307	-nan
0.00276	101.401	-nan
0.00277	100.508	-nan
0.00278	99.6275	-nan
0.00279	98.7562	-nan
0.0028	97.893	-nan
0.00281	97.0362	-nan
0.00282	96.1844	-nan
0.00283	95.3363	-nan
0.00284	94.4908	-nan
0.00285	93.6471	-nan
0.00286	92.8042	-nan
0.00287	91.9615	-nan
0.00288	91.1185	-nan
0.00289	90.2748	-nan
0.0029	89.4302	-nan
0.00291	88.5846	-nan
0.00292	87.7382	-nan
0.00293	86.8911	-nan
0.00294	86.0436	-nan
0.00295	85.1963	-nan
0.00296	84.3496	-nan
0.00297	83.5043	-nan
0.00298	82.661	-nan
0.00299	81.8205	-nan
0.003	80.9837	-nan
0.00301	80.1514	-nan
0.00302	79.3245	-nan
0.00303	78.5037	-nan
0.00304	77.69	-nan
0.00305	76.8841	-nan
0.00306	76.0867	-nan
0.00307	75.2987	-nan
0.00308	74.5205	-nan
0.00309	73.7529	-nan
0.0031	72.9963	-nan
0.00311	72.2512	-nan
0.00312	71.518	-nan
0.00313	70.797	-nan
0.00314	70.0885	-nan
0.00315	69.3928	-nan
0.00316	68.7099	-nan
0.00317	68.0401	-nan
0.00318	67.3834	-nan
0.00319	66.7399	-nan
0.0032	66.1096	-nan
0.00321	65.4924	-nan
0.00322	64.8884	-nan
0.00323	64.2975	-nan
0.00324	63.7195	-nan
0.00325	63.1545	-nan
0.00326	62.6022	-nan
0.00327	62.0626	-nan
0.00328	61.5355	-nan
0.00329	61.0207	-nan
0.0033	60.5182	-nan
0.00331	60.0277	-nan
0.00332	59.549	-nan
0.00333	59.082	-nan
0.00334	58.6265	-nan
0.00335	58.1822	-nan
0.00336	57.749	-nan
0.00337	57.3266	-nan
0.00338	56.9148	-nan
0.00339	56.5134	-nan
0.0034	56.1221	-nan
0.00341	55.7407	-nan
0.00342	55.369	-nan
0.00343	55.0067	-nan
0.00344	54.6535	-nan
0.00345	54.3092	-nan
0.00346	53.9735	-nan
0.00347	53.6462	-nan
0.00348	53.3271	-nan
0.00349	53.0158	-nan
0.0035	52.7121	-nan
0.00351	52.4158	-nan
0.00352	52.1266	-nan
0.00353	51.8443	-nan
0.00354	51.5687	-nan
0.00355	51.2994	-nan
0.00356	51.0363	-nan
0.00357	50.7792	-nan
0.00358	50.5279	-nan
0.00359	50.282	-nan
0.0036	50.0416	-nan
0.00361	49.8062	-nan
0.00362	49.5758	-nan
0.00363	49.3502	-nan
0.00364	49.1292	-nan
0.00365	48.9126	-nan
0.00366	48.7003	-nan
0.00367	48.4921	-nan
0.00368	48.2878	-nan
0.00369	48.0875	-nan
0.0037	47.8908	-nan
0.00371	47.6976	-nan
0.00372	47.508	-nan
0.00373	47.3216	-nan
0.00374	47.1386	-nan
0.00375	46.9586	-nan
0.00376	46.7816	-nan
0.00377	46.6076	-nan
0.00378	46.4364	-nan
0.00379	46.268	-nan
0.0038	46.1023	-nan
0.00381	45.9392	-nan
0.00382	45.7785	-nan
0.00383	45.6204	-nan
0.00384	45.4646	-nan
0.00385	45.3112	-nan
0.00386	45.1601	-nan
0.00387	45.0111	-nan
0.00388	44.8644	-nan
0.00389	44.7197	-nan
0.0039	44.5771	-nan
0.00391	44.4365	-nan
0.00392	44.2978	-nan
0.00393	44.1611	-nan
0.00394	44.0263	-nan
0.00395	43.8933	-nan
0.00396	43.7621	-nan
0.00397	43.6327	-nan
0.00398	43.5049	-nan
0.00399	43.3789	-nan
0.004	43.2545	-nan
0.00401	43.1318	-nan
0.00402	43.0106	-nan
0.00403	42.891	-nan
0.00404	42.773	-nan
0.00405	42.6564	-nan
0.00406	42.5413	-nan
0.00407	42.4276	-nan
0.00408	42.3153	-nan
0.00409	42.2044	-nan
0.0041	42.0949	-nan
0.00411	41.9867	-nan
0.00412	41.8798	-nan
0.00413	41.7742	-nan
0.00414	41.6699	-nan
0.00415	41.5668	-nan
0.00416	41.4649	-nan
0.00417	41.3641	-nan
0.00418	41.2646	-nan
0.00419	41.1661	-nan
0.0042	41.0688	-nan
0.00421	40.9726	-nan
0.00422	40.8775	-nan
0.00423	40.7834	-nan
0.00424	40.6903	-nan
0.00425	40.5983	-nan
0.00426	40.5072	-nan
0.00427	40.4171	-nan
0.00428	40.328	-nan
0.00429	40.2397	-nan
0.0043	40.1524	-nan
0.00431	40.066	-nan
0.00432	39.9805	-nan
0.00433	39.8958	-nan
0.00434	39.812	-nan
0.00435	39.729	-nan
0.00436	39.6468	-nan
0.00437	39.5654	-nan
0.00438	39.4847	-nan
0.00439	39.4049	-nan
0.0044	39.3257	-nan
0.00441	39.2473	-nan
0.00442	39.1696	-nan
0.00443	39.0926	-nan
0.00444	39.0163	-nan
0.00445	38.9407	-nan
0.00446	38.8657	-nan
0.00447	38.7913	-nan
0.00448	38.7176	-nan
0.00449	38.6445	-nan
0.0045	38.5721	-nan
0.00451	38.5002	-nan
0.00452	38.4288	-nan
0.00453	38.3581	-nan
0.00454	38.2879	-nan
0.00455	38.2183	-nan
0.00456	38.1492	-nan
0.00457	38.0806	-nan
0.00458	38.0126	-nan
0.00459	37.945	-nan
0.0046	37.878	-nan
0.00461	37.8114	-nan
0.00462	37.7453	-nan
0.00463	37.6797	-nan
0.00464	37.6146	-nan
0.00465	37.5499	-nan
0.00466	37.4856	-nan
0.00467	37.4218	-nan
0.00468	37.3585	-nan
0.00469	37.2955	-nan
0.0047	37.233	-nan
0.00471	37.1709	-nan
0.00472	37.1092	-nan
0.00473	37.0479	-nan
0.00474	36.9869	-nan
0.00475	36.9264	-nan
0.00476	36.8662	-nan
0.00477	36.8065	-nan
0.00478	36.747	-nan
0.00479	36.688	-nan
0.0048	36.6293	-nan
0.00481	36.571	-nan
0.00482	36.513	-nan
0.00483	36.4553	-nan
0.00484	36.398	-nan
0.00485	36.3411	-nan
0.00486	36.2844	-nan
0.00487	36.2281	-nan
0.00488	36.1721	-nan
0.00489	36.1165	-nan
0.0049	36.0611	-nan
0.00491	36.0061	-nan
0.00492	35.9514	-nan
0.00493	35.8969	-nan
0.00494	35.8428	-nan
0.00495	35.789	-nan
0.00496	35.7355	-nan
0.00497	35.6823	-nan
0.00498	35.6293	-nan
0.00499	35.5767	-nan
0.005	35.5244	-nan
