HL1
n1	-0.137	2.354	0.015	0.019	0.04	0.104
n2	0.356	-0.413	0.082	1.904	-0.008	0.054
n3	1.288	-1.66	-0.067	-0.916	0.023	0.254
n4	-0.044	0.027	0.035	-1.809	0.034	0.023
n5	-0.069	0.421	-0.082	-0.332	0.025	-0.03
n6	-0.039	-0.013	-0.007	0.347	-0.01	0.004
n7	-0.195	0.019	-0.009	-0.164	-0.031	0.028
n8	0.022	0.025	0.001	0.222	0.026	-0.012
n9	-0.007	0.019	-0.022	0.092	0.028	-0.041
n10	0.095	0.003	0.119	0.345	-0.038	-0.025
HL2
n1	0.076	-0.039	-0.853	0.278	0.768	0.058	-0.188	-0.004	-0.035	-0.069	-0.103
n2	0.051	-0.024	-0.839	0.357	0.698	0.101	-0.123	-0.029	-0.063	-0.016	-0.07
n3	0.079	-0.064	-0.845	0.323	0.757	0.1	-0.156	0.078	-0.073	0.032	-0.082
n4	0.054	-0.024	-0.372	0.109	0.368	-0.008	-0.035	-0.005	-0.039	-0.028	-0.042
n5	0.01	0.028	-0.772	0.276	0.684	0.097	-0.126	0.006	-0.059	-0.013	-0.124
n6	0.082	-0.033	-0.639	0.208	0.61	0.068	-0.091	0.055	-0.098	-0.003	-0.062
n7	0.046	0.012	-0.529	0.182	0.505	0.099	-0.056	0.083	0.005	0.051	-0.062
n8	-0.026	-0.04	0.752	-0.255	-0.655	-0.017	0.14	-0.119	0.051	0.055	0.02
n9	0.077	0.043	-0.217	0.067	0.189	0.016	-0.019	0.039	-0.041	-0.024	-0.033
n10	-0.028	0.061	-0.98	0.356	0.864	0.106	-0.17	0.013	-0.023	-0.052	-0.131
OL
n1	0.05427	0.05264	0.05454	0.0261	0.04817	0.03947	0.03637	-0.04855	0.01336	0.05994
