HL1
n1	-0.00733624	-0.0353309	-0.0630454	0.0579842	0.0499756	0.0946611
n2	-0.0221618	-0.0701716	-0.0780423	0.019992	0.0999876	-0.049163
n3	0.080181	-0.070825	0.0930198	-0.00399143	-0.0859867	0.0521825
n4	0.00416168	-0.052837	0.0910276	-0.0629925	-0.0169884	0.068163
n5	-0.0623791	-0.0143821	-0.0090651	-0.0590178	-0.0950275	0.0466179
n6	0.0159835	-0.0780166	-0.0860023	0.0369994	0.0899991	0.0829834
n7	0.0165348	-0.00746887	-0.0260802	-0.00202192	0.044966	0.00253113
n8	-0.0963544	-0.0793493	0.00511011	0.0110299	-0.0719536	-0.0713493
n9	-0.0886266	0.0503683	-0.0391055	-0.0710287	-0.0300444	0.0963683
n10	0.075968	0.0529964	-0.0989599	0.0509989	0.0699983	0.0689677
n11	0.00776677	0.011766	0.0399617	0.0909891	0.0309831	-0.0582351
n12	0.00820715	0.0322197	0.0510534	0.09601	-0.0449845	-0.0317912
n13	-0.0396179	-0.0406249	0.0990496	-0.0139823	-0.0899726	-0.0476149
n14	-0.0369358	0.00604707	-0.0570174	-0.0269973	-0.0979959	-0.0609353
n15	-0.0932611	-0.0102658	-0.0150486	0.0139879	0.0319812	0.0907368
n16	-0.0372313	0.00177902	-0.099021	0.0729891	0.000983153	0.0457669
n17	-0.0670863	0.0709239	0.0590026	-0.100004	-0.077006	0.044913
n18	-0.0136926	0.00431372	0.0820596	0.0140146	-0.0319773	-0.00469014
n19	0.0481547	0.0601413	0.0560045	-0.00999255	0.0220115	0.0411559
n20	0.0540864	0.00907967	-0.0709964	-0.0409959	0.0550064	-0.0189129
HL2
n1	0.0693238	-0.00598826	-0.00505202	-0.0919739	0.082009	-0.0660129	0.048008	0.0950036	-0.0880808	0.082017	-0.0169404	0.0279902	0.0840043	0.0959628	0.0199644	-0.0930012	0.0049964	0.012014	-0.0850029	0.0300536	0.0820111
n2	-0.0280691	0.0069484	0.0251475	-0.0360838	0.00897113	0.0720412	-0.0910257	0.00198844	-0.0487397	0.00194444	0.00380569	0.0580322	0.0439863	-0.0688791	0.0281143	0.0970045	0.0970107	-0.0910458	-0.0549905	0.0838267	-0.0950364
n3	-0.0927757	0.0400609	0.00682498	-0.0159015	-0.0939661	-0.0270484	-0.0629698	0.0570137	0.0556905	-0.0849344	0.0742282	-0.0450382	-0.0869839	-0.0431436	-0.0641349	-0.0560055	-0.0860121	-0.0479458	0.0389887	-0.0497966	-0.0309569
n4	-0.0489567	0.0810022	-0.0630061	-0.0499968	-0.0129989	0.00599849	-0.0179991	0.00900049	0.0399893	-0.0969976	-0.0809919	0.0129986	0.0500005	0.0609948	0.0739956	-0.0240003	-0.0900001	-0.000997964	-0.0450004	-0.0269931	0.0880016
n5	-0.0564462	0.0959783	0.0850621	0.00896458	0.0059878	-0.0779826	-0.00801088	-0.00400486	-0.0538902	-0.0490233	0.0789185	0.0360135	0.0799942	0.0760508	-0.0899517	0.0340018	0.0850047	-0.0350192	-0.035996	-0.096073	-0.100015
n6	0.0766209	0.0309336	-0.0678103	-0.0201074	-0.00303698	0.0520527	-0.0430329	-0.00401489	-0.0266657	0.0509284	0.0327497	0.0970415	0.0159824	-0.0898443	-0.0258535	0.043006	-0.0149868	0.0349408	0.0600123	0.0537775	0.0729529
n7	-0.0982424	0.0460375	0.0958925	-0.0419397	0.0800208	0.0939704	-0.0269815	0.0820084	0.0728101	-0.0439595	0.0121406	0.0739764	0.0110099	0.0589117	0.0659173	-0.0350035	0.0219928	0.0570335	-0.081007	0.0951249	0.0890266
n8	0.0672406	0.0240617	-0.0771775	-0.0598994	-0.0799653	-0.0980496	-0.0409691	-0.0689862	-0.0833144	-0.0769337	0.0912311	-0.0370385	0.0910165	0.0328547	-0.0911376	-0.0820052	0.0659868	0.0500547	0.0619887	0.095207	-0.0639566
n9	0.0043074	0.0879189	0.0152315	0.0108684	-0.0340453	-0.0959355	-0.0970403	0.0919818	-0.0765918	0.0609126	0.0536941	-0.0509494	-0.0520215	0.0131899	-0.0128208	-0.00999286	-0.0499835	-0.0840722	0.00401493	0.0637277	-0.0800574
n10	0.0723984	-0.0650769	-0.0947805	-0.0671245	-0.0840429	0.090061	0.0739619	0.0559828	-0.0956131	0.0889171	0.0257101	0.084048	0.0459796	0.0431801	-0.0128303	-0.0379931	-0.0169846	0.0729315	-0.0619858	-0.0342578	0.0179455
n11	0.0858158	-0.035009	-0.0669742	0.0189857	0.0619951	0.069007	-0.0570044	-0.066002	-0.0239545	-0.00300981	0.066966	0.0320057	-0.0940023	0.0460213	-0.0429803	-0.00399906	0.0050015	0.0549918	-0.0799983	-0.0840299	-0.0320065
n12	-0.100372	-0.0790181	-0.0609482	-0.0950298	0.00498973	-0.0229853	-0.0890092	-0.00500404	0.0580917	0.0399807	0.0319321	0.0640111	-0.0330049	0.0590422	0.0940405	-0.0519986	0.0990042	-0.0180159	-0.0269968	0.0459389	-0.0600126
n13	0.0196393	0.0529345	0.022187	-0.0331062	0.0589634	-0.0309479	0.0199674	0.0779853	0.0153298	-0.0160705	-0.0312467	-0.0859592	-0.00101739	-0.0388467	-0.0178552	0.00900572	-0.00298661	-0.0290582	-0.069988	-0.0562198	0.0369537
n14	0.0480592	0.0689545	0.0841302	-0.0120737	0.0349746	-0.00996385	-0.0970226	-0.0450102	0.00122961	-0.0280491	0.0698286	-0.0509715	0.000987944	-0.0958932	0.0431006	-0.000995927	0.0410091	0.0389594	0.0200084	0.0248475	0.0799677
n15	0.0848883	-0.0699052	-0.0812731	0.0781542	0.100053	-0.00307596	-0.0449526	-0.0399787	0.0825162	0.0191019	0.0903546	0.00894077	0.0410253	-0.00522364	0.000788791	0.0649919	0.0159802	0.00808408	0.0509826	-0.0286827	0.0420669
n16	0.0283222	0.0179671	0.0360941	-0.0870533	-0.0960184	0.100026	0.0769837	0.0189926	-0.0578339	0.0799645	0.0568762	0.0380206	0.0289913	-0.0189228	-0.0819273	0.0800029	-0.0829934	-0.0120293	0.0570061	-0.0921102	-0.0560233
n17	-0.070361	-0.0940176	0.0500503	0.0519713	0.0389901	-0.0169859	-0.0260088	0.0699961	0.0510889	-0.0360189	0.087934	-0.0579891	0.0629953	-0.0909588	-0.0189609	-0.0269985	0.0250038	0.0569845	-0.0839968	0.0339409	0.0899877
n18	-0.03946	0.0689776	-0.00793596	0.0719636	0.0779875	-0.0929821	-0.0730112	0.089995	-0.0698869	-0.0580241	-0.0670841	0.0620139	-0.00400596	-0.0169475	-0.0299504	0.0120019	0.00400465	0.0379801	-0.0219959	0.0199249	-0.0200158
n19	-0.08214	0.0679451	-0.0128431	-0.0310896	0.0889692	0.070044	-0.0720275	0.0979877	-0.00572289	0.016941	-0.0682068	0.0580341	-0.0600147	0.0851285	-0.00887804	0.0310046	0.0190117	0.0239513	-0.00698997	-0.0641848	-0.0420387
n20	0.0979489	0.00211563	-0.0212545	-0.0428409	0.0640549	-0.0600784	-0.0869511	0.00502196	0.0645003	-0.0778947	-0.0956338	0.00393878	0.0580261	0.0957689	0.033782	0.00999153	-0.0970203	-0.0919131	-0.00901801	0.0423275	-0.0449309
OL
n1	0.0167788	-0.0513331	0.0599073	0.00119454	-0.022149	-0.0655893	0.0363128	0.0635703	-0.0800397	-0.0759781	-0.00809235	-0.0196644	-0.0647636	-0.044696	0.095869	-0.0322884	-0.0179855	-0.0223007	-0.056383	0.0980017
