HL1
n1	0.780785	0.270664	-0.967297	0.199414	-0.490926	0.670791
n2	0.70175	0.461764	0.219355	-0.859873	-0.0497987	0.801764
n3	0.445247	-0.0947118	-0.87048	-0.709889	-0.689823	0.985288
n4	-0.908222	-0.838288	0.996664	-0.969434	-0.279104	0.771712
n5	-0.0590146	0.0612313	0.863673	-0.278529	0.51233	0.921231
n6	0.719336	-0.812221	0.188821	-0.0662581	-0.864085	-0.220749
n7	-0.860564	0.205689	-0.114858	0.819892	0.909826	-0.570569
n8	0.510247	0.0603563	-0.426108	0.349206	-0.191254	0.540249
n9	0.571283	0.162087	0.571467	0.0400553	-0.779915	0.891293
n10	-0.478581	0.271534	0.538988	-0.331314	0.937913	-0.438411
n11	-0.73105	0.950255	-0.610324	-0.459939	-0.109891	0.318941
n12	0.160808	-0.219168	-0.0419379	0.344889	-0.452281	0.470893
n13	-0.288454	-0.082938	0.438638	-0.553172	0.510812	0.601951
n14	-0.0526174	-0.529546	-0.517273	-0.886926	0.584864	0.0872816
n15	0.962754	-0.190536	0.880714	-0.67099	-0.731579	-0.387463
n16	-0.510606	0.03038	-0.387613	0.169767	0.809633	-0.95061
n17	-0.709015	-0.648774	0.388314	0.0804349	0.590687	-0.269007
n18	-0.961785	0.057765	0.577329	-0.623229	0.644881	0.3782
n19	0.699899	-0.536794	0.533261	-0.40935	-0.898977	0.879978
n20	-0.056636	-0.137421	0.843182	-0.174155	-0.306598	-0.0767704
n21	-0.560841	0.473307	-0.00437742	0.550431	0.750674	-0.470848
n22	-0.665154	-0.705547	-0.542564	-0.973456	-0.44547	0.744884
n23	-0.744705	0.738714	-0.316507	-0.871222	-0.481946	0.755257
n24	0.294427	-0.234396	0.664678	-0.26838	-0.357446	-0.915618
n25	-0.440456	0.16792	0.857462	-0.360228	0.729646	-0.72046
n26	-0.515996	0.144344	-0.822162	-0.519377	-0.979015	-0.865885
n27	0.687771	-0.0328724	-0.468108	-0.856253	0.880101	-0.28225
n28	-0.143911	-0.057689	-0.908275	0.729422	0.769092	-0.623942
n29	0.537182	0.417737	0.931555	-0.750175	0.949724	0.937159
n30	-0.545812	-0.995604	0.45388	-0.640532	-0.760847	0.534222
HL2
n1	0.320567	-0.33892	-0.50861	0.540512	-0.57051	0.190368	0.779763	0.959556	0.870464	0.170504	-0.450356	0.150337	0.0501956	-0.919903	0.919768	-0.229906	0.209514	0.539468	0.329669	-0.979627	-0.370291	-0.110204	0.799689	0.390338	0.789513	-0.990451	-0.160465	-0.179684	0.239676	-0.909465	-0.790471
n2	0.318855	-0.101199	-0.20109	0.738845	-0.218493	0.969514	0.920817	-0.749261	-0.161001	-0.890909	0.1909	-0.681002	0.0297228	-0.570038	0.970282	-0.9195	-0.109123	0.261118	-0.168994	-0.870402	0.741352	-0.999985	-0.939451	0.399397	-0.908535	0.071077	-0.179172	0.468729	0.630287	-0.981038	-0.49885
n3	0.78086	-0.339234	0.940831	-0.939307	0.0895631	1.00073	-0.670107	-0.510787	0.760661	0.200842	0.689574	0.79029	0.040385	-0.579759	0.789532	-0.759363	0.949187	-0.920778	-0.190271	-0.499189	0.170093	-0.660593	-0.0305294	0.940572	-0.580396	-0.480573	0.429215	0.160025	0.539253	-0.629157	-0.790577
n4	-0.188427	0.641527	-0.508491	-0.648566	-0.401442	-0.51902	0.669357	-0.90123	0.851298	-0.518606	0.988966	-0.189031	-0.289449	0.38021	0.579407	0.180237	0.418655	0.128518	0.359043	-0.118985	-0.950862	0.819437	0.319147	-0.34905	0.56863	0.0887206	0.358718	0.480889	0.129132	0.501482	-0.411324
n5	0.14989	-0.10011	0.479895	0.249895	0.51012	-0.62006	-0.0399393	0.580079	-0.180093	0.0299068	-0.769923	-0.34008	-0.900033	-0.800012	-0.699963	-0.769988	-0.47991	0.440105	-0.599921	-0.820057	0.0900902	0.540023	0.390057	0.979938	0.550116	0.860095	0.630085	-1.00009	0.0400467	-0.580102	-0.5999
n6	-0.759054	0.850637	-0.738191	-0.548482	-0.488039	-0.929662	-0.28866	-0.206742	0.583717	-0.805833	-0.696148	-0.034675	-0.875417	-0.881534	0.315739	0.153952	0.805178	-0.461765	0.844603	-0.848968	-0.372355	-0.947121	0.24948	0.379371	-0.848806	0.00688245	-0.835641	0.432975	0.547001	0.592457	-0.752202
n7	0.0302758	-0.259327	0.800223	0.0908207	0.777769	-0.990964	0.188569	-0.349651	0.61055	-0.770187	-0.931034	-0.0684071	0.309701	-0.490763	0.820781	-0.202855	-0.87983	0.179542	-0.711636	0.278831	0.216675	0.671273	-0.709622	-0.859982	-0.772162	0.288942	-0.429701	-0.457345	-0.368583	0.60006	0.068946
n8	-0.141166	0.318747	0.768894	-0.601229	-0.788331	-0.500391	0.17089	0.960728	-0.681054	0.6891	0.471009	-0.641141	-0.830277	0.650067	-0.0698148	-0.919295	-0.559132	0.0611533	0.761146	-0.340333	0.561602	-0.580028	0.980487	-0.10064	-0.378394	0.121184	-0.259207	-0.771434	0.880169	0.81896	-0.698772
n9	0.0990249	-0.591558	-0.480874	-0.601716	0.81397	-0.288937	0.272592	0.109775	0.428748	0.439831	0.491807	-0.682724	0.810378	-0.849098	-0.380859	0.634405	-0.909853	-0.348817	0.372789	0.651558	0.905471	0.0879537	0.829839	0.949811	-0.906088	0.571935	0.919998	0.165399	0.198119	0.399377	-0.707925
n10	0.57998	0.669983	-0.270019	-0.510015	-0.979996	-0.84002	-0.600002	-0.05998	-0.120014	0.189979	0.370008	-0.450003	0.0299898	0.0399929	0.670013	-0.830023	-0.96998	-0.499983	-0.0199978	0.369977	-0.180011	-0.379982	0.650014	-0.240014	0.470003	0.810011	-0.72998	0.150007	-0.389978	0.99998	-0.119989
n11	-0.739831	0.450183	0.31016	0.34018	0.96975	-0.819946	-0.430137	-0.960102	-0.659847	-0.859872	0.639853	0.46017	0.910037	0.619991	-0.290026	0.369885	-0.950124	0.519832	-0.790171	0.600041	0.0797552	0.940014	0.639929	-0.599911	-0.110242	-0.920173	0.0998861	0.140221	-0.0100191	-0.80985	0.399818
n12	0.71983	0.73985	-0.550164	-0.630132	-0.0999151	-0.600148	-0.159975	-0.699849	-0.970127	-0.600165	-0.729921	-0.850051	-0.44007	0.349947	-0.759901	-0.780132	0.88016	-0.539847	0.270048	0.749845	-0.900022	0.570103	-0.909884	-0.360103	-0.549919	-0.459896	0.0101595	0.619989	-0.309848	0.409832	0.140114
n13	0.803013	0.722641	0.193355	0.422877	0.949347	-0.342766	-0.0250167	-0.395546	-0.696158	-0.835511	-0.724328	0.533709	-0.611696	-0.169957	-0.618513	-0.00674124	0.265292	-0.763184	-0.503677	-0.432341	0.888541	0.780044	0.703245	-0.863734	0.439055	0.656689	-0.995039	0.392104	0.851554	0.543691	0.177083
n14	-0.957983	-0.727986	0.791929	-0.388085	-0.202131	-0.758905	-0.601014	0.478511	0.221705	-0.708277	-0.521444	-0.82856	-0.569357	0.150155	-0.300635	-0.3801	0.228336	-0.391926	-0.111434	-0.818901	0.0884435	-0.880505	-0.141035	-0.538817	0.187965	0.0382518	-0.631574	0.251503	-0.600892	-0.108127	-0.591816
n15	0.00771972	0.85772	-0.102181	0.337832	-0.00756684	-0.0212543	-0.268801	0.331673	-0.761929	0.798056	-0.618395	-0.691633	0.199288	-0.460227	-0.839249	0.190175	0.031875	0.752177	-0.278381	0.848768	0.781793	0.920544	0.791159	-0.441325	-0.617669	-0.528026	-0.568229	-0.0217523	-0.649005	-0.592116	0.0220556
n16	0.410077	0.940062	-0.329925	0.210054	0.789992	-0.429917	0.940012	-0.11008	-0.109945	-0.789918	0.289974	-0.509995	0.0300415	0.180033	-0.990055	0.190102	0.569921	0.0799332	0.829998	0.530095	-0.839942	0.679923	0.339946	0.0200552	0.839995	0.70996	-0.620078	-0.0200379	0.729909	-0.819922	-0.460039
n17	0.0691398	0.739217	-0.15083	0.439286	-0.609478	0.0893181	-0.469836	0.220758	0.579328	-0.750823	-0.539538	0.569652	-0.180364	0.299793	0.280431	-0.640518	0.670794	0.800786	-0.709668	-0.300747	-0.219956	0.27052	-0.179481	0.999443	-0.219518	-0.669398	-0.719234	0.409864	-0.329319	0.309165	-0.369387
n18	-0.890627	0.379367	-0.3506	-0.350603	-0.429299	0.39967	0.0603553	0.360449	-0.660534	0.00947248	-0.61955	-0.140468	-0.420185	0.729945	-0.799802	-0.389907	0.490509	0.700602	-0.959535	0.919685	0.720541	-0.0498798	-0.959684	-0.0303571	-0.759326	-0.999448	-0.209519	-0.730527	-0.699749	-0.89058	-0.999422
n19	0.509725	-0.680264	0.059736	-0.340246	-0.449762	-0.900182	0.0701064	0.960219	-0.860224	0.669753	-0.0398287	0.00984181	0.299902	-0.900047	0.180114	0.03994	-0.0797619	0.680257	-0.599845	-0.130188	0.300127	0.230108	1.00015	0.899834	-0.189774	-0.979783	0.740228	0.49986	0.710164	-0.590261	0.210225
n20	0.809125	0.079069	0.329169	-0.410909	-0.788799	-1.00031	0.590615	-0.959438	0.919217	-0.940686	-0.929246	-0.880825	-0.890224	-0.739944	-0.279859	0.020441	0.450662	-0.269138	0.870833	-0.260282	-0.238874	-0.729982	0.470384	0.429513	-0.0388472	0.0508718	-0.78939	0.189002	-0.809835	0.289215	0.270904
n21	0.812379	0.582068	-0.907258	-0.527639	0.0497363	-0.923304	-0.53485	0.125004	0.343356	0.413885	-0.404031	0.383472	-0.901947	-0.370186	1.00186	-0.287101	0.985876	-0.472605	-0.223453	0.657116	0.808576	0.56039	-0.726356	-0.854115	0.209429	0.507109	-0.234466	0.301969	-0.47793	0.333072	-0.352467
n22	-0.909788	0.760191	0.520205	-0.719827	0.25988	0.0401744	0.469964	-0.90019	-0.779836	0.300205	-0.520108	-0.609921	-0.699909	0.910057	-0.110112	0.150139	0.369803	0.789807	0.649926	-0.129809	0.920004	0.989865	0.269871	-0.599862	0.13989	0.0398556	-0.720191	-0.429977	0.0798248	-0.0997933	0.559853
n23	0.986477	-0.153764	0.656654	0.826326	0.484979	0.238703	-0.147254	0.28219	-0.103154	-0.482728	0.282916	0.396644	0.679192	-0.929989	-0.669296	0.962092	-0.777377	0.183467	0.55336	-0.771038	1.00473	0.91988	0.741517	-0.0718777	-0.575179	0.583492	-0.0875788	0.875673	0.840584	0.536846	0.343669
n24	-0.107723	-0.238758	-0.587716	0.580719	-0.937388	-0.185831	-0.857794	0.576795	-0.328885	0.94306	0.740532	-0.782001	0.521766	0.102272	-0.973027	-0.362717	0.637009	0.448261	0.532115	0.904726	0.886351	0.41584	0.697484	0.841749	0.672589	-0.949908	0.31683	0.735289	-0.895071	-0.697375	0.490008
n25	0.467909	0.178267	0.678406	-0.901062	0.700907	-0.717523	0.384703	-0.320403	-0.170022	-0.650776	0.458019	0.252542	0.815612	-0.631469	0.854453	0.587971	-0.399613	0.0213688	-0.952672	-0.828036	0.716397	-0.715231	-0.683656	0.18247	0.25026	-0.680063	-0.910203	0.473546	-0.953288	0.458618	0.940093
n26	-0.654324	-0.18278	-0.873842	-0.431646	0.0970858	-0.981887	0.791192	0.41332	-0.251116	0.805896	-0.912482	-0.67498	0.953277	-0.603357	0.767275	0.739016	-0.616406	0.00294932	0.594674	0.796231	0.68829	1.00053	-0.961444	0.450059	0.476218	-0.18018	-0.277021	-0.259759	-0.0176092	-0.214012	-0.42043
n27	-0.827445	0.461522	-0.377016	-0.0484645	-0.916872	-0.661275	-0.132341	0.113697	0.00296338	0.814843	0.357154	0.371086	-0.881078	-0.909058	-0.509623	0.738333	-0.555124	-0.48252	0.698983	-0.380273	-0.395731	0.247609	0.192612	0.146411	0.442795	0.198298	-0.465627	0.427377	-0.740903	0.28359	0.968789
n28	-0.149855	-0.689843	-0.709862	-0.939847	-0.730216	-0.0399549	-0.380118	0.179915	-0.66987	-0.799891	0.279873	0.900145	-0.569971	-0.13001	0.709978	-0.0500968	0.449894	-0.200144	-0.420147	-0.569969	0.989788	0.790019	-0.920067	0.970073	0.279789	0.189854	0.249901	-0.339807	-0.970016	0.620129	-0.420157
n29	0.710057	0.840054	0.390055	-0.0399498	0.189954	0.450039	0.75998	-0.0600461	-0.709954	0.760052	0.289965	-0.569969	-0.589979	0.85001	-0.390024	0.220017	0.10995	-0.690053	-0.12003	0.800041	0.879978	-0.990025	-0.510032	0.810035	-0.570044	0.709956	-0.540048	-0.369975	0.689964	-0.669946	-0.180045
n30	0.993535	0.394441	-0.956708	-0.285404	-0.83833	-0.890562	0.365006	-0.321259	-0.906329	0.0820064	-0.714337	0.845688	-0.0399035	0.358685	0.450699	0.303144	0.927997	-0.423865	-0.275801	-0.951266	-0.800005	-0.297461	-0.220806	-0.528457	0.751882	0.615149	-0.891658	-0.701419	-0.688049	0.682845	-0.125103
OL
n1	-0.100867	0.0597317	0.627025	-0.519487	0.551958	0.788991	-0.932169	0.229196	0.336512	-0.0226595	-0.0399855	-0.0143287	0.499817	-0.510007	0.272518	0.432148	-0.942737	0.0727311	0.481771	0.728338	0.441178	0.402322	0.325668	0.825061	0.954823	-0.87697	0.952546	-0.368134	-0.101998	-0.651285
