H	0.704268	0.594847	0.705757
H	0.675768	0.687711	0.420364
H	0.697009	0.271877	0.608337
H	0.672436	0.325105	0.42277
H	0.3203	0.63558	0.750116
H	0.335277	0.591688	0.28359
H	0.268845	0.272699	0.682938
H	0.334014	0.339943	0.243579
H	-0.00635695	0.673142	0.577125
H	-0.00460059	0.587145	0.375228
H	-0.0453017	0.282914	0.725876
H	0.0202709	0.306329	0.249908
H	0.644688	0.0367071	0.587486
H	0.590075	0.023156	0.374534
H	0.30233	-0.0679069	0.716941
H	0.379591	-0.0197476	0.258699
H	0.666628	0.666805	0.0899999
H	0.705742	0.252568	0.00707536
H	0.388452	0.6457	0.0679879
H	0.396081	0.269741	-0.0108995
H	-0.00968794	-0.0410452	0.587159
H	0.0581301	0.0292216	0.395518
H	0.0107	0.661461	0.0892099
H	-0.0128075	0.383806	-0.073406
H	0.748496	-0.0240527	-0.0287296
H	0.396385	-0.0144234	-0.0625813
H	-0.00975576	-0.0834415	-0.0322854
Li	0.333333	0.5	0
Li	0.333333	0.666667	0.166667
Li	0.666667	0.5	0.666667
Li	0	0.666667	0.166667
Li	0.333333	-0	0.833333
Li	0.666667	-0	0.5
Li	0	0.166667	0
Li	0	0.666667	0.833333
Li	0.333333	0.833333	0.333333
Li	0.833333	-0	0
Li	0.166667	0.666667	0.666667
Li	0.5	0.333333	0.333333
Li	0.166667	0.333333	0.666667
Li	0.833333	-0	0.666667
Li	0.833333	0.666667	0.666667
Li	0.666667	0.666667	0.166667
Li	0	-0	0.833333
Li	0.333333	0.333333	0.5
Li	0.166667	0.333333	0
Li	0.333333	0.333333	0.166667
Li	0.666667	0.333333	0.166667
Li	0	-0	0.166667
Li	0.5	-0	0.333333
Li	0.666667	0.333333	0.5
Li	0.333333	-0	0.5
Li	0.666667	0.833333	0.666667
Li	0.333333	0.166667	0.666667
Li	0.666667	0.5	0
Li	0.333333	0.5	0.333333
Li	0.166667	0.333333	0.333333
Li	0	0.5	0.333333
Li	0.5	-0	0
Li	0.333333	-0	0.166667
Li	0.333333	0.833333	0.666667
Li	0.5	0.333333	0
Li	0	0.5	0.666667
Li	0	0.333333	0.833333
Li	0.166667	-0	0.333333
Li	0.666667	0.166667	0.666667
Li	0.333333	0.833333	0
Li	0	0.166667	0.333333
Li	0.833333	0.333333	0.333333
Li	0	0.833333	0.333333
Li	0	0.333333	0.166667
Li	0.166667	-0	0
Li	0.5	0.333333	0.666667
Li	0.333333	0.333333	0.833333
Li	0.333333	0.5	0.666667
Li	0.666667	0.833333	0.333333
Li	0.333333	0.166667	0
Li	0	0.5	0
Li	0.666667	-0	0.833333
Li	0.333333	0.666667	0.5
Li	0.666667	0.666667	0.5
O	0.666667	0.666667	0.666667
O	0.666667	0.666667	0.333333
O	0.666667	0.333333	0.666667
O	0.666667	0.333333	0.333333
O	0.333333	0.666667	0.666667
O	0.333333	0.666667	0.333333
O	0.333333	0.333333	0.666667
O	0.333333	0.333333	0.333333
O	0	0.666667	0.666667
O	0	0.666667	0.333333
O	0	0.333333	0.666667
O	0	0.333333	0.333333
O	0.666667	0	0.666667
O	0.666667	0	0.333333
O	0.333333	0	0.666667
O	0.333333	0	0.333333
O	0.666667	0.666667	0
O	0.666667	0.333333	0
O	0.333333	0.666667	0
O	0.333333	0.333333	0
O	0	0	0.666667
O	0	0	0.333333
O	0	0.666667	0
O	0	0.333333	0
O	0.666667	0	0
O	0.333333	0	0
O	0	0	0
Cl	0.833333	0.833333	0.833333
Cl	0.833333	0.833333	0.5
Cl	0.833333	0.5	0.833333
Cl	0.833333	0.5	0.5
Cl	0.5	0.833333	0.833333
Cl	0.5	0.833333	0.5
Cl	0.5	0.5	0.833333
Cl	0.5	0.5	0.5
Cl	0.166667	0.833333	0.833333
Cl	0.166667	0.833333	0.5
Cl	0.166667	0.5	0.833333
Cl	0.166667	0.5	0.5
Cl	0.833333	0.166667	0.833333
Cl	0.833333	0.166667	0.5
Cl	0.5	0.166667	0.833333
Cl	0.5	0.166667	0.5
Cl	0.833333	0.833333	0.166667
Cl	0.833333	0.5	0.166667
Cl	0.5	0.833333	0.166667
Cl	0.5	0.5	0.166667
Cl	0.166667	0.166667	0.833333
Cl	0.166667	0.166667	0.5
Cl	0.166667	0.833333	0.166667
Cl	0.166667	0.5	0.166667
Cl	0.833333	0.166667	0.166667
Cl	0.5	0.166667	0.166667
Cl	0.166667	0.166667	0.166667
