5000	0.566293	0.154081
10000	0.325313	0.140661
15000	0.224952	0.124772
20000	0.138695	0.0974335
25000	0.0899403	0.053508
30000	0.0707978	0.034162
35000	0.060465	0.0275988
40000	0.0504689	0.0232814
45000	0.042516	0.0209484
50000	0.0361033	0.0180555
55000	0.03172	0.0155652
60000	0.0294904	0.0132046
65000	0.0276267	0.012195
70000	0.0251301	0.0121815
75000	0.0239728	0.0123351
80000	0.0223611	0.0119683
85000	0.0218152	0.0112477
90000	0.0212373	0.0109041
95000	0.0202346	0.0104961
100000	0.0194758	0.00998971
105000	0.0188789	0.00941544
110000	0.0181607	0.00889824
115000	0.0178444	0.00803902
120000	0.0175906	0.00758539
125000	0.0174409	0.00729496
130000	0.0169841	0.00716186
135000	0.0167171	0.00688416
140000	0.0164618	0.00688105
145000	0.0161908	0.00668314
150000	0.0162437	0.00633178
155000	0.0160012	0.0062972
160000	0.0159143	0.00637062
165000	0.0156096	0.00638362
170000	0.0150804	0.00613898
175000	0.014905	0.00592553
180000	0.0146844	0.00567567
185000	0.0143344	0.0054185
190000	0.0140015	0.00524556
195000	0.0138103	0.00526304
200000	0.013729	0.00509797
205000	0.013345	0.00502485
210000	0.0130631	0.00488075
215000	0.0127745	0.00481184
220000	0.0124317	0.00481361
225000	0.0119263	0.00492093
230000	0.0116053	0.00503064
235000	0.0113005	0.00501094
240000	0.0111461	0.00500347
245000	0.0110067	0.0049442
250000	0.0108862	0.00492732
255000	0.0107852	0.00486631
260000	0.0106269	0.00480291
265000	0.0105287	0.0047674
270000	0.0104064	0.0046274
275000	0.0102208	0.00469502
280000	0.00996476	0.00479718
285000	0.00981987	0.0048591
290000	0.00969018	0.00473577
295000	0.00966746	0.00475374
300000	0.00955458	0.00484822
305000	0.00948946	0.0047725
310000	0.00946384	0.00476231
315000	0.00956827	0.00500621
320000	0.00944071	0.0050498
325000	0.00936211	0.00511561
330000	0.00919003	0.0051162
335000	0.00918457	0.0050801
340000	0.00914477	0.00492132
345000	0.00914113	0.00484613
350000	0.0091891	0.00473402
355000	0.00920521	0.00470007
360000	0.00911473	0.00481119
365000	0.00903504	0.00487306
370000	0.00902743	0.00482691
375000	0.0089812	0.0048666
380000	0.00899445	0.00482856
385000	0.00877181	0.00477145
390000	0.00875034	0.0047969
395000	0.00873903	0.00483168
400000	0.00863883	0.00480814
405000	0.00853689	0.00471359
410000	0.00844132	0.00472077
415000	0.00833678	0.00470561
420000	0.00826726	0.00464277
425000	0.00816158	0.00456607
430000	0.00806387	0.00453633
435000	0.00794552	0.00447056
440000	0.00786972	0.00441565
445000	0.00782143	0.00433199
450000	0.00783377	0.00424588
455000	0.00780904	0.00412323
460000	0.00785598	0.00405685
465000	0.00784233	0.00397271
470000	0.0078386	0.00395192
475000	0.00775288	0.00388008
480000	0.00769402	0.0038337
485000	0.0076668	0.00376357
490000	0.00769818	0.00380522
495000	0.00762493	0.00372559
500000	0.0074334	0.00372024
505000	0.00728178	0.00375578
510000	0.00726842	0.00371742
515000	0.0071987	0.00367225
520000	0.00715528	0.0036771
525000	0.0072176	0.00373966
530000	0.00721413	0.00376889
535000	0.00723755	0.00377658
540000	0.00719821	0.00375759
545000	0.0071616	0.00371158
550000	0.00709104	0.00368829
555000	0.00696081	0.00366847
560000	0.0068609	0.00372164
565000	0.00681334	0.00372046
570000	0.00677738	0.00376122
575000	0.00677642	0.00374822
580000	0.00671072	0.00377629
585000	0.00668802	0.00376484
590000	0.00670823	0.00375489
595000	0.0067564	0.00375618
600000	0.00674939	0.00378449
605000	0.0067506	0.00378284
610000	0.00668785	0.00367801
615000	0.00662954	0.00363416
620000	0.00656016	0.00360714
625000	0.00648385	0.00356195
630000	0.00646252	0.00355465
635000	0.00638737	0.00355407
640000	0.0063116	0.00347013
645000	0.00623479	0.00340021
650000	0.00624687	0.00339392
655000	0.00625548	0.00336367
660000	0.0062616	0.00332233
665000	0.00616482	0.00329421
670000	0.00608812	0.00326461
675000	0.00601377	0.00322815
680000	0.00594076	0.00320444
685000	0.00588815	0.0031658
690000	0.00586714	0.0032045
695000	0.00582875	0.00321998
700000	0.00582982	0.00314845
705000	0.00584548	0.00309552
710000	0.00584657	0.00306313
715000	0.00584008	0.00308417
720000	0.00581639	0.00307768
725000	0.0057889	0.00309353
730000	0.00581349	0.00314163
735000	0.00580572	0.00316712
740000	0.00580079	0.00313782
745000	0.00578841	0.00313417
750000	0.00577326	0.00314105
755000	0.00576349	0.0031006
760000	0.00578717	0.00301752
765000	0.00579792	0.00300343
770000	0.00577054	0.00303242
775000	0.00569473	0.00305819
780000	0.00560672	0.00307211
785000	0.00557398	0.0030745
790000	0.00554388	0.00309534
795000	0.00553117	0.00313149
800000	0.00549596	0.00315308
805000	0.0054656	0.00312329
810000	0.00545221	0.00313246
815000	0.00540079	0.0031091
820000	0.00532087	0.00308151
825000	0.00527628	0.003032
830000	0.0052369	0.00298274
835000	0.00525208	0.00296091
840000	0.00528138	0.00297262
845000	0.00525137	0.00299744
850000	0.00526285	0.00298767
855000	0.00526284	0.00295624
860000	0.00527164	0.00294053
865000	0.00525575	0.00290437
870000	0.00523203	0.0028154
875000	0.00521612	0.00277412
880000	0.00516561	0.00271832
885000	0.00520282	0.00271733
890000	0.00522255	0.00273533
895000	0.00522664	0.00271836
900000	0.0052163	0.00269228
905000	0.00520678	0.00269335
910000	0.00514848	0.0027208
915000	0.00514334	0.00273072
920000	0.00513458	0.00272889
925000	0.00510405	0.00269933
930000	0.00511287	0.00270474
935000	0.00511583	0.00271916
940000	0.00510186	0.0027755
945000	0.00510749	0.0028156
950000	0.00511512	0.00283215
955000	0.00511645	0.00281024
960000	0.00511205	0.0027934
965000	0.00511067	0.00279419
970000	0.00509789	0.00281866
975000	0.00514632	0.00279069
980000	0.00519417	0.00274261
985000	0.0052053	0.00268663
990000	0.00516717	0.00267024
995000	0.00511004	0.00262569
1e+06	0.00509013	0.00263137
1.005e+06	0.00509459	0.00259663
1.01e+06	0.0050531	0.00256323
1.015e+06	0.00505503	0.00253507
1.02e+06	0.00504887	0.00253144
1.025e+06	0.00502534	0.00251667
1.03e+06	0.00499864	0.00250027
1.035e+06	0.00501743	0.00247966
1.04e+06	0.00500687	0.00248154
1.045e+06	0.00506309	0.00253459
1.05e+06	0.00503298	0.00255775
1.055e+06	0.00498817	0.00252174
1.06e+06	0.00497858	0.00247403
1.065e+06	0.00493083	0.00244236
1.07e+06	0.00489857	0.00238531
1.075e+06	0.00491201	0.00235767
1.08e+06	0.00491238	0.00233548
1.085e+06	0.00491831	0.00235041
1.09e+06	0.00491147	0.00238884
1.095e+06	0.00487885	0.00240701
1.1e+06	0.00485405	0.00238238
1.105e+06	0.00483938	0.00235075
1.11e+06	0.0048086	0.00233264
1.115e+06	0.00477996	0.00232391
1.12e+06	0.00473826	0.00229948
1.125e+06	0.00475425	0.00229416
1.13e+06	0.00479284	0.00228464
1.135e+06	0.0048046	0.00228128
1.14e+06	0.00481841	0.00226028
1.145e+06	0.00481281	0.00225623
1.15e+06	0.00479372	0.00223754
1.155e+06	0.00479787	0.00224088
1.16e+06	0.00480114	0.00227147
1.165e+06	0.00480291	0.00228841
1.17e+06	0.0047749	0.002306
1.175e+06	0.00476592	0.00230648
1.18e+06	0.00473635	0.00232384
1.185e+06	0.00469568	0.0022994
1.19e+06	0.004658	0.00227817
1.195e+06	0.00462306	0.00226675
1.2e+06	0.00459308	0.00224665
1.205e+06	0.00456312	0.00223492
1.21e+06	0.0045724	0.00225747
1.215e+06	0.00458212	0.0022456
1.22e+06	0.0045455	0.00222982
1.225e+06	0.00449183	0.00221773
1.23e+06	0.00446903	0.00218706
1.235e+06	0.00443143	0.00220533
1.24e+06	0.00441336	0.0022049
1.245e+06	0.00441248	0.002177
1.25e+06	0.0044149	0.00216145
1.255e+06	0.00440251	0.00214431
1.26e+06	0.00438071	0.00212637
1.265e+06	0.00435333	0.00209986
1.27e+06	0.00433486	0.00208173
1.275e+06	0.00431284	0.00208005
1.28e+06	0.00425257	0.00206909
1.285e+06	0.00424182	0.00205665
1.29e+06	0.00420226	0.00203833
1.295e+06	0.00415581	0.00200349
1.3e+06	0.00411462	0.00196836
1.305e+06	0.00407867	0.00194421
1.31e+06	0.00409431	0.00197548
1.315e+06	0.00411577	0.0019857
1.32e+06	0.00410846	0.00202379
1.325e+06	0.0040918	0.00204268
1.33e+06	0.00410074	0.00205179
1.335e+06	0.00408308	0.00203792
1.34e+06	0.00405242	0.0020159
1.345e+06	0.00403437	0.00199889
1.35e+06	0.00403903	0.00196817
1.355e+06	0.00403358	0.00196983
1.36e+06	0.00400937	0.00195962
1.365e+06	0.00402449	0.00195792
1.37e+06	0.00400949	0.00195397
1.375e+06	0.00397526	0.00195824
1.38e+06	0.00396636	0.00199009
1.385e+06	0.00395475	0.00197964
1.39e+06	0.00393509	0.00197015
1.395e+06	0.00391561	0.00196574
1.4e+06	0.0039205	0.00195423
1.405e+06	0.00389286	0.00196809
1.41e+06	0.00389619	0.0019727
1.415e+06	0.00390485	0.00194064
1.42e+06	0.00392627	0.00191731
1.425e+06	0.00395479	0.00191859
1.43e+06	0.00395123	0.00191703
1.435e+06	0.00392061	0.00191083
1.44e+06	0.00391764	0.0018882
1.445e+06	0.00389933	0.00187051
1.45e+06	0.00388764	0.00184575
1.455e+06	0.00385937	0.00184455
1.46e+06	0.00384315	0.0018565
1.465e+06	0.00381683	0.00184154
1.47e+06	0.00378877	0.00182456
1.475e+06	0.00378304	0.0018247
1.48e+06	0.00378836	0.00181956
1.485e+06	0.00375905	0.00180239
1.49e+06	0.00373419	0.00177716
1.495e+06	0.00371694	0.0017549
1.5e+06	0.00371003	0.00172763
1.505e+06	0.00368174	0.0016947
1.51e+06	0.00367952	0.00169454
1.515e+06	0.00366131	0.00168051
1.52e+06	0.00363698	0.00164322
1.525e+06	0.00362827	0.00164317
1.53e+06	0.00362829	0.00162059
1.535e+06	0.00360739	0.0015851
1.54e+06	0.00359212	0.00155181
1.545e+06	0.00358166	0.00154224
1.55e+06	0.00357631	0.00154657
1.555e+06	0.00356508	0.00157132
1.56e+06	0.0035708	0.00156216
1.565e+06	0.00356272	0.00156066
1.57e+06	0.00355415	0.00157301
1.575e+06	0.00355526	0.00158689
1.58e+06	0.0035325	0.00159347
1.585e+06	0.0035174	0.00158649
1.59e+06	0.00351852	0.00162282
1.595e+06	0.00351947	0.00160492
1.6e+06	0.003513	0.00159035
1.605e+06	0.00350135	0.00157024
1.61e+06	0.00348894	0.00156759
1.615e+06	0.00348112	0.00156821
1.62e+06	0.00347972	0.00158357
1.625e+06	0.00348687	0.00161087
1.63e+06	0.00348822	0.00161922
1.635e+06	0.00346658	0.00159999
1.64e+06	0.00345675	0.00158668
1.645e+06	0.00346344	0.00162106
1.65e+06	0.00344023	0.00161899
1.655e+06	0.00342764	0.00160658
1.66e+06	0.00342394	0.00160748
1.665e+06	0.0033991	0.00156824
1.67e+06	0.00337293	0.00154409
1.675e+06	0.00334654	0.00150721
1.68e+06	0.00333208	0.00153172
1.685e+06	0.00332167	0.00155272
1.69e+06	0.003297	0.00156523
1.695e+06	0.00331293	0.00158012
1.7e+06	0.00334699	0.00160427
1.705e+06	0.00335326	0.00162108
1.71e+06	0.00335381	0.0016159
1.715e+06	0.0033376	0.00159106
1.72e+06	0.00333663	0.00159611
1.725e+06	0.00333808	0.00162594
1.73e+06	0.00334826	0.0016306
1.735e+06	0.00335098	0.00163359
1.74e+06	0.00335862	0.00161624
1.745e+06	0.00336789	0.00159127
1.75e+06	0.00337848	0.00155257
1.755e+06	0.0033666	0.00154812
1.76e+06	0.00337757	0.00155307
1.765e+06	0.0033773	0.00157047
1.77e+06	0.0033855	0.00155408
1.775e+06	0.00338201	0.00152818
1.78e+06	0.00338801	0.00150592
1.785e+06	0.00338341	0.00149813
1.79e+06	0.00336912	0.00150801
1.795e+06	0.00336459	0.0014991
1.8e+06	0.00336242	0.00148566
1.805e+06	0.00335148	0.00147418
1.81e+06	0.00333001	0.00145471
1.815e+06	0.00332818	0.00141636
1.82e+06	0.00331039	0.00140012
1.825e+06	0.00329772	0.00137371
1.83e+06	0.00329047	0.001362
1.835e+06	0.00328281	0.0013656
1.84e+06	0.0033113	0.00137384
1.845e+06	0.00332401	0.00139112
1.85e+06	0.00333396	0.00139657
1.855e+06	0.00334698	0.00137668
1.86e+06	0.00332471	0.00135161
1.865e+06	0.00331261	0.00136292
1.87e+06	0.00329493	0.00134774
1.875e+06	0.00327906	0.00133401
1.88e+06	0.00325912	0.00131026
1.885e+06	0.00324794	0.00130589
1.89e+06	0.00322719	0.00131964
1.895e+06	0.0032057	0.00130308
1.9e+06	0.00317314	0.00126935
1.905e+06	0.00315612	0.0012494
1.91e+06	0.00315227	0.00124122
1.915e+06	0.00313609	0.00122854
1.92e+06	0.00312508	0.00122081
1.925e+06	0.00312132	0.00121375
1.93e+06	0.00311688	0.0012336
1.935e+06	0.00310151	0.00123572
1.94e+06	0.00310241	0.00124807
1.945e+06	0.00309237	0.00123487
1.95e+06	0.00308169	0.00121647
1.955e+06	0.00309089	0.00122675
1.96e+06	0.00309072	0.00124761
1.965e+06	0.00308615	0.00122961
1.97e+06	0.00306815	0.00123577
1.975e+06	0.00306628	0.00122351
1.98e+06	0.00305189	0.00121058
1.985e+06	0.00306259	0.0012181
1.99e+06	0.00304663	0.00122482
1.995e+06	0.00303132	0.00122213
2e+06	0.00302517	0.00121982
2.005e+06	0.00303647	0.00122201
2.01e+06	0.00303599	0.00122986
2.015e+06	0.00302883	0.00121528
2.02e+06	0.00300976	0.00119609
2.025e+06	0.00298224	0.00117869
2.03e+06	0.00296471	0.00116675
2.035e+06	0.00294473	0.00115579
2.04e+06	0.00292833	0.00117637
2.045e+06	0.00290693	0.00119572
2.05e+06	0.00291554	0.00118867
2.055e+06	0.00292885	0.00119175
2.06e+06	0.00292529	0.00119956
2.065e+06	0.00293155	0.00120361
2.07e+06	0.00294441	0.00122296
2.075e+06	0.00295169	0.00123336
2.08e+06	0.00294484	0.00123609
2.085e+06	0.00294416	0.00124236
2.09e+06	0.00295299	0.00125568
2.095e+06	0.00297007	0.00127432
2.1e+06	0.00296631	0.00128728
2.105e+06	0.00296569	0.00129084
2.11e+06	0.00295264	0.00129287
2.115e+06	0.00293939	0.00129179
2.12e+06	0.00292365	0.0013097
2.125e+06	0.00293623	0.00129514
2.13e+06	0.00292974	0.00129546
2.135e+06	0.00291795	0.00129167
2.14e+06	0.00290307	0.00129624
2.145e+06	0.00289516	0.00131262
2.15e+06	0.00288723	0.00131434
2.155e+06	0.00289923	0.00133439
2.16e+06	0.00290092	0.00133243
2.165e+06	0.00288058	0.00132472
2.17e+06	0.00286649	0.00129957
2.175e+06	0.00285226	0.00127504
2.18e+06	0.00286706	0.00125543
2.185e+06	0.00285845	0.00126168
2.19e+06	0.00284932	0.00127504
2.195e+06	0.00285739	0.00130195
2.2e+06	0.00285694	0.00131342
2.205e+06	0.0028557	0.00132338
2.21e+06	0.00283994	0.00131319
2.215e+06	0.00282877	0.00129958
2.22e+06	0.00281689	0.00129041
2.225e+06	0.00281563	0.00129886
2.23e+06	0.00281164	0.00131043
2.235e+06	0.00279165	0.00129075
2.24e+06	0.00279058	0.00128956
2.245e+06	0.00277669	0.00127842
2.25e+06	0.00276606	0.00128193
2.255e+06	0.0027704	0.00129424
2.26e+06	0.00276782	0.00130478
2.265e+06	0.00278395	0.00131814
2.27e+06	0.00278586	0.00130203
2.275e+06	0.00279937	0.00130655
2.28e+06	0.00276823	0.00129058
2.285e+06	0.00275064	0.00127218
2.29e+06	0.00275647	0.00128402
2.295e+06	0.00276188	0.00129246
2.3e+06	0.00276275	0.00129478
2.305e+06	0.00275847	0.00130685
2.31e+06	0.00276875	0.00130611
2.315e+06	0.00277625	0.00130955
2.32e+06	0.00277353	0.00130956
2.325e+06	0.00279403	0.00130692
2.33e+06	0.00280005	0.00130711
2.335e+06	0.00281673	0.00132465
2.34e+06	0.00280463	0.00133881
2.345e+06	0.00279947	0.00135211
2.35e+06	0.0027856	0.00135734
2.355e+06	0.00276664	0.00136237
2.36e+06	0.00275937	0.00136454
2.365e+06	0.00275694	0.00137414
2.37e+06	0.00276436	0.00136643
2.375e+06	0.00277574	0.00137229
2.38e+06	0.00279276	0.00138857
2.385e+06	0.00280429	0.00138504
2.39e+06	0.00280296	0.00136885
2.395e+06	0.00282518	0.00136303
2.4e+06	0.00283454	0.00136771
2.405e+06	0.00285267	0.00137533
2.41e+06	0.00285011	0.00139058
2.415e+06	0.0028456	0.00138616
2.42e+06	0.00283952	0.00137338
2.425e+06	0.00282645	0.00136752
2.43e+06	0.00283771	0.00135774
2.435e+06	0.00284194	0.00135284
2.44e+06	0.00282493	0.00135745
2.445e+06	0.00281343	0.00137365
2.45e+06	0.00281796	0.00138306
2.455e+06	0.00281217	0.00137973
2.46e+06	0.00279711	0.00138934
2.465e+06	0.00279603	0.00137501
2.47e+06	0.00278539	0.00136456
2.475e+06	0.00276677	0.00136009
2.48e+06	0.00276564	0.0013808
2.485e+06	0.00277252	0.00139675
2.49e+06	0.00277894	0.0013993
2.495e+06	0.00278803	0.0013822
2.5e+06	0.00279962	0.00136221
2.505e+06	0.002805	0.00137798
2.51e+06	0.00279191	0.00135875
2.515e+06	0.00277972	0.00136244
2.52e+06	0.00276736	0.00137838
2.525e+06	0.00277282	0.00136943
2.53e+06	0.00276513	0.00135293
2.535e+06	0.00276781	0.00135774
2.54e+06	0.00278267	0.00135716
2.545e+06	0.00277927	0.00138516
2.55e+06	0.00279513	0.00138337
2.555e+06	0.0028163	0.00139572
2.56e+06	0.00282059	0.00140722
2.565e+06	0.0028065	0.00141328
2.57e+06	0.00279524	0.00140908
2.575e+06	0.00278476	0.00139525
2.58e+06	0.0027717	0.00137922
2.585e+06	0.00277373	0.00138735
2.59e+06	0.00277047	0.00137654
2.595e+06	0.00276542	0.00136539
2.6e+06	0.00278211	0.00136238
2.605e+06	0.00278838	0.00137234
2.61e+06	0.00278535	0.00137467
2.615e+06	0.00278393	0.00139523
2.62e+06	0.00277955	0.00140658
2.625e+06	0.00278347	0.00139962
2.63e+06	0.00278803	0.00138875
2.635e+06	0.00278463	0.00138546
2.64e+06	0.00277223	0.0013755
2.645e+06	0.00277929	0.00138148
2.65e+06	0.00276755	0.00138084
2.655e+06	0.00275951	0.00137958
2.66e+06	0.00274714	0.00138831
2.665e+06	0.00275526	0.00140191
2.67e+06	0.0027671	0.00140654
2.675e+06	0.002766	0.00141163
2.68e+06	0.00275955	0.00141703
2.685e+06	0.00274372	0.00139497
2.69e+06	0.00273468	0.00136895
2.695e+06	0.00273132	0.00135698
2.7e+06	0.00272641	0.00134344
2.705e+06	0.00272843	0.00132313
2.71e+06	0.00273153	0.00131607
2.715e+06	0.00273283	0.00132283
2.72e+06	0.00274619	0.00132979
2.725e+06	0.00274116	0.00133117
2.73e+06	0.00274332	0.00133045
2.735e+06	0.00274348	0.0013305
2.74e+06	0.00274523	0.00132973
2.745e+06	0.00272683	0.00134295
2.75e+06	0.00272347	0.00133841
2.755e+06	0.00271731	0.00133625
2.76e+06	0.00272103	0.00134708
2.765e+06	0.00271691	0.0013476
2.77e+06	0.00271917	0.00134879
2.775e+06	0.00273158	0.00134802
2.78e+06	0.00272618	0.00134386
2.785e+06	0.00272817	0.00134044
2.79e+06	0.00272592	0.00135984
2.795e+06	0.00271978	0.00135971
2.8e+06	0.00269192	0.00135589
2.805e+06	0.00268405	0.00135031
2.81e+06	0.00266202	0.00133949
2.815e+06	0.00265621	0.00134361
2.82e+06	0.00266378	0.00134632
2.825e+06	0.00267464	0.00133456
2.83e+06	0.00268649	0.00133725
2.835e+06	0.00268404	0.00134033
2.84e+06	0.00268582	0.00133741
2.845e+06	0.00266971	0.00134203
2.85e+06	0.00265319	0.00132954
2.855e+06	0.00265602	0.00132835
2.86e+06	0.00265687	0.00130537
2.865e+06	0.00265372	0.00129179
2.87e+06	0.00265207	0.0012896
2.875e+06	0.00265143	0.00128437
2.88e+06	0.00265533	0.00125734
2.885e+06	0.00265439	0.00123598
2.89e+06	0.00265518	0.00121879
2.895e+06	0.00263661	0.00119821
2.9e+06	0.0026437	0.00120286
2.905e+06	0.00264689	0.00119921
2.91e+06	0.00263728	0.00120171
2.915e+06	0.0026366	0.00120787
2.92e+06	0.00262603	0.00119296
2.925e+06	0.00263417	0.00118185
2.93e+06	0.00264371	0.00117486
2.935e+06	0.00264352	0.00118165
2.94e+06	0.0026372	0.00117081
2.945e+06	0.00263496	0.00116141
2.95e+06	0.00261109	0.00115306
2.955e+06	0.00259786	0.00115118
2.96e+06	0.00258657	0.00113956
2.965e+06	0.00260034	0.00113278
2.97e+06	0.00260593	0.0011295
2.975e+06	0.00260249	0.0011211
2.98e+06	0.00259216	0.00111764
2.985e+06	0.00259146	0.00111536
2.99e+06	0.00260165	0.00112444
2.995e+06	0.00260796	0.00110713
3e+06	0.00260279	0.0010876
3.005e+06	0.00259362	0.00107775
3.01e+06	0.0025859	0.00108561
3.015e+06	0.00258191	0.00107297
3.02e+06	0.00257532	0.00106207
3.025e+06	0.002563	0.0010606
3.03e+06	0.00255079	0.00105735
3.035e+06	0.00254151	0.00104993
3.04e+06	0.00253132	0.00105419
3.045e+06	0.00252133	0.00105224
3.05e+06	0.00251502	0.00106196
3.055e+06	0.00251656	0.00106757
3.06e+06	0.00251217	0.00107491
3.065e+06	0.00249438	0.00107502
3.07e+06	0.00249015	0.00107394
3.075e+06	0.00248221	0.00106805
3.08e+06	0.00249685	0.0010817
3.085e+06	0.00250316	0.00107476
3.09e+06	0.00250594	0.0010725
3.095e+06	0.00251094	0.00107109
3.1e+06	0.00251835	0.00106826
3.105e+06	0.00252226	0.00104951
3.11e+06	0.00251693	0.00104782
3.115e+06	0.00251753	0.00105232
3.12e+06	0.00251244	0.00105433
3.125e+06	0.00251196	0.00105689
3.13e+06	0.00251199	0.001072
3.135e+06	0.00251527	0.00107824
3.14e+06	0.00251514	0.00109297
3.145e+06	0.00250598	0.00110568
3.15e+06	0.0024967	0.00111937
3.155e+06	0.00250232	0.00111748
3.16e+06	0.0024916	0.00110759
3.165e+06	0.00247992	0.00108452
3.17e+06	0.00247993	0.00108108
3.175e+06	0.00246697	0.00107549
3.18e+06	0.00245077	0.00106934
3.185e+06	0.00244589	0.00106493
3.19e+06	0.00244515	0.00106591
3.195e+06	0.00244131	0.00106227
3.2e+06	0.00244602	0.00105967
3.205e+06	0.00244995	0.00106995
3.21e+06	0.00245621	0.00107096
3.215e+06	0.00246351	0.00107656
3.22e+06	0.00246119	0.00108043
3.225e+06	0.00245923	0.0010973
3.23e+06	0.00247592	0.00110495
3.235e+06	0.00248264	0.0011252
3.24e+06	0.00248019	0.00112902
3.245e+06	0.00246999	0.001121
3.25e+06	0.00246402	0.00112712
3.255e+06	0.00245796	0.00113213
3.26e+06	0.00243852	0.00113708
3.265e+06	0.00242463	0.00112387
3.27e+06	0.00241431	0.00112592
3.275e+06	0.00241197	0.00113024
3.28e+06	0.00241633	0.00113119
3.285e+06	0.00242751	0.00113676
3.29e+06	0.0024322	0.00111722
3.295e+06	0.00243628	0.00111787
3.3e+06	0.00241892	0.00111984
3.305e+06	0.00240082	0.00111248
3.31e+06	0.0023863	0.0011101
3.315e+06	0.00238516	0.00110502
3.32e+06	0.00237748	0.00109215
3.325e+06	0.00236768	0.00109074
3.33e+06	0.00237131	0.00110392
3.335e+06	0.00239018	0.0011218
3.34e+06	0.00238861	0.00110207
3.345e+06	0.00238898	0.00111122
3.35e+06	0.00239579	0.00111896
3.355e+06	0.00239779	0.00111723
3.36e+06	0.0024113	0.00112352
3.365e+06	0.00241644	0.00113409
3.37e+06	0.00240536	0.00112695
3.375e+06	0.00239656	0.00112993
3.38e+06	0.00239126	0.0011326
3.385e+06	0.00239158	0.00112449
3.39e+06	0.0023872	0.00112541
3.395e+06	0.00237759	0.00112785
3.4e+06	0.00236239	0.00112024
3.405e+06	0.00235166	0.00112109
3.41e+06	0.00234362	0.00111354
3.415e+06	0.00233854	0.00110786
3.42e+06	0.00234433	0.00109349
3.425e+06	0.0023492	0.00108338
3.43e+06	0.00233781	0.0010815
3.435e+06	0.00233717	0.00107614
3.44e+06	0.00233177	0.0010722
3.445e+06	0.00232885	0.0010768
3.45e+06	0.00232937	0.00107122
3.455e+06	0.00231512	0.0010583
3.46e+06	0.00230976	0.0010449
3.465e+06	0.00231447	0.00105001
3.47e+06	0.00231164	0.00106524
3.475e+06	0.00231233	0.00107985
3.48e+06	0.00231309	0.00108556
3.485e+06	0.0023183	0.00108502
3.49e+06	0.00231487	0.00109189
3.495e+06	0.00231417	0.00108759
3.5e+06	0.00230269	0.00108411
3.505e+06	0.00229528	0.00107423
3.51e+06	0.00230338	0.00107147
3.515e+06	0.00230525	0.00107601
3.52e+06	0.00230645	0.00108189
3.525e+06	0.00231245	0.0010819
3.53e+06	0.00232049	0.00108385
3.535e+06	0.00232629	0.00108495
3.54e+06	0.00233144	0.0010725
3.545e+06	0.00231054	0.00104727
3.55e+06	0.00230234	0.0010278
3.555e+06	0.00230551	0.00101528
3.56e+06	0.0023149	0.00101321
3.565e+06	0.00232534	0.0010148
3.57e+06	0.00233542	0.00100574
3.575e+06	0.00233039	0.000999887
3.58e+06	0.00231223	0.000994416
3.585e+06	0.00229515	0.000993493
3.59e+06	0.00229178	0.000988745
3.595e+06	0.00230365	0.000988458
3.6e+06	0.00230897	0.000985759
3.605e+06	0.00231536	0.000983347
3.61e+06	0.00231664	0.000991226
3.615e+06	0.00231914	0.00100103
3.62e+06	0.0023149	0.00100083
3.625e+06	0.00230851	0.00101255
3.63e+06	0.00230321	0.00102228
3.635e+06	0.00229639	0.00101834
3.64e+06	0.00230134	0.0010144
3.645e+06	0.00229783	0.00100921
3.65e+06	0.00229254	0.00100872
3.655e+06	0.00228225	0.00101382
3.66e+06	0.00228737	0.00101357
3.665e+06	0.00228784	0.00100752
3.67e+06	0.00228618	0.00100343
3.675e+06	0.00229301	0.000998429
3.68e+06	0.00229161	0.000991387
3.685e+06	0.00229239	0.000996391
3.69e+06	0.00229055	0.000989783
3.695e+06	0.0022811	0.000988417
3.7e+06	0.00228222	0.000994008
3.705e+06	0.0022779	0.00100093
3.71e+06	0.00227464	0.00101453
3.715e+06	0.00228489	0.00103735
3.72e+06	0.00228904	0.00105838
3.725e+06	0.0022873	0.00107918
3.73e+06	0.00229375	0.00108775
3.735e+06	0.00230527	0.00109422
3.74e+06	0.00230593	0.00109733
3.745e+06	0.00230062	0.00110018
3.75e+06	0.00229643	0.00110643
3.755e+06	0.00229176	0.00110969
3.76e+06	0.00229568	0.00110521
3.765e+06	0.00230907	0.00110704
3.77e+06	0.00231121	0.00111073
3.775e+06	0.00231267	0.0011191
3.78e+06	0.00231375	0.00112267
3.785e+06	0.00230804	0.00113422
3.79e+06	0.00230967	0.00114597
3.795e+06	0.00230919	0.00114215
3.8e+06	0.0023075	0.0011382
3.805e+06	0.00229323	0.00113435
3.81e+06	0.00228012	0.001136
3.815e+06	0.00228374	0.00113236
3.82e+06	0.00228064	0.0011345
3.825e+06	0.0022777	0.00114037
3.83e+06	0.0022824	0.00113844
3.835e+06	0.00228286	0.00112267
3.84e+06	0.00227778	0.00111708
3.845e+06	0.00227371	0.00111604
3.85e+06	0.00226872	0.00110775
3.855e+06	0.00226795	0.00111006
3.86e+06	0.0022745	0.00111362
3.865e+06	0.00227273	0.00110481
3.87e+06	0.00226306	0.0011087
3.875e+06	0.00225528	0.00110947
3.88e+06	0.00224593	0.00110434
3.885e+06	0.002235	0.00109995
3.89e+06	0.00223241	0.00110089
3.895e+06	0.00222678	0.00109493
3.9e+06	0.00221752	0.00109817
3.905e+06	0.00220465	0.00107916
3.91e+06	0.00220308	0.00106934
3.915e+06	0.00221268	0.00106223
3.92e+06	0.00220135	0.0010695
3.925e+06	0.0022015	0.00106905
3.93e+06	0.00219202	0.00107382
3.935e+06	0.00219006	0.00106921
3.94e+06	0.00218492	0.0010625
3.945e+06	0.00218229	0.00105443
3.95e+06	0.00218819	0.00104496
3.955e+06	0.00218054	0.00103649
3.96e+06	0.00218434	0.00103111
3.965e+06	0.0021948	0.00102354
3.97e+06	0.00220888	0.00102258
3.975e+06	0.00222123	0.00101522
3.98e+06	0.00222073	0.00101269
3.985e+06	0.00221226	0.00101273
3.99e+06	0.0022095	0.00101047
3.995e+06	0.00220346	0.00100781
4e+06	0.00220943	0.00100279
4.005e+06	0.002205	0.00100674
4.01e+06	0.0022117	0.00101797
4.015e+06	0.00220978	0.0010189
4.02e+06	0.00220367	0.00102342
4.025e+06	0.00220049	0.00101862
4.03e+06	0.00218406	0.00100595
4.035e+06	0.00217101	0.000997806
4.04e+06	0.00216888	0.000995423
4.045e+06	0.00217117	0.000998763
4.05e+06	0.00217268	0.00100291
4.055e+06	0.00217642	0.00101314
4.06e+06	0.00219467	0.0010214
4.065e+06	0.00220208	0.00102371
4.07e+06	0.00220324	0.0010207
4.075e+06	0.00219128	0.00101063
4.08e+06	0.00218659	0.000990893
4.085e+06	0.00218279	0.000981925
4.09e+06	0.00218347	0.000998197
4.095e+06	0.00217792	0.00100469
4.1e+06	0.00218176	0.00101229
4.105e+06	0.00218298	0.00102103
4.11e+06	0.002196	0.0010176
4.115e+06	0.00220376	0.00101768
4.12e+06	0.00221442	0.00102909
4.125e+06	0.00221274	0.00104258
4.13e+06	0.00221641	0.00104367
4.135e+06	0.00222576	0.0010411
4.14e+06	0.00222467	0.00103557
4.145e+06	0.00222027	0.00103328
4.15e+06	0.00221641	0.00104058
4.155e+06	0.00221746	0.00104008
4.16e+06	0.00220417	0.00102983
4.165e+06	0.00220014	0.00101876
4.17e+06	0.00219409	0.00102029
4.175e+06	0.00218864	0.00101584
4.18e+06	0.00218695	0.00100481
4.185e+06	0.00218015	0.00100403
4.19e+06	0.00217235	0.000997592
4.195e+06	0.0021664	0.000994369
4.2e+06	0.00215661	0.00099107
4.205e+06	0.00215019	0.000982586
4.21e+06	0.00214258	0.000983168
4.215e+06	0.00214177	0.000997037
4.22e+06	0.00214132	0.000995112
4.225e+06	0.0021492	0.000991286
4.23e+06	0.00214696	0.000988462
4.235e+06	0.00213896	0.000994541
4.24e+06	0.00213422	0.000986465
4.245e+06	0.00212972	0.000977228
4.25e+06	0.0021255	0.000976708
4.255e+06	0.0021239	0.000975701
4.26e+06	0.0021301	0.000978403
4.265e+06	0.00213459	0.000981034
4.27e+06	0.00214113	0.000987665
4.275e+06	0.00214103	0.000983609
4.28e+06	0.00213583	0.000974011
4.285e+06	0.00213158	0.000966231
4.29e+06	0.00214276	0.000966545
4.295e+06	0.00215028	0.000957738
4.3e+06	0.00215065	0.000947091
4.305e+06	0.00214811	0.000944951
4.31e+06	0.00215294	0.000938307
4.315e+06	0.00214916	0.000930764
4.32e+06	0.0021484	0.000932985
4.325e+06	0.00214369	0.000936891
4.33e+06	0.00214041	0.000946721
4.335e+06	0.00214653	0.000952048
4.34e+06	0.00215588	0.000950478
4.345e+06	0.0021502	0.000949958
4.35e+06	0.00215113	0.00094756
4.355e+06	0.00215168	0.000951423
4.36e+06	0.00215083	0.000952309
4.365e+06	0.00214506	0.000944099
4.37e+06	0.00214715	0.000947774
4.375e+06	0.00215406	0.000958986
4.38e+06	0.0021459	0.000970817
4.385e+06	0.00213793	0.000965566
4.39e+06	0.00213861	0.000969203
4.395e+06	0.00214706	0.000968182
4.4e+06	0.002153	0.000971006
4.405e+06	0.00215667	0.000969422
4.41e+06	0.00216132	0.000980592
4.415e+06	0.00215995	0.000981131
4.42e+06	0.00216252	0.00098851
4.425e+06	0.00216069	0.000985768
4.43e+06	0.00215774	0.000981497
4.435e+06	0.00215441	0.000971654
4.44e+06	0.00215955	0.000978961
4.445e+06	0.0021611	0.000966133
4.45e+06	0.00216205	0.000961277
4.455e+06	0.00215719	0.000960444
4.46e+06	0.00214986	0.000962067
4.465e+06	0.00214683	0.000965311
4.47e+06	0.00215119	0.000968468
4.475e+06	0.00215438	0.000964775
4.48e+06	0.00215133	0.00096551
4.485e+06	0.00214017	0.000960648
4.49e+06	0.00213197	0.000960821
4.495e+06	0.00212999	0.000965397
4.5e+06	0.00211889	0.00096895
4.505e+06	0.00211273	0.000969765
4.51e+06	0.00210783	0.000970907
4.515e+06	0.00210034	0.000965236
4.52e+06	0.00209743	0.000964355
4.525e+06	0.0020988	0.000964031
4.53e+06	0.00209529	0.000966586
4.535e+06	0.00210296	0.000967086
4.54e+06	0.00210766	0.000976428
4.545e+06	0.00210438	0.000985665
4.55e+06	0.00209432	0.000983418
4.555e+06	0.00208976	0.000975527
4.56e+06	0.00210135	0.000970203
4.565e+06	0.00210798	0.000969013
4.57e+06	0.00211045	0.000969097
4.575e+06	0.00210973	0.000967771
4.58e+06	0.00210771	0.000975502
4.585e+06	0.00210643	0.000980603
4.59e+06	0.00210971	0.000976723
4.595e+06	0.00211531	0.000985816
4.6e+06	0.0021103	0.000991483
4.605e+06	0.00211099	0.000990763
4.61e+06	0.00210472	0.000980102
4.615e+06	0.00210042	0.000978819
4.62e+06	0.00209959	0.000977841
4.625e+06	0.00209746	0.000972872
4.63e+06	0.00208765	0.000969235
4.635e+06	0.0020873	0.000970498
4.64e+06	0.00209217	0.000968311
4.645e+06	0.00209216	0.000959559
4.65e+06	0.00210155	0.000962511
4.655e+06	0.00210258	0.000971105
4.66e+06	0.00210294	0.000973235
4.665e+06	0.00209685	0.000974178
4.67e+06	0.00209919	0.000968769
4.675e+06	0.00210474	0.000964339
4.68e+06	0.00211459	0.000965862
4.685e+06	0.00211386	0.000967881
4.69e+06	0.00210642	0.000970367
4.695e+06	0.00209395	0.00096969
4.7e+06	0.00208319	0.000973425
4.705e+06	0.00207431	0.000973863
4.71e+06	0.00207466	0.000971038
4.715e+06	0.00207153	0.000958415
4.72e+06	0.00207161	0.000956707
4.725e+06	0.00207971	0.000951098
4.73e+06	0.00208926	0.000949839
4.735e+06	0.002095	0.000947409
4.74e+06	0.00209856	0.000942922
4.745e+06	0.00209229	0.000938638
4.75e+06	0.00207954	0.000931916
4.755e+06	0.00207176	0.00092994
4.76e+06	0.0020682	0.000922202
4.765e+06	0.00206069	0.000923351
4.77e+06	0.00205412	0.000927384
4.775e+06	0.00206117	0.000923128
4.78e+06	0.00206665	0.000915116
4.785e+06	0.00206343	0.000915011
4.79e+06	0.00205123	0.000927711
4.795e+06	0.0020507	0.000934239
4.8e+06	0.00204598	0.000932231
4.805e+06	0.00204347	0.000925337
4.81e+06	0.00204451	0.000932617
4.815e+06	0.00203987	0.000940998
4.82e+06	0.00203557	0.00093966
4.825e+06	0.00203522	0.000928065
4.83e+06	0.00203004	0.000915574
4.835e+06	0.002031	0.00092231
4.84e+06	0.0020362	0.000917762
4.845e+06	0.00203469	0.000920831
4.85e+06	0.00202868	0.000917275
4.855e+06	0.00203531	0.000910394
4.86e+06	0.00202945	0.000911365
4.865e+06	0.00202672	0.000905406
4.87e+06	0.00202943	0.000901288
4.875e+06	0.00202333	0.000900114
4.88e+06	0.00202909	0.000901206
4.885e+06	0.0020329	0.000907452
4.89e+06	0.00203361	0.000913684
4.895e+06	0.0020308	0.000913747
4.9e+06	0.00202401	0.000916778
4.905e+06	0.00202473	0.000921634
4.91e+06	0.00202558	0.00092581
4.915e+06	0.00201906	0.000926946
4.92e+06	0.00201708	0.00093018
4.925e+06	0.00201366	0.000929742
4.93e+06	0.00200817	0.000935069
4.935e+06	0.0019986	0.000935145
4.94e+06	0.00199752	0.000940059
4.945e+06	0.00199193	0.000940234
4.95e+06	0.0019987	0.000934136
4.955e+06	0.00200069	0.000926516
4.96e+06	0.00199738	0.000915411
4.965e+06	0.00199427	0.000919167
4.97e+06	0.00199033	0.000926444
4.975e+06	0.00198287	0.000925461
4.98e+06	0.00197208	0.000921016
4.985e+06	0.00196785	0.000925199
4.99e+06	0.00196213	0.000929158
4.995e+06	0.00196205	0.000928228
5e+06	0.00196564	0.000923683
5.005e+06	0.00196219	0.000915098
5.01e+06	0.00196289	0.000918772
5.015e+06	0.0019701	0.000919123
5.02e+06	0.00196862	0.000917378
5.025e+06	0.00196787	0.000918792
5.03e+06	0.00196805	0.000920456
5.035e+06	0.001969	0.000925472
5.04e+06	0.00196696	0.000928197
5.045e+06	0.00196426	0.000926654
5.05e+06	0.00196322	0.000924712
5.055e+06	0.00196106	0.000923505
5.06e+06	0.00195483	0.000921203
5.065e+06	0.00194573	0.000922278
5.07e+06	0.00193524	0.000922935
5.075e+06	0.00193047	0.000922728
5.08e+06	0.0019276	0.000922015
5.085e+06	0.00192373	0.000920241
5.09e+06	0.00191821	0.000923185
5.095e+06	0.00192074	0.000929279
5.1e+06	0.00192275	0.000929091
5.105e+06	0.00191842	0.000926627
5.11e+06	0.00191516	0.000930605
5.115e+06	0.00191154	0.000933383
5.12e+06	0.00190815	0.000939368
5.125e+06	0.0019069	0.000939726
5.13e+06	0.00190085	0.000937368
5.135e+06	0.00189777	0.000934325
5.14e+06	0.00189309	0.000932164
5.145e+06	0.00189001	0.000925072
5.15e+06	0.0018909	0.000928404
5.155e+06	0.00189003	0.000931495
5.16e+06	0.00188369	0.000925592
5.165e+06	0.0018852	0.000922235
5.17e+06	0.00189208	0.000934807
5.175e+06	0.00189757	0.000939695
5.18e+06	0.0018928	0.000944311
5.185e+06	0.0018857	0.000932388
5.19e+06	0.00188623	0.00094199
5.195e+06	0.00188656	0.000945079
5.2e+06	0.0018815	0.000944087
5.205e+06	0.00187486	0.000938885
5.21e+06	0.00187521	0.000946118
5.215e+06	0.00187549	0.000947565
5.22e+06	0.00187859	0.000946032
5.225e+06	0.00187524	0.000942275
5.23e+06	0.00187291	0.000941993
5.235e+06	0.00187108	0.000940187
5.24e+06	0.00186778	0.000943349
5.245e+06	0.00186535	0.000947254
5.25e+06	0.0018681	0.000941062
5.255e+06	0.0018685	0.000940069
5.26e+06	0.00187235	0.000945033
5.265e+06	0.00186627	0.000945763
5.27e+06	0.00186184	0.000941912
5.275e+06	0.00186536	0.000936047
5.28e+06	0.0018746	0.00093592
5.285e+06	0.00187821	0.000937277
5.29e+06	0.00188133	0.000933941
5.295e+06	0.00188056	0.000934326
5.3e+06	0.00187979	0.000935027
5.305e+06	0.00187441	0.000932831
5.31e+06	0.00187027	0.000927656
5.315e+06	0.00186749	0.000928571
5.32e+06	0.00186446	0.000929545
5.325e+06	0.00185358	0.000936793
5.33e+06	0.00185085	0.000939404
5.335e+06	0.00184501	0.000940646
5.34e+06	0.00185024	0.000939087
5.345e+06	0.00186487	0.00094715
5.35e+06	0.0018681	0.000943628
5.355e+06	0.00186895	0.000933265
5.36e+06	0.0018752	0.000913815
5.365e+06	0.00188104	0.000907366
5.37e+06	0.00188289	0.000896239
5.375e+06	0.00188198	0.000893284
5.38e+06	0.00187018	0.000885824
5.385e+06	0.00186666	0.000879783
5.39e+06	0.0018618	0.000877694
5.395e+06	0.00185528	0.000873061
5.4e+06	0.00185959	0.000868996
5.405e+06	0.00185412	0.000877584
5.41e+06	0.00185368	0.000879541
5.415e+06	0.00185618	0.000890311
5.42e+06	0.00185604	0.000888952
5.425e+06	0.0018584	0.00089072
5.43e+06	0.001859	0.000889939
5.435e+06	0.0018561	0.000890926
5.44e+06	0.00186338	0.000890672
5.445e+06	0.00185793	0.00089185
5.45e+06	0.00185526	0.00089892
5.455e+06	0.00185905	0.000895041
5.46e+06	0.00186086	0.000893033
5.465e+06	0.00186285	0.000894226
5.47e+06	0.00186705	0.000896551
5.475e+06	0.00186875	0.000899873
5.48e+06	0.00186472	0.000895374
5.485e+06	0.00187219	0.000899656
5.49e+06	0.00187447	0.00090684
5.495e+06	0.00187595	0.000910335
5.5e+06	0.00187461	0.000909782
5.505e+06	0.00187279	0.00090288
5.51e+06	0.00187158	0.000905399
5.515e+06	0.00187639	0.000909174
5.52e+06	0.0018843	0.000916897
5.525e+06	0.00188736	0.000921839
5.53e+06	0.00189298	0.000922571
5.535e+06	0.00189507	0.000919954
5.54e+06	0.00189927	0.00091559
5.545e+06	0.00191034	0.000913207
5.55e+06	0.00191115	0.000908196
5.555e+06	0.00190257	0.000895793
5.56e+06	0.00190032	0.000894235
5.565e+06	0.00190023	0.000891193
5.57e+06	0.00189586	0.000892435
5.575e+06	0.00188783	0.000891529
5.58e+06	0.00187866	0.000895464
5.585e+06	0.00188197	0.000891798
5.59e+06	0.00188072	0.000897885
5.595e+06	0.00188306	0.000897522
5.6e+06	0.00188877	0.000896604
5.605e+06	0.0018832	0.000891719
5.61e+06	0.00188195	0.00089266
5.615e+06	0.00188221	0.000890923
5.62e+06	0.00188347	0.000887652
5.625e+06	0.00188415	0.000886907
5.63e+06	0.00187882	0.000890768
5.635e+06	0.00187701	0.000891145
5.64e+06	0.00186824	0.000898809
5.645e+06	0.00186355	0.000905433
5.65e+06	0.00186676	0.000901312
5.655e+06	0.00187089	0.000897656
5.66e+06	0.00187392	0.000901987
5.665e+06	0.0018692	0.000903488
5.67e+06	0.00187188	0.000909636
5.675e+06	0.00186947	0.000908552
5.68e+06	0.00187197	0.000908965
5.685e+06	0.0018697	0.000909038
5.69e+06	0.00185885	0.000913067
5.695e+06	0.00184987	0.00092022
5.7e+06	0.00184822	0.000914144
5.705e+06	0.0018408	0.000909697
5.71e+06	0.00183573	0.000908635
5.715e+06	0.00183816	0.000898781
5.72e+06	0.00183768	0.000902125
5.725e+06	0.00183496	0.000898751
5.73e+06	0.00183295	0.00090096
5.735e+06	0.00182964	0.000901161
5.74e+06	0.00182964	0.000901794
5.745e+06	0.00183686	0.000905928
5.75e+06	0.00183925	0.00089975
5.755e+06	0.00183955	0.000903069
5.76e+06	0.00184045	0.000908616
5.765e+06	0.00183153	0.000903077
5.77e+06	0.00182862	0.000893708
5.775e+06	0.00182472	0.000886994
5.78e+06	0.00181484	0.000890102
5.785e+06	0.00181149	0.00088713
5.79e+06	0.00180344	0.000886746
5.795e+06	0.00180578	0.000887647
5.8e+06	0.00180343	0.000885227
5.805e+06	0.00180395	0.000883735
5.81e+06	0.00180324	0.000878918
5.815e+06	0.00179088	0.000876833
5.82e+06	0.0017839	0.000877059
5.825e+06	0.00177543	0.000875247
5.83e+06	0.00177064	0.000865089
5.835e+06	0.00176887	0.000865637
5.84e+06	0.00176795	0.000864109
5.845e+06	0.00176466	0.000867303
5.85e+06	0.0017653	0.000866492
5.855e+06	0.00176306	0.000867178
5.86e+06	0.00176319	0.000872597
5.865e+06	0.00176586	0.000873345
5.87e+06	0.00177653	0.000872715
5.875e+06	0.00177994	0.000869807
5.88e+06	0.00177505	0.000865327
5.885e+06	0.00177864	0.000868119
5.89e+06	0.00177667	0.000870304
5.895e+06	0.00177954	0.000876577
5.9e+06	0.0017824	0.000879651
5.905e+06	0.00179234	0.000879532
5.91e+06	0.00179245	0.000884106
5.915e+06	0.00179447	0.000881246
5.92e+06	0.00179173	0.000878034
5.925e+06	0.00178637	0.000883149
5.93e+06	0.0017851	0.000884283
5.935e+06	0.0017812	0.000885595
5.94e+06	0.00177648	0.000883767
5.945e+06	0.00177199	0.00088024
5.95e+06	0.00176983	0.000887757
5.955e+06	0.00177265	0.000884617
5.96e+06	0.00176959	0.000882625
5.965e+06	0.00176339	0.000875159
5.97e+06	0.00176	0.000870793
5.975e+06	0.00175807	0.000863837
5.98e+06	0.00175722	0.00086065
5.985e+06	0.00175241	0.000849482
5.99e+06	0.00174649	0.000845097
5.995e+06	0.00174015	0.000838442
6e+06	0.00173363	0.000828046
6.005e+06	0.00173094	0.000822221
6.01e+06	0.0017345	0.000826966
6.015e+06	0.0017395	0.000832651
6.02e+06	0.0017418	0.000837564
6.025e+06	0.0017358	0.000844548
6.03e+06	0.00173402	0.000843275
6.035e+06	0.00173468	0.000850558
6.04e+06	0.00173771	0.000862141
6.045e+06	0.00173989	0.000868559
6.05e+06	0.00173258	0.000873062
6.055e+06	0.00172747	0.000868347
6.06e+06	0.00172467	0.000869573
6.065e+06	0.00172523	0.000870264
6.07e+06	0.00171905	0.000867852
6.075e+06	0.00171619	0.000863776
6.08e+06	0.00171497	0.000858944
6.085e+06	0.00171073	0.000858937
6.09e+06	0.00170915	0.000855898
6.095e+06	0.00171135	0.000846303
6.1e+06	0.00170884	0.000843997
6.105e+06	0.00170171	0.00083942
6.11e+06	0.00170174	0.00083796
6.115e+06	0.001699	0.000835716
6.12e+06	0.00170636	0.000836245
6.125e+06	0.00170728	0.000835473
6.13e+06	0.00170374	0.000834399
6.135e+06	0.00169663	0.000839594
6.14e+06	0.00169411	0.000838406
6.145e+06	0.00169978	0.000837281
6.15e+06	0.00169846	0.000841786
6.155e+06	0.00169823	0.000846268
6.16e+06	0.00170024	0.00084932
6.165e+06	0.0017038	0.000845611
6.17e+06	0.00170239	0.000837373
6.175e+06	0.00170235	0.000831358
6.18e+06	0.00170391	0.000829822
6.185e+06	0.00170562	0.000827873
6.19e+06	0.0017014	0.000824831
6.195e+06	0.00170076	0.000826494
6.2e+06	0.00169465	0.000819334
6.205e+06	0.00169535	0.000816637
6.21e+06	0.00169805	0.000817097
6.215e+06	0.00169623	0.000817953
6.22e+06	0.00169813	0.000818989
6.225e+06	0.00170293	0.000822583
6.23e+06	0.00170983	0.000826041
6.235e+06	0.0017122	0.000827509
6.24e+06	0.00170657	0.000826194
6.245e+06	0.00170634	0.000823467
6.25e+06	0.00170332	0.000821519
6.255e+06	0.00169958	0.000825987
6.26e+06	0.00170011	0.000828417
6.265e+06	0.00170211	0.00083312
6.27e+06	0.00170124	0.000833685
6.275e+06	0.00169702	0.000836771
6.28e+06	0.00169635	0.000849071
6.285e+06	0.00169612	0.000850351
6.29e+06	0.00169398	0.000846423
6.295e+06	0.00169579	0.0008454
6.3e+06	0.0016954	0.000846123
6.305e+06	0.00170002	0.000843793
6.31e+06	0.00169507	0.000846217
6.315e+06	0.00169562	0.000847476
6.32e+06	0.00169843	0.000841296
6.325e+06	0.0016934	0.00083184
6.33e+06	0.00169334	0.000828701
6.335e+06	0.00169702	0.000832295
6.34e+06	0.00169686	0.000825643
6.345e+06	0.00169824	0.000822394
6.35e+06	0.00168944	0.000821259
6.355e+06	0.0016847	0.000812199
6.36e+06	0.00168301	0.000817628
6.365e+06	0.00169002	0.000823874
6.37e+06	0.00169418	0.000821415
6.375e+06	0.00169496	0.000819762
6.38e+06	0.00169411	0.000817822
6.385e+06	0.00169404	0.000812549
6.39e+06	0.00169374	0.000807584
6.395e+06	0.00169656	0.000802984
6.4e+06	0.00168975	0.000798694
6.405e+06	0.00168541	0.000788524
6.41e+06	0.00168838	0.00078171
6.415e+06	0.0016862	0.000782286
6.42e+06	0.00168744	0.00078174
6.425e+06	0.00168612	0.000781456
6.43e+06	0.0016881	0.00078008
6.435e+06	0.00169105	0.000776454
6.44e+06	0.00168798	0.000773854
6.445e+06	0.00168336	0.00076915
6.45e+06	0.0016778	0.000773118
6.455e+06	0.00167472	0.000769266
6.46e+06	0.00167693	0.000771333
6.465e+06	0.00168086	0.000776226
6.47e+06	0.00168532	0.000780706
6.475e+06	0.00168659	0.000779773
6.48e+06	0.00168556	0.000784911
6.485e+06	0.00168185	0.000785428
6.49e+06	0.0016794	0.000784203
6.495e+06	0.00168431	0.000784333
6.5e+06	0.00168369	0.000784872
6.505e+06	0.00168397	0.00078131
6.51e+06	0.0016848	0.000780438
6.515e+06	0.0016888	0.000787935
6.52e+06	0.00169212	0.000787258
6.525e+06	0.00169184	0.000789426
6.53e+06	0.00169223	0.000790367
6.535e+06	0.00168537	0.000792201
6.54e+06	0.00168241	0.000783789
6.545e+06	0.00167857	0.000776291
6.55e+06	0.00168014	0.000770942
6.555e+06	0.00167914	0.000764355
6.56e+06	0.0016774	0.000761788
6.565e+06	0.00166946	0.000752865
6.57e+06	0.00166578	0.000746691
6.575e+06	0.00166555	0.000734985
6.58e+06	0.00166529	0.00073489
6.585e+06	0.00166166	0.000734375
6.59e+06	0.0016569	0.000730075
6.595e+06	0.00165941	0.000726231
6.6e+06	0.00165914	0.000729396
6.605e+06	0.00165428	0.000733515
6.61e+06	0.00165199	0.000724204
6.615e+06	0.00165355	0.000719812
6.62e+06	0.0016557	0.000720318
6.625e+06	0.00165403	0.000722674
6.63e+06	0.00165931	0.000724689
6.635e+06	0.0016627	0.000727909
6.64e+06	0.00166678	0.000726484
6.645e+06	0.00166309	0.000721328
6.65e+06	0.00166268	0.000722225
6.655e+06	0.00166256	0.000715641
6.66e+06	0.00166621	0.000713088
6.665e+06	0.00166014	0.000705798
6.67e+06	0.00165562	0.000704214
6.675e+06	0.00165096	0.000702244
6.68e+06	0.00164742	0.000702406
6.685e+06	0.00164654	0.000700155
6.69e+06	0.00165388	0.000702313
6.695e+06	0.00165635	0.000701572
6.7e+06	0.0016562	0.000698286
6.705e+06	0.00165906	0.000689275
6.71e+06	0.00166468	0.000685439
6.715e+06	0.00166475	0.000688269
6.72e+06	0.00166353	0.000686777
6.725e+06	0.00166308	0.00068157
6.73e+06	0.00166395	0.000680821
6.735e+06	0.00167239	0.000687207
6.74e+06	0.00167468	0.000686554
6.745e+06	0.00167621	0.000688334
6.75e+06	0.00168329	0.000688683
6.755e+06	0.00168168	0.000688774
6.76e+06	0.00168386	0.000695237
6.765e+06	0.00168371	0.00070014
6.77e+06	0.00168833	0.000705251
6.775e+06	0.0016898	0.000708041
6.78e+06	0.00169157	0.000713115
6.785e+06	0.00169422	0.000713734
6.79e+06	0.0016887	0.000711121
6.795e+06	0.00168201	0.000710896
6.8e+06	0.00167707	0.000706887
6.805e+06	0.00167366	0.000710797
6.81e+06	0.00167425	0.000705473
6.815e+06	0.00167486	0.000705263
6.82e+06	0.00167361	0.000703781
6.825e+06	0.0016755	0.000709813
6.83e+06	0.00167948	0.000708573
6.835e+06	0.00168344	0.000711264
6.84e+06	0.00168499	0.000713524
6.845e+06	0.00168119	0.000714565
6.85e+06	0.00168098	0.000713887
6.855e+06	0.00167579	0.000706531
6.86e+06	0.00167316	0.000704645
6.865e+06	0.00166885	0.000707581
6.87e+06	0.00166764	0.00070502
6.875e+06	0.00166599	0.000706295
6.88e+06	0.00166768	0.000702633
6.885e+06	0.00166541	0.000701265
6.89e+06	0.00166103	0.000704636
6.895e+06	0.0016661	0.000711821
6.9e+06	0.0016622	0.000717838
6.905e+06	0.00165986	0.00072013
6.91e+06	0.00165651	0.000717704
6.915e+06	0.00166059	0.000718317
6.92e+06	0.00165895	0.000717683
6.925e+06	0.00166223	0.000713204
6.93e+06	0.00166603	0.000704635
6.935e+06	0.00166354	0.000704535
6.94e+06	0.00166452	0.000696525
6.945e+06	0.00166912	0.0006967
6.95e+06	0.00167364	0.000699276
6.955e+06	0.00167239	0.000702271
6.96e+06	0.00167417	0.000706507
6.965e+06	0.00167594	0.000708413
6.97e+06	0.00167671	0.0007008
6.975e+06	0.00167831	0.00069958
6.98e+06	0.00167349	0.000702383
6.985e+06	0.00167028	0.000699633
6.99e+06	0.00166803	0.000696859
6.995e+06	0.00167046	0.000693694
7e+06	0.00167533	0.000692371
7.005e+06	0.00167647	0.000695655
7.01e+06	0.00167266	0.0007003
7.015e+06	0.0016732	0.000695081
7.02e+06	0.0016758	0.000690079
7.025e+06	0.00167332	0.000688661
7.03e+06	0.00167283	0.000683219
7.035e+06	0.00167564	0.000684664
7.04e+06	0.00168138	0.000691828
7.045e+06	0.00168568	0.000696151
7.05e+06	0.00168436	0.000704208
7.055e+06	0.00168383	0.00070407
7.06e+06	0.00168188	0.000699565
7.065e+06	0.00167565	0.000701248
7.07e+06	0.00167055	0.000700052
7.075e+06	0.00166827	0.000700843
7.08e+06	0.00166745	0.00069985
7.085e+06	0.00166421	0.000696551
7.09e+06	0.00166164	0.000699477
7.095e+06	0.00166108	0.000699082
7.1e+06	0.00166047	0.000696808
7.105e+06	0.00166057	0.00069544
7.11e+06	0.00165562	0.000693003
7.115e+06	0.00164982	0.000697237
7.12e+06	0.00164627	0.000694884
7.125e+06	0.00164781	0.000690367
7.13e+06	0.00164986	0.000685245
7.135e+06	0.0016456	0.000684319
7.14e+06	0.0016416	0.000679957
7.145e+06	0.00163409	0.000680699
7.15e+06	0.00163104	0.000678262
7.155e+06	0.00162825	0.00067936
7.16e+06	0.0016293	0.000677122
7.165e+06	0.00163111	0.000668678
7.17e+06	0.00163205	0.000664513
7.175e+06	0.00163689	0.000667
7.18e+06	0.00164435	0.000666328
7.185e+06	0.00164958	0.000657113
7.19e+06	0.0016511	0.000657785
7.195e+06	0.00164852	0.000661315
7.2e+06	0.00164309	0.000655315
7.205e+06	0.00164635	0.000656945
7.21e+06	0.00165011	0.000660052
7.215e+06	0.00165432	0.000658876
7.22e+06	0.00165776	0.000664429
7.225e+06	0.00166322	0.000661366
7.23e+06	0.00166131	0.000661511
7.235e+06	0.00166071	0.000659285
7.24e+06	0.0016597	0.000664956
7.245e+06	0.00165752	0.000668324
7.25e+06	0.00165554	0.000667845
7.255e+06	0.0016548	0.000666872
7.26e+06	0.00164861	0.000662904
7.265e+06	0.0016409	0.000666181
7.27e+06	0.00163562	0.000667252
7.275e+06	0.00163319	0.000665206
7.28e+06	0.00163341	0.00066284
7.285e+06	0.00163069	0.000665621
7.29e+06	0.0016327	0.000669003
7.295e+06	0.00163395	0.000672507
7.3e+06	0.00163058	0.000677436
7.305e+06	0.00162672	0.000680803
7.31e+06	0.00162069	0.00067802
7.315e+06	0.00161318	0.000679968
7.32e+06	0.00160969	0.000673249
7.325e+06	0.00160303	0.000675738
7.33e+06	0.00159788	0.000679983
7.335e+06	0.00159443	0.000683472
7.34e+06	0.00159684	0.000686184
7.345e+06	0.00160087	0.00068593
7.35e+06	0.00160419	0.000682435
7.355e+06	0.00160576	0.000687784
7.36e+06	0.00160564	0.00068617
7.365e+06	0.00160266	0.000685767
7.37e+06	0.00160311	0.000684803
7.375e+06	0.00160133	0.00068187
7.38e+06	0.00159945	0.000680427
7.385e+06	0.00160439	0.000675725
7.39e+06	0.00160149	0.000673009
7.395e+06	0.00159916	0.000668647
7.4e+06	0.00159062	0.000673936
7.405e+06	0.00159072	0.000676326
7.41e+06	0.00158305	0.000679483
7.415e+06	0.00157581	0.000679722
7.42e+06	0.00157055	0.000682383
7.425e+06	0.00156774	0.000687433
7.43e+06	0.00156507	0.000694483
7.435e+06	0.00155984	0.000690673
7.44e+06	0.00156492	0.000690904
7.445e+06	0.00157047	0.000693537
7.45e+06	0.00157469	0.000689926
7.455e+06	0.00157367	0.000681339
7.46e+06	0.00157218	0.000680185
7.465e+06	0.00157006	0.000685699
7.47e+06	0.00156588	0.000687271
7.475e+06	0.00156495	0.000687118
7.48e+06	0.00156536	0.000691767
7.485e+06	0.00156187	0.000697705
7.49e+06	0.00156418	0.000707628
7.495e+06	0.00156459	0.000711088
7.5e+06	0.00156367	0.000712451
7.505e+06	0.00155771	0.000718575
7.51e+06	0.00155744	0.00072006
7.515e+06	0.00155494	0.000723683
7.52e+06	0.00154849	0.000718697
7.525e+06	0.00154737	0.00071252
7.53e+06	0.00154431	0.000712262
7.535e+06	0.0015505	0.000709451
7.54e+06	0.00155386	0.000712069
7.545e+06	0.00155506	0.000712549
7.55e+06	0.00155995	0.000714642
7.555e+06	0.00155965	0.000716425
7.56e+06	0.00156334	0.000717242
7.565e+06	0.0015613	0.000719275
7.57e+06	0.00156119	0.000715738
7.575e+06	0.00156169	0.00071236
7.58e+06	0.00156591	0.000709164
7.585e+06	0.00156787	0.000704865
7.59e+06	0.00156625	0.000705682
7.595e+06	0.00156319	0.000708237
7.6e+06	0.00155832	0.000712724
7.605e+06	0.00155543	0.000721973
7.61e+06	0.00155803	0.000726136
7.615e+06	0.0015591	0.000730778
7.62e+06	0.00155638	0.000733323
7.625e+06	0.00155203	0.000736256
7.63e+06	0.00155021	0.000736454
7.635e+06	0.00154703	0.00073737
7.64e+06	0.00154051	0.000739085
7.645e+06	0.00153658	0.000732893
7.65e+06	0.00153562	0.000730308
7.655e+06	0.00153456	0.000729904
7.66e+06	0.00153078	0.000731253
7.665e+06	0.00152666	0.00073069
7.67e+06	0.00152085	0.000726524
7.675e+06	0.00151968	0.00072055
7.68e+06	0.00152262	0.000717634
7.685e+06	0.00152257	0.000712995
7.69e+06	0.00151976	0.000713037
7.695e+06	0.00151975	0.000712515
7.7e+06	0.00152	0.000708698
7.705e+06	0.00152238	0.000704909
7.71e+06	0.00152314	0.000707479
7.715e+06	0.00152342	0.000707633
7.72e+06	0.00152307	0.00070282
7.725e+06	0.00152404	0.000696395
7.73e+06	0.00152802	0.000695747
7.735e+06	0.00152743	0.000695106
7.74e+06	0.00152745	0.000693287
7.745e+06	0.001529	0.000697768
7.75e+06	0.00153214	0.000701555
7.755e+06	0.00153224	0.000700425
7.76e+06	0.00152934	0.000696233
7.765e+06	0.00152542	0.000690228
7.77e+06	0.00151894	0.000687916
7.775e+06	0.00151448	0.000676761
7.78e+06	0.00151205	0.000667934
7.785e+06	0.00151177	0.000663608
7.79e+06	0.00151037	0.000662036
7.795e+06	0.00151339	0.000657496
7.8e+06	0.00151046	0.000652514
7.805e+06	0.00151255	0.000646852
7.81e+06	0.00151611	0.000646945
7.815e+06	0.00151742	0.000647535
7.82e+06	0.00151528	0.000647934
7.825e+06	0.00151394	0.000646964
7.83e+06	0.00151441	0.000644339
7.835e+06	0.00151254	0.00064151
7.84e+06	0.00151372	0.00063951
7.845e+06	0.00151183	0.000638439
7.85e+06	0.00151278	0.000640534
7.855e+06	0.00150983	0.000641902
7.86e+06	0.00150208	0.000640734
7.865e+06	0.00150237	0.000630715
7.87e+06	0.00150077	0.00062915
7.875e+06	0.00150062	0.000632035
7.88e+06	0.00149883	0.000630298
7.885e+06	0.00149812	0.000634229
7.89e+06	0.00150358	0.000631895
7.895e+06	0.00150405	0.000630233
7.9e+06	0.00150703	0.000633121
7.905e+06	0.00150732	0.000637706
7.91e+06	0.0015029	0.000639305
7.915e+06	0.00150175	0.000641578
7.92e+06	0.00150076	0.00064271
7.925e+06	0.00150222	0.000641767
7.93e+06	0.00149764	0.000640821
7.935e+06	0.00149291	0.000642179
7.94e+06	0.00149138	0.000647958
7.945e+06	0.0014899	0.000645685
7.95e+06	0.00148737	0.000641078
7.955e+06	0.00148937	0.000637131
7.96e+06	0.00148819	0.000637787
7.965e+06	0.00148579	0.000640256
7.97e+06	0.00148954	0.00064236
7.975e+06	0.00148943	0.000639608
7.98e+06	0.00148898	0.000638894
7.985e+06	0.00148942	0.000638803
7.99e+06	0.00148739	0.0006435
7.995e+06	0.00148579	0.000645743
8e+06	0.00148639	0.000643215
8.005e+06	0.00148838	0.000638595
8.01e+06	0.00149245	0.000640721
8.015e+06	0.00149725	0.00064487
8.02e+06	0.00150298	0.000649136
8.025e+06	0.00150727	0.000648628
8.03e+06	0.00150593	0.000647566
8.035e+06	0.00150764	0.00064742
8.04e+06	0.00150635	0.000648075
8.045e+06	0.00150601	0.000644955
8.05e+06	0.00150728	0.000645016
8.055e+06	0.00150971	0.00065097
8.06e+06	0.00151195	0.000651985
8.065e+06	0.00151556	0.000655002
8.07e+06	0.00151727	0.00065585
8.075e+06	0.00152067	0.000659474
8.08e+06	0.00153111	0.00066244
8.085e+06	0.00154326	0.000667949
8.09e+06	0.00154915	0.000674641
8.095e+06	0.00155032	0.000677394
8.1e+06	0.00154968	0.000676655
8.105e+06	0.00155106	0.00067578
8.11e+06	0.00155143	0.000677032
8.115e+06	0.00155214	0.000680979
8.12e+06	0.00155514	0.000680519
8.125e+06	0.00155534	0.000677449
8.13e+06	0.00155677	0.000670656
8.135e+06	0.00154954	0.000665734
8.14e+06	0.00154726	0.00066184
8.145e+06	0.00154079	0.000661412
8.15e+06	0.0015384	0.000658392
8.155e+06	0.00153543	0.000653846
8.16e+06	0.00153096	0.000653435
8.165e+06	0.00152852	0.000659005
8.17e+06	0.0015323	0.000659813
8.175e+06	0.00153557	0.000663043
8.18e+06	0.00153541	0.000664652
8.185e+06	0.00153544	0.000673376
8.19e+06	0.00153247	0.000680039
8.195e+06	0.00153109	0.000681546
8.2e+06	0.00153101	0.000682321
8.205e+06	0.00153194	0.000680328
8.21e+06	0.0015286	0.000679001
8.215e+06	0.00152878	0.000674938
8.22e+06	0.00153017	0.000675045
8.225e+06	0.00153031	0.000677481
8.23e+06	0.00153688	0.000679482
8.235e+06	0.00153749	0.000683157
8.24e+06	0.00154119	0.00068479
8.245e+06	0.00153822	0.000682015
8.25e+06	0.00153455	0.000678076
8.255e+06	0.00153749	0.000681735
8.26e+06	0.00154282	0.000686516
8.265e+06	0.00153764	0.000690467
8.27e+06	0.00153509	0.00069607
8.275e+06	0.00153675	0.000701438
8.28e+06	0.00153621	0.00070497
8.285e+06	0.00153479	0.000705722
8.29e+06	0.00153773	0.000709083
8.295e+06	0.00153884	0.00071138
8.3e+06	0.00154171	0.000710208
8.305e+06	0.00154457	0.000708563
8.31e+06	0.00154646	0.000706861
8.315e+06	0.00154426	0.000704734
8.32e+06	0.00154647	0.000708578
8.325e+06	0.00154686	0.000712757
8.33e+06	0.00154488	0.000714068
8.335e+06	0.00154227	0.00071643
8.34e+06	0.00153833	0.000720417
8.345e+06	0.00153574	0.000716682
8.35e+06	0.00153283	0.0007156
8.355e+06	0.00153106	0.0007107
8.36e+06	0.00153196	0.000707321
8.365e+06	0.00153377	0.000701094
8.37e+06	0.0015323	0.000697745
8.375e+06	0.00152988	0.000690183
8.38e+06	0.00152506	0.000685817
8.385e+06	0.00152517	0.000687542
8.39e+06	0.0015256	0.000689804
8.395e+06	0.0015291	0.000691776
8.4e+06	0.00152901	0.000693015
8.405e+06	0.00152958	0.000692941
8.41e+06	0.00153101	0.000689477
8.415e+06	0.00152855	0.000687387
8.42e+06	0.00152532	0.000694727
8.425e+06	0.00152664	0.000698761
8.43e+06	0.00152941	0.000699952
8.435e+06	0.00152694	0.000701013
8.44e+06	0.00152324	0.000698986
8.445e+06	0.00152281	0.000700616
8.45e+06	0.00152311	0.000702499
8.455e+06	0.00152214	0.000705474
8.46e+06	0.00152116	0.0007037
8.465e+06	0.0015196	0.000704758
8.47e+06	0.00151769	0.000706256
8.475e+06	0.00152102	0.000704566
8.48e+06	0.00152523	0.000702097
8.485e+06	0.00151982	0.000696781
8.49e+06	0.00151549	0.00069289
8.495e+06	0.0015118	0.000688974
8.5e+06	0.00150772	0.0006825
8.505e+06	0.00151112	0.000680831
8.51e+06	0.00150733	0.000682011
8.515e+06	0.00150167	0.000684186
8.52e+06	0.00149857	0.000684968
8.525e+06	0.0014945	0.000686371
8.53e+06	0.00148859	0.000689787
8.535e+06	0.00148273	0.000686335
8.54e+06	0.00148542	0.000690352
8.545e+06	0.00148391	0.000695236
8.55e+06	0.00148403	0.000693455
8.555e+06	0.00148301	0.000692392
8.56e+06	0.00148371	0.000700358
8.565e+06	0.00148572	0.000706255
8.57e+06	0.00148703	0.000711248
8.575e+06	0.0014884	0.000714029
8.58e+06	0.00149105	0.00071806
8.585e+06	0.00148755	0.00072215
8.59e+06	0.00148936	0.000728178
8.595e+06	0.0014912	0.000729971
8.6e+06	0.00148803	0.00073209
8.605e+06	0.00148739	0.000729556
8.61e+06	0.00148643	0.000730787
8.615e+06	0.00148535	0.000732625
8.62e+06	0.00148492	0.000734792
8.625e+06	0.00148666	0.000734727
8.63e+06	0.00148874	0.000740335
8.635e+06	0.00148977	0.000741195
8.64e+06	0.00149256	0.00074207
8.645e+06	0.0014956	0.000738746
8.65e+06	0.00149606	0.000738807
8.655e+06	0.00149546	0.000736686
8.66e+06	0.00149511	0.000737332
8.665e+06	0.00149518	0.00073991
8.67e+06	0.00149226	0.000744777
8.675e+06	0.0014936	0.000747325
8.68e+06	0.00149609	0.00074872
8.685e+06	0.00149636	0.000748894
8.69e+06	0.00149814	0.000748005
8.695e+06	0.0014999	0.000751321
8.7e+06	0.00149852	0.00075151
8.705e+06	0.00149655	0.000746352
8.71e+06	0.00149207	0.000745884
8.715e+06	0.00148979	0.000741759
8.72e+06	0.00148526	0.000738946
8.725e+06	0.00148847	0.000738681
8.73e+06	0.00148861	0.00073827
8.735e+06	0.00148605	0.000741162
8.74e+06	0.00148377	0.00074132
8.745e+06	0.00148492	0.000740457
8.75e+06	0.00148936	0.000736694
8.755e+06	0.00149094	0.000731592
8.76e+06	0.00149266	0.00073135
8.765e+06	0.00149114	0.000730603
8.77e+06	0.00148791	0.000728429
8.775e+06	0.00148747	0.000725364
8.78e+06	0.00148868	0.000724804
8.785e+06	0.00148785	0.00072758
8.79e+06	0.00148435	0.000725662
8.795e+06	0.00147921	0.000720495
8.8e+06	0.00148233	0.000722675
8.805e+06	0.00147856	0.000719349
8.81e+06	0.0014724	0.000713837
8.815e+06	0.00146507	0.000711071
8.82e+06	0.00146142	0.000710452
8.825e+06	0.00145624	0.0007048
8.83e+06	0.00145671	0.000701972
8.835e+06	0.00145682	0.000696766
8.84e+06	0.00145486	0.000689995
8.845e+06	0.00145746	0.000686834
8.85e+06	0.0014593	0.000682677
8.855e+06	0.00145947	0.000683122
8.86e+06	0.00145975	0.000678751
8.865e+06	0.00146273	0.000676898
8.87e+06	0.00146804	0.000674784
8.875e+06	0.00146608	0.000672853
8.88e+06	0.00146793	0.000671146
8.885e+06	0.00146873	0.000671099
8.89e+06	0.00146517	0.000669819
8.895e+06	0.00146125	0.000666197
8.9e+06	0.00146203	0.000666018
8.905e+06	0.00146237	0.000664929
8.91e+06	0.00145928	0.00066527
8.915e+06	0.00145773	0.000661687
8.92e+06	0.00145782	0.000662941
8.925e+06	0.00146192	0.000662701
8.93e+06	0.00146237	0.000659444
8.935e+06	0.00145958	0.000657839
8.94e+06	0.00145909	0.000659173
8.945e+06	0.00145962	0.000662335
8.95e+06	0.0014567	0.000660139
8.955e+06	0.00145144	0.000659143
8.96e+06	0.00145292	0.000658292
8.965e+06	0.00145088	0.000652439
8.97e+06	0.00144874	0.00064655
8.975e+06	0.00144827	0.000642345
8.98e+06	0.00144946	0.000643635
8.985e+06	0.00144909	0.000647833
8.99e+06	0.0014492	0.000645833
8.995e+06	0.00144905	0.000643274
9e+06	0.00144698	0.000638692
9.005e+06	0.00144508	0.000638251
9.01e+06	0.00144421	0.000638202
9.015e+06	0.00144272	0.000634055
9.02e+06	0.00144152	0.000637082
9.025e+06	0.00143952	0.000638105
9.03e+06	0.00143593	0.000639516
9.035e+06	0.00143196	0.000636597
9.04e+06	0.00142952	0.000637063
9.045e+06	0.00142707	0.000637121
9.05e+06	0.0014244	0.000638338
9.055e+06	0.00141903	0.000640878
9.06e+06	0.00141114	0.000636091
9.065e+06	0.00140281	0.00063094
9.07e+06	0.00139998	0.000630091
9.075e+06	0.00140421	0.000629848
9.08e+06	0.00140565	0.000629944
9.085e+06	0.00140276	0.000634191
9.09e+06	0.00140417	0.000638264
9.095e+06	0.00140929	0.00064085
9.1e+06	0.00140711	0.000641543
9.105e+06	0.00140372	0.000642884
9.11e+06	0.0014038	0.000646082
9.115e+06	0.00140073	0.000646313
9.12e+06	0.00140245	0.000646523
9.125e+06	0.00140303	0.000648687
9.13e+06	0.00140019	0.000647589
9.135e+06	0.00140288	0.000649644
9.14e+06	0.0014034	0.000653634
9.145e+06	0.00140183	0.000654961
9.15e+06	0.00139931	0.000651601
9.155e+06	0.00139586	0.000649947
9.16e+06	0.00139693	0.00064779
9.165e+06	0.00139628	0.000649407
9.17e+06	0.00139328	0.000653169
9.175e+06	0.0013921	0.000655883
9.18e+06	0.00139323	0.000658567
9.185e+06	0.00139523	0.000659178
9.19e+06	0.00139568	0.000659797
9.195e+06	0.00139406	0.000664103
9.2e+06	0.0013946	0.000665021
9.205e+06	0.00139026	0.000665293
9.21e+06	0.00139081	0.000665083
9.215e+06	0.00139393	0.00066384
9.22e+06	0.00139151	0.000659916
9.225e+06	0.0013896	0.00065514
9.23e+06	0.0013877	0.00065443
9.235e+06	0.00138827	0.000653906
9.24e+06	0.00138866	0.000658702
9.245e+06	0.00139298	0.000661776
9.25e+06	0.00139404	0.000657678
9.255e+06	0.00139153	0.000656166
9.26e+06	0.00138711	0.000653287
9.265e+06	0.00138625	0.000647779
9.27e+06	0.00138493	0.000647598
9.275e+06	0.00138633	0.000650589
9.28e+06	0.00138379	0.000647495
9.285e+06	0.0013836	0.000644403
9.29e+06	0.00138252	0.000644973
9.295e+06	0.0013859	0.000643903
9.3e+06	0.00138493	0.00064166
9.305e+06	0.00138325	0.000645349
9.31e+06	0.00138174	0.00064682
9.315e+06	0.00138177	0.000647183
9.32e+06	0.00137947	0.000651518
9.325e+06	0.00137806	0.000655322
9.33e+06	0.00137963	0.000654827
9.335e+06	0.00137754	0.000655937
9.34e+06	0.00137525	0.000659143
9.345e+06	0.00137246	0.000661468
9.35e+06	0.00136961	0.00066606
9.355e+06	0.00136916	0.000668691
9.36e+06	0.00137031	0.000668733
9.365e+06	0.00136889	0.000667746
9.37e+06	0.00136886	0.000668365
9.375e+06	0.00136774	0.00067127
9.38e+06	0.00136762	0.000670985
9.385e+06	0.00136545	0.00066918
9.39e+06	0.00136262	0.000668124
9.395e+06	0.0013605	0.000667641
9.4e+06	0.00136072	0.000669971
9.405e+06	0.00136152	0.000670585
9.41e+06	0.00135921	0.000670766
9.415e+06	0.00135769	0.000672714
9.42e+06	0.00135701	0.000671032
9.425e+06	0.00135219	0.000669694
9.43e+06	0.00135144	0.000669037
9.435e+06	0.00134865	0.000664238
9.44e+06	0.0013515	0.000664368
9.445e+06	0.00135096	0.000662474
9.45e+06	0.00135468	0.000655968
9.455e+06	0.00135139	0.000654427
9.46e+06	0.00135441	0.000653928
9.465e+06	0.00135648	0.000654903
9.47e+06	0.00135883	0.000656668
9.475e+06	0.00136034	0.000662419
9.48e+06	0.00136	0.000664754
9.485e+06	0.00135869	0.000666771
9.49e+06	0.00135903	0.000668776
9.495e+06	0.00136015	0.000672219
9.5e+06	0.00136042	0.000675824
9.505e+06	0.00136095	0.00067304
9.51e+06	0.00136279	0.000670645
9.515e+06	0.00136471	0.00066465
9.52e+06	0.00136526	0.000658962
9.525e+06	0.00136526	0.000658332
9.53e+06	0.00136822	0.000655572
9.535e+06	0.00136417	0.000654143
9.54e+06	0.00135937	0.000653841
9.545e+06	0.00135992	0.00065381
9.55e+06	0.00135624	0.000651998
9.555e+06	0.00135044	0.000649478
9.56e+06	0.00135232	0.000651771
9.565e+06	0.0013555	0.000659431
9.57e+06	0.00135775	0.00066445
9.575e+06	0.00135713	0.00066479
9.58e+06	0.00135585	0.000667703
9.585e+06	0.00135194	0.000667872
9.59e+06	0.00134972	0.000664871
9.595e+06	0.00135231	0.000663312
9.6e+06	0.00135399	0.000663885
9.605e+06	0.00135462	0.000665896
9.61e+06	0.00135467	0.000666522
9.615e+06	0.00135916	0.000667614
9.62e+06	0.00136184	0.000666364
9.625e+06	0.00135865	0.00066467
9.63e+06	0.0013503	0.000665125
9.635e+06	0.00134467	0.000663456
9.64e+06	0.00134453	0.000659922
9.645e+06	0.0013434	0.000656599
9.65e+06	0.001341	0.000655327
9.655e+06	0.00133796	0.000652888
9.66e+06	0.00133581	0.000652903
9.665e+06	0.00133316	0.000650457
9.67e+06	0.00133745	0.00064623
9.675e+06	0.0013362	0.000645718
9.68e+06	0.00133258	0.000647307
9.685e+06	0.0013283	0.000650969
9.69e+06	0.00132395	0.000650088
9.695e+06	0.00132376	0.000650008
9.7e+06	0.00132368	0.000650857
9.705e+06	0.00132505	0.000649554
9.71e+06	0.00132883	0.000649064
9.715e+06	0.00132652	0.000652084
9.72e+06	0.00133009	0.000653651
9.725e+06	0.00133179	0.000658621
9.73e+06	0.00133745	0.000663589
9.735e+06	0.00133977	0.00066126
9.74e+06	0.00134177	0.000656581
9.745e+06	0.00133904	0.000657976
9.75e+06	0.00134288	0.000658227
9.755e+06	0.00134425	0.000658894
9.76e+06	0.00134297	0.00065934
9.765e+06	0.00134382	0.000660615
9.77e+06	0.00134444	0.000666826
9.775e+06	0.00134489	0.000667357
9.78e+06	0.00134548	0.000670392
9.785e+06	0.00134553	0.000675083
9.79e+06	0.00134757	0.000676617
9.795e+06	0.00134866	0.000676086
9.8e+06	0.00135042	0.00067483
9.805e+06	0.00134642	0.000671291
9.81e+06	0.00134543	0.000669775
9.815e+06	0.00134707	0.000671112
9.82e+06	0.00134919	0.000668076
9.825e+06	0.00134896	0.000666194
9.83e+06	0.00134679	0.000662522
9.835e+06	0.00134397	0.000661335
9.84e+06	0.00133875	0.00065617
9.845e+06	0.00133896	0.000653243
9.85e+06	0.00133648	0.000653807
9.855e+06	0.00133714	0.000653191
9.86e+06	0.00134229	0.000652976
9.865e+06	0.00134151	0.000652024
9.87e+06	0.00134264	0.000651625
9.875e+06	0.00134576	0.00065094
9.88e+06	0.0013474	0.000650934
9.885e+06	0.00134587	0.000652028
9.89e+06	0.00134435	0.000652513
9.895e+06	0.00134446	0.000651564
9.9e+06	0.00134778	0.000652243
9.905e+06	0.00134625	0.000656146
9.91e+06	0.00134591	0.000662361
9.915e+06	0.00134598	0.000663285
9.92e+06	0.00134449	0.00066732
9.925e+06	0.00134342	0.000667291
9.93e+06	0.00134565	0.00066742
9.935e+06	0.00134488	0.000665957
9.94e+06	0.00134544	0.00066745
9.945e+06	0.00134479	0.000668679
9.95e+06	0.00133953	0.000667579
9.955e+06	0.00133667	0.000662503
9.96e+06	0.00133423	0.000660794
9.965e+06	0.00133448	0.000656947
9.97e+06	0.00133083	0.000655851
9.975e+06	0.00133122	0.000653414
9.98e+06	0.00133356	0.000653122
9.985e+06	0.00133767	0.000654943
9.99e+06	0.00133658	0.000655856
9.995e+06	0.00133675	0.0006554
1e+07	0.00133898	0.000655814
