5000	0.786003	0.188691
10000	0.416984	0.203044
15000	0.224719	0.160132
20000	0.140765	0.121937
25000	0.109639	0.102429
30000	0.0966307	0.0926993
35000	0.0832844	0.0834764
40000	0.0742143	0.0748673
45000	0.0622857	0.0544583
50000	0.050786	0.0427291
55000	0.0438761	0.037254
60000	0.0398928	0.0326765
65000	0.0361224	0.0294319
70000	0.0331061	0.0249846
75000	0.0303656	0.0215344
80000	0.0283923	0.0196336
85000	0.0264118	0.0178179
90000	0.0253939	0.0161863
95000	0.0248328	0.0148148
100000	0.0238862	0.0139825
105000	0.022481	0.0131598
110000	0.0213989	0.0121172
115000	0.0201759	0.011147
120000	0.0193081	0.0108311
125000	0.0186173	0.0105307
130000	0.0184244	0.010174
135000	0.0181652	0.00977038
140000	0.01821	0.00953437
145000	0.0180944	0.00910763
150000	0.0175159	0.00859408
155000	0.0170368	0.00821248
160000	0.016754	0.00780307
165000	0.0164684	0.0074433
170000	0.0161169	0.00713592
175000	0.0160321	0.00698385
180000	0.0158011	0.00704783
185000	0.0156526	0.00708643
190000	0.0154798	0.00707164
195000	0.0151959	0.00707545
200000	0.0151595	0.00721979
205000	0.014665	0.00721534
210000	0.0144172	0.00722691
215000	0.0141462	0.00742077
220000	0.0138307	0.00735375
225000	0.0135585	0.00744842
230000	0.0133375	0.00733738
235000	0.0130521	0.0071753
240000	0.0127122	0.00683621
245000	0.0123869	0.00688703
250000	0.0122127	0.00663153
255000	0.012036	0.00644746
260000	0.011898	0.00641668
265000	0.0118367	0.00636898
270000	0.0117365	0.00630889
275000	0.0116304	0.00618213
280000	0.011503	0.00588347
285000	0.0113408	0.00574882
290000	0.0112626	0.00561145
295000	0.0112168	0.00549029
300000	0.0112987	0.00523228
305000	0.0112985	0.0049193
310000	0.0111486	0.00486026
315000	0.01093	0.00492586
320000	0.0107825	0.0048864
325000	0.0106617	0.00493147
330000	0.0105577	0.0049922
335000	0.0103572	0.00494547
340000	0.0101646	0.0049006
345000	0.0100035	0.00488498
350000	0.00983366	0.00489509
355000	0.0096383	0.00486185
360000	0.00943062	0.00482255
365000	0.00940637	0.00486529
370000	0.00937189	0.00476379
375000	0.00935039	0.00467372
380000	0.00927784	0.00457512
385000	0.00910487	0.00448621
390000	0.00900333	0.00434674
395000	0.00905552	0.00419546
400000	0.0090751	0.00411814
405000	0.00905447	0.00410221
410000	0.00901053	0.00409552
415000	0.0089446	0.00400026
420000	0.00882699	0.00395731
425000	0.00872873	0.00396125
430000	0.00866977	0.00396328
435000	0.00866444	0.00395068
440000	0.00863571	0.0040104
445000	0.00866258	0.00404868
450000	0.00862865	0.00402004
455000	0.00855114	0.00396023
460000	0.00846492	0.00397358
465000	0.00834837	0.00390455
470000	0.00826153	0.00389996
475000	0.00821888	0.00380162
480000	0.00816601	0.0038003
485000	0.00817421	0.00366012
490000	0.00815961	0.00366041
495000	0.00812069	0.00369568
500000	0.00803655	0.00360379
505000	0.00803645	0.00363093
510000	0.00807443	0.00366116
515000	0.00802474	0.00366405
520000	0.00799074	0.0036882
525000	0.00795365	0.00373005
530000	0.00787815	0.00375451
535000	0.00778542	0.00365243
540000	0.00776235	0.00358066
545000	0.00780717	0.00349502
550000	0.0078206	0.00349842
555000	0.00780129	0.00351163
560000	0.00779051	0.00344458
565000	0.0077286	0.00349513
570000	0.00764817	0.00350513
575000	0.00762512	0.00351501
580000	0.00760973	0.00355105
585000	0.00753545	0.0035474
590000	0.00757291	0.00356895
595000	0.00752577	0.00358436
600000	0.00753653	0.00350937
605000	0.00757188	0.00347469
610000	0.00755451	0.00343068
615000	0.00759036	0.00339995
620000	0.0075542	0.00337823
625000	0.00760824	0.00332601
630000	0.00760993	0.00327505
635000	0.00756208	0.00324408
640000	0.00753243	0.00322955
645000	0.0074965	0.00317184
650000	0.00746831	0.00316449
655000	0.00743204	0.00317411
660000	0.0074838	0.00318157
665000	0.00754871	0.00314558
670000	0.00745586	0.00311758
675000	0.00739441	0.00312054
680000	0.00731818	0.00307547
685000	0.00723786	0.00306654
690000	0.00723634	0.00302352
695000	0.007254	0.00299833
700000	0.0071678	0.00304782
705000	0.00711306	0.00307205
710000	0.00707356	0.00302434
715000	0.00702746	0.0029962
720000	0.00702581	0.00295613
725000	0.00701475	0.00297997
730000	0.00697928	0.00300297
735000	0.0069505	0.00297952
740000	0.00690077	0.00292737
745000	0.00683954	0.00285849
750000	0.00678896	0.00283889
755000	0.00681114	0.00283854
760000	0.00680546	0.00279966
765000	0.00673351	0.00275636
770000	0.00672193	0.0027649
775000	0.00666832	0.00273129
780000	0.00662297	0.00271009
785000	0.00658207	0.00271059
790000	0.00655393	0.00272242
795000	0.00654024	0.00272747
800000	0.00649172	0.00269
805000	0.00643053	0.00266683
810000	0.00639553	0.00262558
815000	0.00636967	0.00263796
820000	0.00634804	0.00260929
825000	0.00629787	0.0026323
830000	0.00627977	0.00262746
835000	0.00626968	0.00259726
840000	0.00628418	0.00259612
845000	0.00628365	0.00260093
850000	0.006299	0.00257845
855000	0.00627768	0.00259781
860000	0.00623754	0.00258674
865000	0.00625969	0.00256445
870000	0.0062747	0.00254874
875000	0.00630564	0.00253164
880000	0.00631875	0.00252021
885000	0.00628577	0.00251612
890000	0.00626003	0.00248995
895000	0.00625641	0.00247213
900000	0.00628678	0.00246838
905000	0.00630488	0.00246695
910000	0.00633174	0.00251379
915000	0.00630275	0.00250205
920000	0.0062741	0.00250403
925000	0.00630593	0.00248154
930000	0.00630817	0.00248439
935000	0.00628922	0.00250694
940000	0.00625038	0.00248313
945000	0.00618959	0.00248281
950000	0.00619678	0.00245721
955000	0.00621295	0.00244512
960000	0.00620724	0.00245993
965000	0.00615001	0.00242371
970000	0.00609683	0.00239428
975000	0.00602022	0.00236246
980000	0.00598183	0.00234668
985000	0.00593816	0.00233869
990000	0.00594429	0.00230357
995000	0.00589943	0.00231953
1e+06	0.00585848	0.00232445
1.005e+06	0.00583176	0.00230497
1.01e+06	0.00583457	0.00229363
1.015e+06	0.00580928	0.00228189
1.02e+06	0.00577449	0.0022168
1.025e+06	0.00569977	0.00218988
1.03e+06	0.00563108	0.00219425
1.035e+06	0.00561598	0.00217838
1.04e+06	0.00560033	0.00217567
1.045e+06	0.00555996	0.00216437
1.05e+06	0.00553858	0.00219003
1.055e+06	0.00551427	0.00220552
1.06e+06	0.00549704	0.00215107
1.065e+06	0.00549481	0.00213571
1.07e+06	0.00548042	0.0021262
1.075e+06	0.00542396	0.00213923
1.08e+06	0.00541645	0.00212802
1.085e+06	0.00536785	0.00214007
1.09e+06	0.00535288	0.00212465
1.095e+06	0.00531542	0.0021141
1.1e+06	0.00527254	0.00211843
1.105e+06	0.00523065	0.00209497
1.11e+06	0.00520232	0.00207236
1.115e+06	0.00519387	0.00206148
1.12e+06	0.00518252	0.00203546
1.125e+06	0.00517426	0.00204971
1.13e+06	0.00518306	0.0020391
1.135e+06	0.00515394	0.0020188
1.14e+06	0.00515285	0.00199904
1.145e+06	0.0051199	0.00201155
1.15e+06	0.0051134	0.00200265
1.155e+06	0.00511199	0.00200381
1.16e+06	0.00510848	0.00201553
1.165e+06	0.00507674	0.00202745
1.17e+06	0.00501953	0.00202489
1.175e+06	0.00496994	0.00205329
1.18e+06	0.00495952	0.00204988
1.185e+06	0.00489782	0.00205089
1.19e+06	0.00485283	0.00206909
1.195e+06	0.00482089	0.00209548
1.2e+06	0.00476953	0.00210821
1.205e+06	0.00472732	0.00215414
1.21e+06	0.00467324	0.00219636
1.215e+06	0.00462225	0.00219462
1.22e+06	0.00460249	0.00219385
1.225e+06	0.0045923	0.00216215
1.23e+06	0.00458838	0.00212312
1.235e+06	0.00454581	0.00208064
1.24e+06	0.00452714	0.00204429
1.245e+06	0.00454264	0.00202279
1.25e+06	0.00455663	0.00202949
1.255e+06	0.00454019	0.00202041
1.26e+06	0.0045328	0.00203133
1.265e+06	0.00450827	0.00202834
1.27e+06	0.0045113	0.00205524
1.275e+06	0.00454085	0.00206316
1.28e+06	0.00454408	0.00204629
1.285e+06	0.00454067	0.00205773
1.29e+06	0.0045007	0.00207388
1.295e+06	0.00447504	0.00209961
1.3e+06	0.00445552	0.00211313
1.305e+06	0.00445751	0.00212733
1.31e+06	0.00449499	0.00216034
1.315e+06	0.00449114	0.00215117
1.32e+06	0.00446475	0.00211874
1.325e+06	0.00442168	0.00209423
1.33e+06	0.00439645	0.00207281
1.335e+06	0.00437154	0.00207037
1.34e+06	0.00435774	0.00208937
1.345e+06	0.00436243	0.00209419
1.35e+06	0.0043609	0.00210483
1.355e+06	0.00435954	0.00210179
1.36e+06	0.00436003	0.00212187
1.365e+06	0.00434693	0.00210661
1.37e+06	0.00435916	0.00207727
1.375e+06	0.00436085	0.00206029
1.38e+06	0.00436555	0.00203808
1.385e+06	0.00437403	0.00201264
1.39e+06	0.0043526	0.00199557
1.395e+06	0.0043381	0.00199602
1.4e+06	0.00431442	0.00197315
1.405e+06	0.00429584	0.00196306
1.41e+06	0.00427801	0.00197392
1.415e+06	0.00430013	0.00198723
1.42e+06	0.00434475	0.00199062
1.425e+06	0.00437212	0.00198656
1.43e+06	0.00437756	0.00198653
1.435e+06	0.00438224	0.00194873
1.44e+06	0.00438183	0.00190975
1.445e+06	0.00440176	0.00188664
1.45e+06	0.00439977	0.00187862
1.455e+06	0.00435962	0.00188136
1.46e+06	0.00436707	0.00189156
1.465e+06	0.00436381	0.00191988
1.47e+06	0.00438027	0.00191514
1.475e+06	0.00441224	0.00190876
1.48e+06	0.00441435	0.00192389
1.485e+06	0.00441939	0.00190264
1.49e+06	0.00443916	0.00188701
1.495e+06	0.00443161	0.00189961
1.5e+06	0.00442122	0.00189024
1.505e+06	0.00444508	0.00190087
1.51e+06	0.00446877	0.00188957
1.515e+06	0.00447368	0.00189934
1.52e+06	0.00448314	0.00189571
1.525e+06	0.00448668	0.00186425
1.53e+06	0.00446633	0.00184555
1.535e+06	0.00447406	0.00182863
1.54e+06	0.00446174	0.0018175
1.545e+06	0.00445631	0.00179877
1.55e+06	0.00441644	0.00181012
1.555e+06	0.00440678	0.00185303
1.56e+06	0.00439406	0.00185549
1.565e+06	0.00440816	0.00186331
1.57e+06	0.00441327	0.00184187
1.575e+06	0.0044314	0.00182517
1.58e+06	0.00443003	0.00182104
1.585e+06	0.004413	0.0018233
1.59e+06	0.00438537	0.00180272
1.595e+06	0.00439195	0.00178994
1.6e+06	0.00438878	0.00176626
1.605e+06	0.00438297	0.00175355
1.61e+06	0.00437982	0.00171441
1.615e+06	0.0043665	0.00169297
1.62e+06	0.00437328	0.00168793
1.625e+06	0.00436111	0.00168947
1.63e+06	0.00436631	0.001686
1.635e+06	0.00434475	0.00166431
1.64e+06	0.00432149	0.00164754
1.645e+06	0.00431145	0.00162747
1.65e+06	0.00432405	0.00163195
1.655e+06	0.00431647	0.00162952
1.66e+06	0.00429947	0.00160232
1.665e+06	0.0042657	0.00161009
1.67e+06	0.00425759	0.00161154
1.675e+06	0.00424524	0.00162621
1.68e+06	0.00426702	0.00163561
1.685e+06	0.0042796	0.00163267
1.69e+06	0.00426631	0.00162826
1.695e+06	0.00426899	0.00161571
1.7e+06	0.00427226	0.00159958
1.705e+06	0.00426395	0.00158111
1.71e+06	0.00426503	0.00159705
1.715e+06	0.00425739	0.00159145
1.72e+06	0.00422026	0.0015731
1.725e+06	0.00420278	0.00157135
1.73e+06	0.00417885	0.00157258
1.735e+06	0.00415561	0.00156036
1.74e+06	0.00413547	0.00155193
1.745e+06	0.00412283	0.00152453
1.75e+06	0.00412799	0.00155243
1.755e+06	0.00412857	0.00158318
1.76e+06	0.0041229	0.00158994
1.765e+06	0.00410285	0.00158773
1.77e+06	0.00411334	0.00155677
1.775e+06	0.00409352	0.00155756
1.78e+06	0.00410349	0.00153924
1.785e+06	0.00409853	0.00153465
1.79e+06	0.00406737	0.00152899
1.795e+06	0.00405992	0.00151582
1.8e+06	0.00403686	0.00150899
1.805e+06	0.00399965	0.00150324
1.81e+06	0.00397035	0.0015148
1.815e+06	0.00394461	0.00151195
1.82e+06	0.00393083	0.00149674
1.825e+06	0.00393006	0.0014703
1.83e+06	0.00392163	0.00145865
1.835e+06	0.0038979	0.00146211
1.84e+06	0.00387172	0.00147188
1.845e+06	0.0038503	0.00146111
1.85e+06	0.00383418	0.0014583
1.855e+06	0.00382353	0.00144386
1.86e+06	0.00380804	0.00144094
1.865e+06	0.00380621	0.00145112
1.87e+06	0.00379627	0.00147436
1.875e+06	0.00378875	0.00148685
1.88e+06	0.00377316	0.00148594
1.885e+06	0.00375431	0.00148208
1.89e+06	0.00375393	0.00149841
1.895e+06	0.00375921	0.0014966
1.9e+06	0.00375795	0.00151908
1.905e+06	0.00377174	0.00150005
1.91e+06	0.00374632	0.00149192
1.915e+06	0.00371128	0.00150764
1.92e+06	0.00369133	0.00151137
1.925e+06	0.0036529	0.00150728
1.93e+06	0.00364262	0.00151945
1.935e+06	0.00364588	0.00154106
1.94e+06	0.00362911	0.00155408
1.945e+06	0.00361883	0.00154946
1.95e+06	0.00362542	0.00155291
1.955e+06	0.00363574	0.00157048
1.96e+06	0.00363645	0.00157764
1.965e+06	0.00364328	0.00157587
1.97e+06	0.00363798	0.00158147
1.975e+06	0.00364159	0.00156536
1.98e+06	0.0036243	0.00154311
1.985e+06	0.00361994	0.00152381
1.99e+06	0.00361618	0.00150779
1.995e+06	0.00362901	0.0015024
2e+06	0.00364944	0.00149672
2.005e+06	0.00365147	0.00147274
2.01e+06	0.00361671	0.00148495
2.015e+06	0.00360719	0.00147905
2.02e+06	0.00359041	0.00148184
2.025e+06	0.0036035	0.00147881
2.03e+06	0.00360026	0.00145608
2.035e+06	0.00357018	0.00145876
2.04e+06	0.00355716	0.00145205
2.045e+06	0.00354021	0.00145522
2.05e+06	0.00353673	0.0014667
2.055e+06	0.00352281	0.0014899
2.06e+06	0.00351138	0.00148977
2.065e+06	0.0035107	0.00151176
2.07e+06	0.00350946	0.0015427
2.075e+06	0.00349641	0.00155494
2.08e+06	0.0035047	0.00154238
2.085e+06	0.00351301	0.00155461
2.09e+06	0.00349153	0.00156346
2.095e+06	0.00347112	0.00159631
2.1e+06	0.00344649	0.00161162
2.105e+06	0.00341933	0.00160623
2.11e+06	0.00339971	0.00159969
2.115e+06	0.00340556	0.00160842
2.12e+06	0.00342181	0.00161961
2.125e+06	0.00341302	0.00161257
2.13e+06	0.00339914	0.00160233
2.135e+06	0.00340197	0.00161396
2.14e+06	0.00340064	0.00160029
2.145e+06	0.00338603	0.00160113
2.15e+06	0.00340378	0.00160153
2.155e+06	0.00340218	0.00158976
2.16e+06	0.00338108	0.00159045
2.165e+06	0.00335952	0.00157976
2.17e+06	0.00333806	0.00159617
2.175e+06	0.00332648	0.00160601
2.18e+06	0.00334028	0.00160623
2.185e+06	0.00335304	0.00160789
2.19e+06	0.00335119	0.00160657
2.195e+06	0.00332333	0.00159097
2.2e+06	0.00332159	0.00157239
2.205e+06	0.00330778	0.00156361
2.21e+06	0.00329829	0.00155044
2.215e+06	0.00328506	0.00154176
2.22e+06	0.003295	0.00154409
2.225e+06	0.00330888	0.00155545
2.23e+06	0.0033029	0.00157417
2.235e+06	0.0033026	0.00156546
2.24e+06	0.00332553	0.00155316
2.245e+06	0.00333564	0.00154258
2.25e+06	0.00334388	0.00151706
2.255e+06	0.00335689	0.00153165
2.26e+06	0.00335619	0.00154387
2.265e+06	0.0033625	0.00155932
2.27e+06	0.00336632	0.00156512
2.275e+06	0.00334214	0.00158424
2.28e+06	0.00330743	0.00158267
2.285e+06	0.00328978	0.00157511
2.29e+06	0.00326771	0.00155514
2.295e+06	0.00325514	0.00154151
2.3e+06	0.00323466	0.00152931
2.305e+06	0.00323141	0.00151353
2.31e+06	0.00322128	0.00151793
2.315e+06	0.00321822	0.00151194
2.32e+06	0.00323104	0.00152007
2.325e+06	0.0032322	0.00152982
2.33e+06	0.00321883	0.00152436
2.335e+06	0.00319722	0.00152
2.34e+06	0.00318338	0.00152005
2.345e+06	0.00316766	0.00151425
2.35e+06	0.00316285	0.00150227
2.355e+06	0.00315032	0.00149723
2.36e+06	0.00314033	0.00149852
2.365e+06	0.00311048	0.00147753
2.37e+06	0.00309474	0.00146336
2.375e+06	0.00309631	0.00144998
2.38e+06	0.00308993	0.00144206
2.385e+06	0.0030785	0.00143112
2.39e+06	0.00307874	0.00142968
2.395e+06	0.00307264	0.00142251
2.4e+06	0.00308838	0.00143096
2.405e+06	0.00311563	0.00143798
2.41e+06	0.00312463	0.00143254
2.415e+06	0.00312543	0.00140995
2.42e+06	0.00312572	0.00141332
2.425e+06	0.00313743	0.00142529
2.43e+06	0.00313436	0.00142293
2.435e+06	0.0031292	0.00143332
2.44e+06	0.00312314	0.00142468
2.445e+06	0.00311777	0.00142602
2.45e+06	0.00311307	0.00141676
2.455e+06	0.0031111	0.0014206
2.46e+06	0.00310101	0.00142871
2.465e+06	0.0031036	0.00142116
2.47e+06	0.00309736	0.00140575
2.475e+06	0.00308819	0.0014048
2.48e+06	0.00308238	0.0013951
2.485e+06	0.0030717	0.00138595
2.49e+06	0.0030487	0.0013936
2.495e+06	0.00304911	0.00138355
2.5e+06	0.00303461	0.00137355
2.505e+06	0.00302593	0.00138179
2.51e+06	0.00300915	0.00138508
2.515e+06	0.00298762	0.00137325
2.52e+06	0.00297735	0.00138319
2.525e+06	0.00299099	0.00138942
2.53e+06	0.00297442	0.00139707
2.535e+06	0.00297608	0.00140039
2.54e+06	0.00298514	0.00140683
2.545e+06	0.00299443	0.00140857
2.55e+06	0.00298071	0.00141377
2.555e+06	0.00297796	0.00141535
2.56e+06	0.00298185	0.00141435
2.565e+06	0.0029746	0.0014205
2.57e+06	0.00297847	0.0014283
2.575e+06	0.0029573	0.00145032
2.58e+06	0.00294037	0.00145566
2.585e+06	0.00292137	0.0014507
2.59e+06	0.00291607	0.00145132
2.595e+06	0.00291654	0.00145802
2.6e+06	0.0029239	0.00144637
2.605e+06	0.00291958	0.00143711
2.61e+06	0.00290731	0.00142397
2.615e+06	0.00289738	0.00142725
2.62e+06	0.00290702	0.00140507
2.625e+06	0.0029034	0.00139749
2.63e+06	0.00288766	0.00140374
2.635e+06	0.00288656	0.00141248
2.64e+06	0.00287018	0.00140245
2.645e+06	0.0028723	0.00140943
2.65e+06	0.00286069	0.00142261
2.655e+06	0.00283223	0.00141505
2.66e+06	0.00280288	0.00140257
2.665e+06	0.00279492	0.00139493
2.67e+06	0.0027829	0.00140223
2.675e+06	0.00278199	0.00140294
2.68e+06	0.00277997	0.00139908
2.685e+06	0.00276734	0.00139526
2.69e+06	0.00275578	0.00139206
2.695e+06	0.00276046	0.00137863
2.7e+06	0.0027708	0.00138379
2.705e+06	0.00277027	0.00136935
2.71e+06	0.00275676	0.00136649
2.715e+06	0.00275673	0.00136913
2.72e+06	0.00275073	0.00136101
2.725e+06	0.00274879	0.00135271
2.73e+06	0.00273362	0.00134294
2.735e+06	0.00272198	0.00135148
2.74e+06	0.00270703	0.00136815
2.745e+06	0.0026928	0.0013725
2.75e+06	0.00269597	0.00137994
2.755e+06	0.00270003	0.00139847
2.76e+06	0.00269996	0.00139372
2.765e+06	0.00270257	0.00140184
2.77e+06	0.00270182	0.00142362
2.775e+06	0.00269614	0.00143571
2.78e+06	0.00269186	0.00145346
2.785e+06	0.00270499	0.00145806
2.79e+06	0.00271377	0.00147266
2.795e+06	0.0027195	0.00146873
2.8e+06	0.00270745	0.00146199
2.805e+06	0.00271846	0.00144861
2.81e+06	0.00272018	0.00143701
2.815e+06	0.00272853	0.00144985
2.82e+06	0.00273617	0.00145523
2.825e+06	0.00273579	0.00145992
2.83e+06	0.00273687	0.00145243
2.835e+06	0.00273744	0.0014536
2.84e+06	0.00275087	0.00144755
2.845e+06	0.0027726	0.00145205
2.85e+06	0.00278033	0.00146427
2.855e+06	0.00278588	0.00146845
2.86e+06	0.00278714	0.00146656
2.865e+06	0.0027858	0.00146506
2.87e+06	0.00278649	0.00148042
2.875e+06	0.00279318	0.00149238
2.88e+06	0.00279616	0.00149072
2.885e+06	0.00279934	0.00149255
2.89e+06	0.0028057	0.00149528
2.895e+06	0.00281256	0.00150474
2.9e+06	0.00281749	0.00150484
2.905e+06	0.0028265	0.00150835
2.91e+06	0.00282587	0.00151233
2.915e+06	0.00281701	0.00151467
2.92e+06	0.0028254	0.0015083
2.925e+06	0.00282207	0.00150398
2.93e+06	0.0028168	0.00151139
2.935e+06	0.00280433	0.00151042
2.94e+06	0.00280318	0.00151198
2.945e+06	0.0027902	0.00149956
2.95e+06	0.00277864	0.00149865
2.955e+06	0.00276733	0.00151016
2.96e+06	0.00275704	0.00151609
2.965e+06	0.00274978	0.00151655
2.97e+06	0.00274996	0.00151738
2.975e+06	0.00274615	0.00152705
2.98e+06	0.00273854	0.00153273
2.985e+06	0.00271629	0.00152969
2.99e+06	0.00271896	0.0015148
2.995e+06	0.00272576	0.00151429
3e+06	0.0027309	0.00151299
3.005e+06	0.00272897	0.00150661
3.01e+06	0.00272651	0.00150476
3.015e+06	0.00271965	0.00150519
3.02e+06	0.00271652	0.00150777
3.025e+06	0.0027182	0.00150694
3.03e+06	0.00271558	0.00151267
3.035e+06	0.00270748	0.00149639
3.04e+06	0.00270375	0.00149013
3.045e+06	0.00269514	0.00147828
3.05e+06	0.00268694	0.00148061
3.055e+06	0.00268394	0.00148404
3.06e+06	0.00269092	0.00150078
3.065e+06	0.00269633	0.00149858
3.07e+06	0.00269865	0.00148974
3.075e+06	0.00270345	0.00148955
3.08e+06	0.00269619	0.00149039
3.085e+06	0.00267629	0.00148176
3.09e+06	0.00266505	0.00148426
3.095e+06	0.00265917	0.0014677
3.1e+06	0.00265902	0.00147244
3.105e+06	0.00266029	0.00146499
3.11e+06	0.00265129	0.00144956
3.115e+06	0.00265038	0.00144581
3.12e+06	0.0026427	0.00143715
3.125e+06	0.0026416	0.00143476
3.13e+06	0.00263399	0.00142282
3.135e+06	0.00262607	0.00142985
3.14e+06	0.00262432	0.00142266
3.145e+06	0.00262599	0.00141825
3.15e+06	0.00262588	0.00141363
3.155e+06	0.00262508	0.00140744
3.16e+06	0.0026087	0.0014081
3.165e+06	0.00259787	0.00140639
3.17e+06	0.00258763	0.00139608
3.175e+06	0.00257636	0.00138984
3.18e+06	0.00256644	0.00138425
3.185e+06	0.00255085	0.00137679
3.19e+06	0.00253669	0.00137348
3.195e+06	0.00253149	0.0013716
3.2e+06	0.00253505	0.00136754
3.205e+06	0.00253714	0.00136222
3.21e+06	0.00254782	0.00136275
3.215e+06	0.0025423	0.00136746
3.22e+06	0.00254962	0.00136918
3.225e+06	0.00253539	0.00136713
3.23e+06	0.00252738	0.00136844
3.235e+06	0.00251394	0.00136528
3.24e+06	0.00250994	0.00135811
3.245e+06	0.00251151	0.00135719
3.25e+06	0.00251122	0.00134251
3.255e+06	0.00252007	0.00133531
3.26e+06	0.00251899	0.00132418
3.265e+06	0.00250809	0.00131545
3.27e+06	0.0024979	0.00132645
3.275e+06	0.00248768	0.00133734
3.28e+06	0.00248408	0.00133966
3.285e+06	0.00247468	0.00132088
3.29e+06	0.00247403	0.00131485
3.295e+06	0.00248404	0.00130922
3.3e+06	0.00247588	0.00129923
3.305e+06	0.00245995	0.00129192
3.31e+06	0.00245569	0.00128988
3.315e+06	0.00245687	0.00128551
3.32e+06	0.00245196	0.00127475
3.325e+06	0.00244515	0.00126146
3.33e+06	0.00243974	0.00126243
3.335e+06	0.00244934	0.00127035
3.34e+06	0.00244823	0.00126271
3.345e+06	0.0024489	0.00125463
3.35e+06	0.0024506	0.00125563
3.355e+06	0.00245371	0.00125767
3.36e+06	0.00245384	0.00127088
3.365e+06	0.00245514	0.00127296
3.37e+06	0.00245341	0.00127561
3.375e+06	0.00244761	0.00127574
3.38e+06	0.00244066	0.00126994
3.385e+06	0.00244076	0.00127234
3.39e+06	0.00242256	0.00127136
3.395e+06	0.00242588	0.00126483
3.4e+06	0.00242597	0.00126534
3.405e+06	0.00242049	0.00125421
3.41e+06	0.00241069	0.00124248
3.415e+06	0.0023973	0.00123281
3.42e+06	0.00238218	0.00122693
3.425e+06	0.00238606	0.00123097
3.43e+06	0.0023903	0.0012322
3.435e+06	0.00239191	0.0012422
3.44e+06	0.00238355	0.0012365
3.445e+06	0.00237866	0.00123133
3.45e+06	0.00238882	0.00122889
3.455e+06	0.00239067	0.00121807
3.46e+06	0.00238896	0.00120791
3.465e+06	0.0023896	0.0012016
3.47e+06	0.00238261	0.00119291
3.475e+06	0.00238215	0.00118945
3.48e+06	0.00236891	0.00118608
3.485e+06	0.00237043	0.00118452
3.49e+06	0.00236929	0.00118397
3.495e+06	0.0023723	0.00118803
3.5e+06	0.00238275	0.00118916
3.505e+06	0.00238355	0.00119562
3.51e+06	0.00238743	0.00120969
3.515e+06	0.00238973	0.00121883
3.52e+06	0.00240637	0.00122014
3.525e+06	0.00240672	0.00121983
3.53e+06	0.00241273	0.00122031
3.535e+06	0.00241515	0.00122442
3.54e+06	0.00241677	0.00123099
3.545e+06	0.00241458	0.00123646
3.55e+06	0.00239234	0.00123449
3.555e+06	0.00239038	0.0012311
3.56e+06	0.00238577	0.00122779
3.565e+06	0.00237751	0.0012326
3.57e+06	0.00236724	0.00123332
3.575e+06	0.00237172	0.00123377
3.58e+06	0.00236356	0.0012289
3.585e+06	0.00236628	0.00123634
3.59e+06	0.0023664	0.0012365
3.595e+06	0.0023694	0.00123713
3.6e+06	0.00237289	0.00124206
3.605e+06	0.00236295	0.00124637
3.61e+06	0.00235451	0.00124717
3.615e+06	0.00235771	0.00125319
3.62e+06	0.00235646	0.00125819
3.625e+06	0.00235358	0.00126445
3.63e+06	0.0023471	0.0012511
3.635e+06	0.00234854	0.00124789
3.64e+06	0.00234491	0.00125244
3.645e+06	0.00234759	0.00125627
3.65e+06	0.00235136	0.00125583
3.655e+06	0.00235959	0.00125854
3.66e+06	0.00236554	0.00126809
3.665e+06	0.00237551	0.00125499
3.67e+06	0.00237545	0.00124762
3.675e+06	0.0023761	0.0012436
3.68e+06	0.00237796	0.00126112
3.685e+06	0.00237555	0.0012695
3.69e+06	0.00238182	0.00127416
3.695e+06	0.00238115	0.00127363
3.7e+06	0.00237634	0.00126754
3.705e+06	0.00236833	0.00125881
3.71e+06	0.00235582	0.00125412
3.715e+06	0.00234266	0.00125097
3.72e+06	0.00233398	0.00124915
3.725e+06	0.0023296	0.00125124
3.73e+06	0.00232686	0.00124686
3.735e+06	0.00233161	0.00123814
3.74e+06	0.00233497	0.00122412
3.745e+06	0.00233773	0.00121517
3.75e+06	0.00232798	0.00120835
3.755e+06	0.00231947	0.00120905
3.76e+06	0.00231274	0.00120897
3.765e+06	0.00231022	0.00121465
3.77e+06	0.00230146	0.00121407
3.775e+06	0.00228148	0.00121361
3.78e+06	0.00227573	0.00121123
3.785e+06	0.00227663	0.00120826
3.79e+06	0.00227251	0.00120968
3.795e+06	0.00228078	0.0012177
3.8e+06	0.00228857	0.0012128
3.805e+06	0.0023004	0.00120764
3.81e+06	0.00230658	0.001207
3.815e+06	0.0023058	0.00119809
3.82e+06	0.00230938	0.00119532
3.825e+06	0.00230723	0.00119051
3.83e+06	0.00230765	0.00118344
3.835e+06	0.00230756	0.00118214
3.84e+06	0.00230734	0.00118485
3.845e+06	0.00230984	0.00118809
3.85e+06	0.00230188	0.00119154
3.855e+06	0.00229455	0.00119448
3.86e+06	0.00228334	0.001193
3.865e+06	0.00227687	0.00119618
3.87e+06	0.00227758	0.00118968
3.875e+06	0.00226949	0.00118439
3.88e+06	0.00226821	0.00118411
3.885e+06	0.0022637	0.00118847
3.89e+06	0.0022603	0.00119363
3.895e+06	0.00225591	0.00119374
3.9e+06	0.00226137	0.0011994
3.905e+06	0.00226223	0.00120012
3.91e+06	0.00226936	0.00119631
3.915e+06	0.00227326	0.00119317
3.92e+06	0.00226933	0.00119843
3.925e+06	0.00226535	0.00120355
3.93e+06	0.00226361	0.00121492
3.935e+06	0.0022603	0.00122393
3.94e+06	0.00226106	0.00122818
3.945e+06	0.00226412	0.00123092
3.95e+06	0.0022618	0.00123883
3.955e+06	0.00226393	0.00123019
3.96e+06	0.00225888	0.00123314
3.965e+06	0.00225705	0.00123532
3.97e+06	0.00224816	0.00123113
3.975e+06	0.00224436	0.00123232
3.98e+06	0.00224339	0.00123214
3.985e+06	0.00224154	0.00123407
3.99e+06	0.00223875	0.00122649
3.995e+06	0.00223954	0.00121667
4e+06	0.00223155	0.00120935
4.005e+06	0.00222566	0.00120775
4.01e+06	0.00221984	0.00120721
4.015e+06	0.00221715	0.00120454
4.02e+06	0.00222244	0.00120848
4.025e+06	0.0022246	0.00121456
4.03e+06	0.0022262	0.00121593
4.035e+06	0.00222796	0.00121563
4.04e+06	0.00222682	0.00122378
4.045e+06	0.0022315	0.00122069
4.05e+06	0.00222655	0.00121964
4.055e+06	0.00221448	0.00120618
4.06e+06	0.00221291	0.00119822
4.065e+06	0.00221311	0.00119419
4.07e+06	0.00221845	0.0011925
4.075e+06	0.00221922	0.00118929
4.08e+06	0.0022281	0.00119434
4.085e+06	0.00223805	0.00119547
4.09e+06	0.0022432	0.00120254
4.095e+06	0.00224836	0.00121298
4.1e+06	0.00224324	0.00121732
4.105e+06	0.00224845	0.00121068
4.11e+06	0.00223012	0.00119978
4.115e+06	0.00222194	0.00120535
4.12e+06	0.00221916	0.00119627
4.125e+06	0.00221264	0.00119032
4.13e+06	0.00221417	0.00118839
4.135e+06	0.0022194	0.00118548
4.14e+06	0.0022264	0.00118488
4.145e+06	0.00223044	0.00119515
4.15e+06	0.00223728	0.00120443
4.155e+06	0.0022407	0.00119827
4.16e+06	0.00224684	0.00119064
4.165e+06	0.00225707	0.00118327
4.17e+06	0.002257	0.00118298
4.175e+06	0.00226432	0.00117457
4.18e+06	0.00227016	0.00117361
4.185e+06	0.00226984	0.00117858
4.19e+06	0.00226014	0.00118528
4.195e+06	0.00225677	0.0011937
4.2e+06	0.00226078	0.00119607
4.205e+06	0.00225178	0.00118822
4.21e+06	0.00224919	0.0011862
4.215e+06	0.00225291	0.00118801
4.22e+06	0.00225777	0.00118027
4.225e+06	0.00225972	0.00117395
4.23e+06	0.00226191	0.00117363
4.235e+06	0.00226943	0.00117833
4.24e+06	0.00227271	0.00117714
4.245e+06	0.00227225	0.00117759
4.25e+06	0.00227506	0.00117315
4.255e+06	0.00228099	0.00116784
4.26e+06	0.00227732	0.00115688
4.265e+06	0.00227748	0.00114725
4.27e+06	0.00227941	0.00115106
4.275e+06	0.00228002	0.00115005
4.28e+06	0.0022807	0.00114019
4.285e+06	0.00228084	0.00112947
4.29e+06	0.00228766	0.00111381
4.295e+06	0.00228534	0.00110867
4.3e+06	0.00227924	0.00110975
4.305e+06	0.00228508	0.00112355
4.31e+06	0.00227479	0.00113281
4.315e+06	0.00226336	0.00114103
4.32e+06	0.00225571	0.00114121
4.325e+06	0.00225466	0.00113975
4.33e+06	0.00225836	0.00113571
4.335e+06	0.00227151	0.00113943
4.34e+06	0.00228599	0.00115451
4.345e+06	0.00229102	0.00116063
4.35e+06	0.00229352	0.00116437
4.355e+06	0.00228916	0.00116342
4.36e+06	0.0022965	0.0011632
4.365e+06	0.00229667	0.00115832
4.37e+06	0.00229533	0.00116213
4.375e+06	0.00229551	0.00116851
4.38e+06	0.00229661	0.00117
4.385e+06	0.00229162	0.00116999
4.39e+06	0.00228673	0.00117475
4.395e+06	0.00227922	0.00118452
4.4e+06	0.00228469	0.0011844
4.405e+06	0.00228706	0.00118627
4.41e+06	0.00229309	0.00119372
4.415e+06	0.00229005	0.0011922
4.42e+06	0.00229147	0.00119089
4.425e+06	0.00228823	0.00118434
4.43e+06	0.00228685	0.00118214
4.435e+06	0.0022854	0.0011821
4.44e+06	0.00228789	0.00117671
4.445e+06	0.00228573	0.00116961
4.45e+06	0.00229293	0.00116388
4.455e+06	0.00230163	0.00116351
4.46e+06	0.0023059	0.0011657
4.465e+06	0.0023133	0.00116723
4.47e+06	0.00231244	0.001165
4.475e+06	0.00231023	0.00116629
4.48e+06	0.00230954	0.00116754
4.485e+06	0.00231591	0.00116593
4.49e+06	0.00232313	0.00116853
4.495e+06	0.00233008	0.00116704
4.5e+06	0.00233777	0.00117649
4.505e+06	0.00232839	0.00117595
4.51e+06	0.00231756	0.00117093
4.515e+06	0.00231213	0.00116912
4.52e+06	0.00230503	0.00117222
4.525e+06	0.00230219	0.00117435
4.53e+06	0.00229036	0.00117986
4.535e+06	0.00228862	0.00117873
4.54e+06	0.00229375	0.00117742
4.545e+06	0.00229588	0.00118858
4.55e+06	0.00229194	0.00120126
4.555e+06	0.00229127	0.00120992
4.56e+06	0.00229289	0.00121962
4.565e+06	0.00229482	0.00121636
4.57e+06	0.00229704	0.0012246
4.575e+06	0.00229668	0.00122278
4.58e+06	0.00229423	0.00122528
4.585e+06	0.00229297	0.00122143
4.59e+06	0.00229905	0.00122927
4.595e+06	0.00229714	0.00123212
4.6e+06	0.00229402	0.00123129
4.605e+06	0.00229102	0.00123357
4.61e+06	0.00229931	0.00124471
4.615e+06	0.00230262	0.00125114
4.62e+06	0.00230255	0.00125577
4.625e+06	0.00229965	0.00125894
4.63e+06	0.00229124	0.00125741
4.635e+06	0.00227842	0.00125717
4.64e+06	0.00227946	0.00124453
4.645e+06	0.00227645	0.00123901
4.65e+06	0.00227163	0.00123646
4.655e+06	0.00226715	0.001233
4.66e+06	0.00227165	0.00122742
4.665e+06	0.00227569	0.00121787
4.67e+06	0.00227589	0.00121026
4.675e+06	0.00227632	0.00120994
4.68e+06	0.0022732	0.00120692
4.685e+06	0.00226407	0.00120576
4.69e+06	0.00225156	0.00120773
4.695e+06	0.00224779	0.0011971
4.7e+06	0.00224349	0.00119525
4.705e+06	0.00224129	0.00118641
4.71e+06	0.00223745	0.0011809
4.715e+06	0.00223667	0.00118365
4.72e+06	0.00223295	0.00118833
4.725e+06	0.00224148	0.00118662
4.73e+06	0.00224844	0.00118792
4.735e+06	0.00225854	0.00118857
4.74e+06	0.00226747	0.00118396
4.745e+06	0.00226717	0.00117693
4.75e+06	0.00227035	0.0011778
4.755e+06	0.00227115	0.00118622
4.76e+06	0.00227819	0.00119408
4.765e+06	0.00227062	0.00118974
4.77e+06	0.00226727	0.00119134
4.775e+06	0.00227049	0.00118734
4.78e+06	0.0022755	0.00117778
4.785e+06	0.00226771	0.00117106
4.79e+06	0.00226757	0.00116988
4.795e+06	0.0022656	0.00116843
4.8e+06	0.00227208	0.00117275
4.805e+06	0.00227683	0.00117214
4.81e+06	0.00227232	0.00116864
4.815e+06	0.00226591	0.00116599
4.82e+06	0.00224955	0.00116539
4.825e+06	0.0022406	0.00116907
4.83e+06	0.00223619	0.00117325
4.835e+06	0.00223321	0.0011902
4.84e+06	0.00222725	0.00119367
4.845e+06	0.00222562	0.00119229
4.85e+06	0.00223048	0.00118718
4.855e+06	0.0022245	0.00118467
4.86e+06	0.00223065	0.00118286
4.865e+06	0.00223345	0.00118684
4.87e+06	0.00223599	0.00118619
4.875e+06	0.00222999	0.00118809
4.88e+06	0.00222627	0.00118821
4.885e+06	0.00222897	0.00119348
4.89e+06	0.00223039	0.00119721
4.895e+06	0.00222782	0.00119593
4.9e+06	0.00222385	0.00119059
4.905e+06	0.00222135	0.00118908
4.91e+06	0.00221711	0.0011862
4.915e+06	0.00221689	0.00118132
4.92e+06	0.00220889	0.00117669
4.925e+06	0.00220747	0.00117181
4.93e+06	0.00220443	0.00116802
4.935e+06	0.0022037	0.00117131
4.94e+06	0.00220381	0.00116471
4.945e+06	0.00220626	0.00116363
4.95e+06	0.00220826	0.00116751
4.955e+06	0.00220634	0.00116266
4.96e+06	0.00220985	0.0011626
4.965e+06	0.00221013	0.00115906
4.97e+06	0.00221661	0.0011625
4.975e+06	0.00222156	0.00116443
4.98e+06	0.0022221	0.00116839
4.985e+06	0.00222305	0.00117478
4.99e+06	0.00222148	0.001179
4.995e+06	0.00221672	0.00118368
5e+06	0.00221957	0.00119663
5.005e+06	0.00221285	0.00119935
5.01e+06	0.00221002	0.00120052
5.015e+06	0.0022052	0.00120772
5.02e+06	0.00220641	0.00121425
5.025e+06	0.00219794	0.00121526
5.03e+06	0.00219269	0.00122195
5.035e+06	0.00218808	0.00122081
5.04e+06	0.00218843	0.00121897
5.045e+06	0.00218276	0.00120794
5.05e+06	0.00217171	0.00120376
5.055e+06	0.00216603	0.001199
5.06e+06	0.00216108	0.0012013
5.065e+06	0.0021609	0.00119384
5.07e+06	0.00215583	0.00118246
5.075e+06	0.00215327	0.00117513
5.08e+06	0.0021474	0.00116841
5.085e+06	0.00214895	0.00116735
5.09e+06	0.00215397	0.00116627
5.095e+06	0.00215567	0.00115713
5.1e+06	0.0021433	0.00115298
5.105e+06	0.00214247	0.00114704
5.11e+06	0.00213786	0.00115259
5.115e+06	0.00213669	0.00115223
5.12e+06	0.0021354	0.00114952
5.125e+06	0.00212807	0.00114481
5.13e+06	0.00213059	0.00114533
5.135e+06	0.00213089	0.00114217
5.14e+06	0.00213209	0.00114101
5.145e+06	0.00213586	0.00114081
5.15e+06	0.0021386	0.00113751
5.155e+06	0.00214423	0.00113909
5.16e+06	0.00214074	0.00113292
5.165e+06	0.0021434	0.00113284
5.17e+06	0.00214396	0.00113989
5.175e+06	0.00214585	0.00113945
5.18e+06	0.0021414	0.0011389
5.185e+06	0.00214415	0.00113615
5.19e+06	0.00215176	0.00113572
5.195e+06	0.00215565	0.00113368
5.2e+06	0.0021541	0.00114233
5.205e+06	0.00214999	0.00114267
5.21e+06	0.00214208	0.00113592
5.215e+06	0.00213529	0.00113356
5.22e+06	0.0021301	0.00112113
5.225e+06	0.00212139	0.0011116
5.23e+06	0.00211942	0.0011063
5.235e+06	0.00211302	0.00110235
5.24e+06	0.00209993	0.00110199
5.245e+06	0.00208654	0.00109918
5.25e+06	0.00208486	0.00110428
5.255e+06	0.00208618	0.00110555
5.26e+06	0.00208873	0.00110185
5.265e+06	0.00209216	0.00109571
5.27e+06	0.00209314	0.00109559
5.275e+06	0.00209764	0.00108915
5.28e+06	0.00209493	0.00108837
5.285e+06	0.00209712	0.00108624
5.29e+06	0.0021011	0.00109201
5.295e+06	0.00209904	0.00109479
5.3e+06	0.0020907	0.00109054
5.305e+06	0.00208943	0.00108375
5.31e+06	0.00209095	0.00107856
5.315e+06	0.00209256	0.00107707
5.32e+06	0.00210399	0.00107666
5.325e+06	0.00211258	0.00107868
5.33e+06	0.00211866	0.00108949
5.335e+06	0.00211837	0.00110156
5.34e+06	0.00211853	0.00111104
5.345e+06	0.00212248	0.00111507
5.35e+06	0.00212271	0.00111047
5.355e+06	0.00212501	0.00111486
5.36e+06	0.002124	0.00111777
5.365e+06	0.00212549	0.00111731
5.37e+06	0.00212835	0.00111185
5.375e+06	0.00212991	0.00110767
5.38e+06	0.00212333	0.00110991
5.385e+06	0.0021255	0.00110681
5.39e+06	0.00212765	0.00110371
5.395e+06	0.00213164	0.00109702
5.4e+06	0.00213266	0.00109022
5.405e+06	0.00212719	0.00108987
5.41e+06	0.00212272	0.00107454
5.415e+06	0.00211532	0.0010763
5.42e+06	0.00211139	0.00108114
5.425e+06	0.00211182	0.00108549
5.43e+06	0.00210974	0.00108544
5.435e+06	0.00210516	0.00108189
5.44e+06	0.00210162	0.00108219
5.445e+06	0.00209758	0.00108233
5.45e+06	0.00209906	0.00108111
5.455e+06	0.00210178	0.00107353
5.46e+06	0.00209454	0.00107122
5.465e+06	0.00209147	0.00107231
5.47e+06	0.00209056	0.00106993
5.475e+06	0.00208709	0.00106796
5.48e+06	0.00208343	0.00106583
5.485e+06	0.00208754	0.00105809
5.49e+06	0.0020917	0.00104907
5.495e+06	0.00208837	0.00104271
5.5e+06	0.00209276	0.00103987
5.505e+06	0.00209521	0.00103871
5.51e+06	0.00209301	0.00102993
5.515e+06	0.00209006	0.00102766
5.52e+06	0.00208403	0.00102514
5.525e+06	0.00208351	0.00101839
5.53e+06	0.00207919	0.00101348
5.535e+06	0.00207945	0.0010053
5.54e+06	0.00208028	0.00100143
5.545e+06	0.00207809	0.000995201
5.55e+06	0.00206923	0.000989564
5.555e+06	0.00206726	0.000989287
5.56e+06	0.00206546	0.000986196
5.565e+06	0.002062	0.000978928
5.57e+06	0.00206016	0.000972379
5.575e+06	0.00206362	0.000973682
5.58e+06	0.00206745	0.000975688
5.585e+06	0.00206959	0.000974767
5.59e+06	0.00207382	0.000972811
5.595e+06	0.00207773	0.000966325
5.6e+06	0.00207634	0.000962717
5.605e+06	0.00207005	0.000961272
5.61e+06	0.00207619	0.000958255
5.615e+06	0.00207494	0.000956473
5.62e+06	0.00207902	0.00095975
5.625e+06	0.00208741	0.000965954
5.63e+06	0.00208844	0.000966648
5.635e+06	0.00209099	0.00097229
5.64e+06	0.00209566	0.000973966
5.645e+06	0.00209157	0.000974708
5.65e+06	0.00208404	0.00098035
5.655e+06	0.00207403	0.000984015
5.66e+06	0.00207271	0.000986493
5.665e+06	0.00207064	0.000982787
5.67e+06	0.00206773	0.000978758
5.675e+06	0.00206328	0.000977368
5.68e+06	0.0020609	0.000972072
5.685e+06	0.002058	0.000964764
5.69e+06	0.00205859	0.000960201
5.695e+06	0.00205835	0.00095717
5.7e+06	0.00205246	0.000959867
5.705e+06	0.00204417	0.000953249
5.71e+06	0.0020395	0.000947618
5.715e+06	0.00203673	0.000946398
5.72e+06	0.00203943	0.000943301
5.725e+06	0.00204189	0.000945281
5.73e+06	0.00204501	0.000950992
5.735e+06	0.00204472	0.000946225
5.74e+06	0.00204264	0.000943284
5.745e+06	0.0020395	0.000938791
5.75e+06	0.0020381	0.000940536
5.755e+06	0.00203567	0.000947643
5.76e+06	0.00203444	0.000952897
5.765e+06	0.00203203	0.00096263
5.77e+06	0.0020278	0.000967329
5.775e+06	0.00202473	0.000968253
5.78e+06	0.00202919	0.000971872
5.785e+06	0.00202449	0.000979339
5.79e+06	0.00202792	0.000988042
5.795e+06	0.00203091	0.000998635
5.8e+06	0.00202906	0.00101057
5.805e+06	0.00201932	0.00101302
5.81e+06	0.00201235	0.00101789
5.815e+06	0.00200205	0.00101914
5.82e+06	0.00200251	0.00101452
5.825e+06	0.00200159	0.00100487
5.83e+06	0.00199871	0.00100292
5.835e+06	0.00199936	0.00100127
5.84e+06	0.00200224	0.000997458
5.845e+06	0.00199633	0.000989816
5.85e+06	0.00198901	0.000980678
5.855e+06	0.00198375	0.000983138
5.86e+06	0.00198266	0.000987683
5.865e+06	0.00197634	0.000988062
5.87e+06	0.00197278	0.000991175
5.875e+06	0.00197006	0.000992751
5.88e+06	0.00196926	0.000995811
5.885e+06	0.00197556	0.000998607
5.89e+06	0.00198139	0.0010011
5.895e+06	0.00198107	0.00100149
5.9e+06	0.0019819	0.00100311
5.905e+06	0.0019767	0.000998564
5.91e+06	0.00197421	0.00099969
5.915e+06	0.00197374	0.000998974
5.92e+06	0.00196965	0.0010024
5.925e+06	0.00196591	0.00100405
5.93e+06	0.00197912	0.000994811
5.935e+06	0.00198297	0.000993665
5.94e+06	0.00198896	0.0009945
5.945e+06	0.00199049	0.000997195
5.95e+06	0.00199047	0.000992215
5.955e+06	0.00199413	0.000987927
5.96e+06	0.00199808	0.000982948
5.965e+06	0.00199572	0.000978724
5.97e+06	0.00199697	0.000974351
5.975e+06	0.00200077	0.000975104
5.98e+06	0.00200527	0.000971
5.985e+06	0.00200409	0.000961432
5.99e+06	0.00200257	0.00095995
5.995e+06	0.00200271	0.000959349
6e+06	0.00199472	0.000957718
6.005e+06	0.00199289	0.000955126
6.01e+06	0.0019931	0.000959503
6.015e+06	0.00199301	0.000958662
6.02e+06	0.00199229	0.00096046
6.025e+06	0.00198707	0.000957354
6.03e+06	0.00197766	0.000960504
6.035e+06	0.00196999	0.00095332
6.04e+06	0.00197308	0.000954374
6.045e+06	0.00197502	0.000959365
6.05e+06	0.00196935	0.00096232
6.055e+06	0.00196519	0.000965078
6.06e+06	0.00196362	0.000964421
6.065e+06	0.00196374	0.000964078
6.07e+06	0.00196278	0.000961421
6.075e+06	0.0019615	0.000961315
6.08e+06	0.00195844	0.000958272
6.085e+06	0.00195336	0.00095818
6.09e+06	0.0019576	0.000955773
6.095e+06	0.00196543	0.000950938
6.1e+06	0.00196361	0.000943423
6.105e+06	0.00195594	0.000937627
6.11e+06	0.00194765	0.000934681
6.115e+06	0.00194404	0.00093419
6.12e+06	0.00194436	0.000936874
6.125e+06	0.00194299	0.000941447
6.13e+06	0.00194595	0.000941949
6.135e+06	0.00194377	0.00094485
6.14e+06	0.00194388	0.000943861
6.145e+06	0.00194514	0.000950425
6.15e+06	0.00194834	0.000953317
6.155e+06	0.0019532	0.000955016
6.16e+06	0.00195963	0.00095799
6.165e+06	0.00196167	0.000960169
6.17e+06	0.0019624	0.00095653
6.175e+06	0.00196177	0.000957415
6.18e+06	0.00195652	0.000961427
6.185e+06	0.00195685	0.000963114
6.19e+06	0.00195663	0.000960813
6.195e+06	0.00195667	0.000962682
6.2e+06	0.00195791	0.000961978
6.205e+06	0.00196052	0.000958487
6.21e+06	0.0019651	0.000954035
6.215e+06	0.00196182	0.000948626
6.22e+06	0.00195832	0.000949108
6.225e+06	0.00195592	0.000951086
6.23e+06	0.00195919	0.000949879
6.235e+06	0.0019604	0.000949474
6.24e+06	0.00195602	0.000943551
6.245e+06	0.00196053	0.000935499
6.25e+06	0.00196808	0.000932873
6.255e+06	0.00196299	0.000937245
6.26e+06	0.00195653	0.000942005
6.265e+06	0.00195647	0.000946816
6.27e+06	0.0019583	0.000952944
6.275e+06	0.00196214	0.00095778
6.28e+06	0.00196537	0.000958674
6.285e+06	0.00196515	0.000957354
6.29e+06	0.00196485	0.000959994
6.295e+06	0.00195813	0.000968023
6.3e+06	0.00196255	0.000970172
6.305e+06	0.00195542	0.000961182
6.31e+06	0.0019445	0.000948514
6.315e+06	0.00194155	0.000946094
6.32e+06	0.00193823	0.000945151
6.325e+06	0.00193044	0.000941863
6.33e+06	0.00192614	0.000940162
6.335e+06	0.00192638	0.000940312
6.34e+06	0.00192688	0.0009474
6.345e+06	0.00192605	0.000953892
6.35e+06	0.00192739	0.000959808
6.355e+06	0.00193233	0.000959792
6.36e+06	0.00193363	0.000963544
6.365e+06	0.00193701	0.000968562
6.37e+06	0.00193702	0.000967369
6.375e+06	0.00193106	0.000962222
6.38e+06	0.00192928	0.000958631
6.385e+06	0.0019296	0.000958255
6.39e+06	0.00193022	0.000959859
6.395e+06	0.00192727	0.0009569
6.4e+06	0.00192373	0.000951346
6.405e+06	0.00191089	0.000948337
6.41e+06	0.00190679	0.000941697
6.415e+06	0.00190458	0.000940577
6.42e+06	0.00190225	0.000938764
6.425e+06	0.00189787	0.000939595
6.43e+06	0.00189453	0.000937132
6.435e+06	0.0018916	0.000935964
6.44e+06	0.00188633	0.000938194
6.445e+06	0.00188576	0.000938755
6.45e+06	0.00189091	0.000944149
6.455e+06	0.00188294	0.000946443
6.46e+06	0.00187314	0.000943619
6.465e+06	0.00186557	0.000938956
6.47e+06	0.00186628	0.000935533
6.475e+06	0.00186444	0.000931342
6.48e+06	0.00186554	0.000930763
6.485e+06	0.00186249	0.000932375
6.49e+06	0.00186348	0.000935666
6.495e+06	0.0018622	0.000932242
6.5e+06	0.00186209	0.000928932
6.505e+06	0.00186106	0.000933391
6.51e+06	0.00186621	0.000940272
6.515e+06	0.00187011	0.000947273
6.52e+06	0.00186855	0.000949135
6.525e+06	0.0018627	0.000950066
6.53e+06	0.00185875	0.000948614
6.535e+06	0.00185316	0.000948253
6.54e+06	0.00185455	0.000948953
6.545e+06	0.00185139	0.000943561
6.55e+06	0.00185381	0.000939517
6.555e+06	0.00184785	0.00093757
6.56e+06	0.00184918	0.000941708
6.565e+06	0.0018505	0.000944237
6.57e+06	0.00185427	0.000947157
6.575e+06	0.00185152	0.000946591
6.58e+06	0.00184612	0.000948849
6.585e+06	0.00184504	0.000950648
6.59e+06	0.00184561	0.00095415
6.595e+06	0.00184143	0.000958627
6.6e+06	0.00183782	0.000957268
6.605e+06	0.00183399	0.000951231
6.61e+06	0.00183497	0.000950409
6.615e+06	0.00183722	0.000950285
6.62e+06	0.0018398	0.000946698
6.625e+06	0.00183506	0.000943281
6.63e+06	0.00182794	0.000947047
6.635e+06	0.00182734	0.000941989
6.64e+06	0.00182442	0.000939451
6.645e+06	0.00182829	0.000942027
6.65e+06	0.00183023	0.000934972
6.655e+06	0.00182955	0.000931992
6.66e+06	0.00182702	0.00093085
6.665e+06	0.0018284	0.000924713
6.67e+06	0.00183281	0.000923014
6.675e+06	0.0018311	0.000917959
6.68e+06	0.00182986	0.000921531
6.685e+06	0.001827	0.000928444
6.69e+06	0.00182404	0.00093031
6.695e+06	0.00182232	0.000932024
6.7e+06	0.00181331	0.000927041
6.705e+06	0.00181259	0.000924915
6.71e+06	0.00181062	0.000925423
6.715e+06	0.00181235	0.000928391
6.72e+06	0.00181871	0.000932027
6.725e+06	0.00181876	0.000931849
6.73e+06	0.00181322	0.000930102
6.735e+06	0.00180832	0.000933931
6.74e+06	0.00180144	0.000933612
6.745e+06	0.00179944	0.000934274
6.75e+06	0.0017997	0.000940346
6.755e+06	0.00180447	0.000927226
6.76e+06	0.00180493	0.000923368
6.765e+06	0.00180632	0.000923027
6.77e+06	0.00181423	0.000927233
6.775e+06	0.00182181	0.000931546
6.78e+06	0.00181846	0.000935263
6.785e+06	0.00181459	0.000939752
6.79e+06	0.00181425	0.000937981
6.795e+06	0.00181071	0.000933625
6.8e+06	0.00181231	0.000934126
6.805e+06	0.00181464	0.000924172
6.81e+06	0.00181345	0.000921993
6.815e+06	0.00181351	0.00091807
6.82e+06	0.00181169	0.000914886
6.825e+06	0.00180931	0.000910643
6.83e+06	0.00180764	0.000910859
6.835e+06	0.00180752	0.000910085
6.84e+06	0.00180859	0.000901354
6.845e+06	0.00180927	0.000898167
6.85e+06	0.00180405	0.000894276
6.855e+06	0.001802	0.000889618
6.86e+06	0.00180225	0.000879227
6.865e+06	0.00180489	0.000874246
6.87e+06	0.00180938	0.000864716
6.875e+06	0.00181101	0.000865817
6.88e+06	0.0018128	0.000861394
6.885e+06	0.00180921	0.000858315
6.89e+06	0.00181128	0.000850056
6.895e+06	0.00181131	0.000843947
6.9e+06	0.00181137	0.000840682
6.905e+06	0.00181012	0.000837606
6.91e+06	0.00181028	0.000834863
6.915e+06	0.00181163	0.000828399
6.92e+06	0.00181672	0.00081566
6.925e+06	0.00181835	0.00081695
6.93e+06	0.00181813	0.000821745
6.935e+06	0.0018177	0.000827566
6.94e+06	0.00181283	0.00082301
6.945e+06	0.00181252	0.000820492
6.95e+06	0.00181192	0.000823917
6.955e+06	0.00181103	0.000828059
6.96e+06	0.00181655	0.000837116
6.965e+06	0.00181902	0.000844894
6.97e+06	0.00181499	0.000844821
6.975e+06	0.00180899	0.000837768
6.98e+06	0.00180655	0.000831946
6.985e+06	0.00180841	0.000824047
6.99e+06	0.00180436	0.000819206
6.995e+06	0.00180296	0.000822581
7e+06	0.00179977	0.000823252
7.005e+06	0.00180359	0.000829243
7.01e+06	0.00179821	0.000830715
7.015e+06	0.00179292	0.000825571
7.02e+06	0.0017964	0.000826395
7.025e+06	0.00179747	0.000827875
7.03e+06	0.00179909	0.0008287
7.035e+06	0.00179953	0.000830152
7.04e+06	0.00180632	0.000831038
7.045e+06	0.00181328	0.000834079
7.05e+06	0.00182152	0.000837864
7.055e+06	0.00182763	0.000835749
7.06e+06	0.00183072	0.000830473
7.065e+06	0.00183065	0.000822809
7.07e+06	0.00182919	0.000820233
7.075e+06	0.00182346	0.000818
7.08e+06	0.00181591	0.000813373
7.085e+06	0.00181439	0.000813708
7.09e+06	0.00181372	0.000813979
7.095e+06	0.0018122	0.000812591
7.1e+06	0.00180925	0.000812527
7.105e+06	0.00181369	0.000807502
7.11e+06	0.00181535	0.000808736
7.115e+06	0.00181966	0.000811112
7.12e+06	0.00181187	0.000805968
7.125e+06	0.00180823	0.000802533
7.13e+06	0.00180194	0.00079902
7.135e+06	0.00179359	0.000800991
7.14e+06	0.0017953	0.000801228
7.145e+06	0.0018	0.000800362
7.15e+06	0.00180079	0.000798097
7.155e+06	0.00180151	0.000797405
7.16e+06	0.00180728	0.000794547
7.165e+06	0.00181059	0.00078934
7.17e+06	0.00181021	0.00078659
7.175e+06	0.00181604	0.000783875
7.18e+06	0.00181935	0.000783041
7.185e+06	0.00181528	0.000785101
7.19e+06	0.00181142	0.000784268
7.195e+06	0.00181101	0.000782317
7.2e+06	0.0018123	0.000778171
7.205e+06	0.00180991	0.000775894
7.21e+06	0.00180961	0.00077667
7.215e+06	0.0018124	0.000776183
7.22e+06	0.00181127	0.000779778
7.225e+06	0.00181	0.000781405
7.23e+06	0.00181196	0.000786537
7.235e+06	0.00181379	0.000795309
7.24e+06	0.00181454	0.000799645
7.245e+06	0.00181031	0.000806145
7.25e+06	0.00181021	0.000808706
7.255e+06	0.00181169	0.000812028
7.26e+06	0.00181419	0.000814507
7.265e+06	0.00181448	0.000817475
7.27e+06	0.00181528	0.000816337
7.275e+06	0.00181669	0.000818113
7.28e+06	0.00182174	0.000819667
7.285e+06	0.00182174	0.000816898
7.29e+06	0.00182321	0.000813845
7.295e+06	0.00182559	0.000818464
7.3e+06	0.00182052	0.000814895
7.305e+06	0.00181194	0.000813595
7.31e+06	0.00180663	0.000811288
7.315e+06	0.00180679	0.000808648
7.32e+06	0.00180553	0.000811135
7.325e+06	0.00181052	0.000814578
7.33e+06	0.00180193	0.000812186
7.335e+06	0.00179661	0.000814479
7.34e+06	0.00178945	0.000816476
7.345e+06	0.00179162	0.000818034
7.35e+06	0.00179363	0.000817879
7.355e+06	0.00179537	0.000818491
7.36e+06	0.00179519	0.000819475
7.365e+06	0.00179403	0.000815899
7.37e+06	0.00179254	0.000820095
7.375e+06	0.00179122	0.000816089
7.38e+06	0.00179047	0.000818475
7.385e+06	0.00178767	0.000823587
7.39e+06	0.00178437	0.000821298
7.395e+06	0.00178449	0.000820136
7.4e+06	0.00178529	0.000818555
7.405e+06	0.0017973	0.000819823
7.41e+06	0.00180566	0.000817203
7.415e+06	0.00181175	0.000819466
7.42e+06	0.00181895	0.000816414
7.425e+06	0.00182456	0.000814737
7.43e+06	0.00182317	0.000807834
7.435e+06	0.0018158	0.000804824
7.44e+06	0.001811	0.00079607
7.445e+06	0.0018079	0.000786158
7.45e+06	0.00180941	0.000787875
7.455e+06	0.00181037	0.000785826
7.46e+06	0.00181099	0.000789218
7.465e+06	0.00181053	0.000790467
7.47e+06	0.0018101	0.000785986
7.475e+06	0.001809	0.000783699
7.48e+06	0.00180872	0.000783424
7.485e+06	0.00181039	0.000784655
7.49e+06	0.00181602	0.000780588
7.495e+06	0.00181783	0.000779774
7.5e+06	0.00181616	0.000779347
7.505e+06	0.00181355	0.000781352
7.51e+06	0.00181027	0.00078599
7.515e+06	0.00180576	0.000781475
7.52e+06	0.00181012	0.000778819
7.525e+06	0.00180787	0.000782035
7.53e+06	0.0018092	0.000779315
7.535e+06	0.00180778	0.000775178
7.54e+06	0.00180858	0.000773418
7.545e+06	0.00180817	0.000776323
7.55e+06	0.00180464	0.000784846
7.555e+06	0.00180782	0.000783454
7.56e+06	0.00180578	0.000783244
7.565e+06	0.00180629	0.000785577
7.57e+06	0.00180512	0.000785459
7.575e+06	0.00180401	0.000787761
7.58e+06	0.00180599	0.000788072
7.585e+06	0.00180794	0.00079159
7.59e+06	0.00180697	0.000793737
7.595e+06	0.00180058	0.000799653
7.6e+06	0.00179277	0.000798017
7.605e+06	0.00179128	0.000801606
7.61e+06	0.00179042	0.000803553
7.615e+06	0.00178666	0.000804441
7.62e+06	0.00178067	0.000801533
7.625e+06	0.00177963	0.00079774
7.63e+06	0.00177616	0.000800801
7.635e+06	0.00177827	0.000804252
7.64e+06	0.00177706	0.000803201
7.645e+06	0.00177844	0.000805829
7.65e+06	0.00177847	0.00080859
7.655e+06	0.00177805	0.000807719
7.66e+06	0.00178664	0.000810106
7.665e+06	0.00178833	0.000812663
7.67e+06	0.00178478	0.00081617
7.675e+06	0.00177891	0.000820367
7.68e+06	0.00177029	0.000822327
7.685e+06	0.00176052	0.000822678
7.69e+06	0.00175443	0.000814005
7.695e+06	0.00175411	0.000811669
7.7e+06	0.00175246	0.000808424
7.705e+06	0.00175576	0.000806558
7.71e+06	0.00175489	0.000804087
7.715e+06	0.00175286	0.000800839
7.72e+06	0.00175444	0.000793026
7.725e+06	0.00175414	0.000790414
7.73e+06	0.00175013	0.000793955
7.735e+06	0.00174999	0.000794877
7.74e+06	0.00175181	0.000796958
7.745e+06	0.00175168	0.000796625
7.75e+06	0.00175786	0.000795032
7.755e+06	0.00175619	0.000790688
7.76e+06	0.0017518	0.000785522
7.765e+06	0.00175317	0.000775583
7.77e+06	0.00175937	0.000768238
7.775e+06	0.00175755	0.000765441
7.78e+06	0.0017539	0.000767222
7.785e+06	0.00174599	0.000761166
7.79e+06	0.00174157	0.000758585
7.795e+06	0.00173809	0.000753321
7.8e+06	0.00173318	0.000749797
7.805e+06	0.00172831	0.000745351
7.81e+06	0.00172606	0.000749474
7.815e+06	0.00172327	0.000752423
7.82e+06	0.00171968	0.000753254
7.825e+06	0.00171468	0.000754902
7.83e+06	0.00171269	0.000750346
7.835e+06	0.00171312	0.000749924
7.84e+06	0.00171056	0.000754533
7.845e+06	0.00170944	0.000753707
7.85e+06	0.00170857	0.000752566
7.855e+06	0.00170507	0.000751256
7.86e+06	0.0016966	0.000748713
7.865e+06	0.00169194	0.000750918
7.87e+06	0.00168832	0.00074685
7.875e+06	0.00168946	0.000741966
7.88e+06	0.00168925	0.000737782
7.885e+06	0.00169105	0.000731602
7.89e+06	0.00169378	0.000722333
7.895e+06	0.00169999	0.00072174
7.9e+06	0.00170666	0.000721413
7.905e+06	0.00170918	0.000721917
7.91e+06	0.00171342	0.000719737
7.915e+06	0.00171569	0.000718265
7.92e+06	0.00171666	0.000720349
7.925e+06	0.00171459	0.000720912
7.93e+06	0.00171378	0.000728064
7.935e+06	0.00171656	0.000730315
7.94e+06	0.0017193	0.000732925
7.945e+06	0.00172499	0.00073075
7.95e+06	0.00171986	0.000728294
7.955e+06	0.00172171	0.000728512
7.96e+06	0.00171991	0.00072552
7.965e+06	0.00171794	0.000722669
7.97e+06	0.00172139	0.000721038
7.975e+06	0.00171946	0.00071848
7.98e+06	0.00171894	0.00071945
7.985e+06	0.00171862	0.000717073
7.99e+06	0.00171537	0.000718643
7.995e+06	0.00171614	0.000717636
8e+06	0.00172283	0.000720389
8.005e+06	0.00172397	0.000721502
8.01e+06	0.0017206	0.000720684
8.015e+06	0.00172038	0.000721434
8.02e+06	0.00172362	0.000722662
8.025e+06	0.0017277	0.00072358
8.03e+06	0.00172973	0.000719324
8.035e+06	0.00173387	0.000719421
8.04e+06	0.00173286	0.000719205
8.045e+06	0.00173123	0.000721175
8.05e+06	0.00173506	0.000723221
8.055e+06	0.00173902	0.000728485
8.06e+06	0.00173789	0.000726495
8.065e+06	0.00173483	0.000724063
8.07e+06	0.00173431	0.000725828
8.075e+06	0.00174138	0.000731016
8.08e+06	0.00175078	0.00073825
8.085e+06	0.00175143	0.000741744
8.09e+06	0.00175578	0.000745652
8.095e+06	0.00175412	0.000745827
8.1e+06	0.0017539	0.000747315
8.105e+06	0.00175152	0.00074608
8.11e+06	0.00174876	0.000744635
8.115e+06	0.00174971	0.000747094
8.12e+06	0.00175067	0.000754533
8.125e+06	0.00175121	0.000759037
8.13e+06	0.00174681	0.000759436
8.135e+06	0.00174897	0.000756339
8.14e+06	0.00174851	0.0007534
8.145e+06	0.00175433	0.000750989
8.15e+06	0.00175479	0.000755955
8.155e+06	0.00175596	0.000755053
8.16e+06	0.0017568	0.000760902
8.165e+06	0.00175625	0.000764565
8.17e+06	0.00175512	0.000767737
8.175e+06	0.0017542	0.000767185
8.18e+06	0.00175254	0.000772788
8.185e+06	0.0017489	0.00077748
8.19e+06	0.00174286	0.000779203
8.195e+06	0.00174186	0.000778753
8.2e+06	0.00174553	0.00077858
8.205e+06	0.0017455	0.000775362
8.21e+06	0.0017445	0.000773348
8.215e+06	0.00174491	0.000770135
8.22e+06	0.00174205	0.000764528
8.225e+06	0.00174444	0.000759859
8.23e+06	0.00174358	0.000759855
8.235e+06	0.00174351	0.000757438
8.24e+06	0.00174598	0.000755675
8.245e+06	0.00174717	0.000752006
8.25e+06	0.00174572	0.000749462
8.255e+06	0.00174211	0.000750365
8.26e+06	0.00173481	0.000753162
8.265e+06	0.00172699	0.000754998
8.27e+06	0.00171632	0.0007519
8.275e+06	0.00171112	0.000752594
8.28e+06	0.00171071	0.000752438
8.285e+06	0.00171541	0.000755995
8.29e+06	0.0017158	0.000758074
8.295e+06	0.00171826	0.000759813
8.3e+06	0.00172107	0.000759686
8.305e+06	0.001724	0.00076035
8.31e+06	0.00172576	0.000761421
8.315e+06	0.0017298	0.000768028
8.32e+06	0.00173136	0.000770732
8.325e+06	0.00172777	0.000771916
8.33e+06	0.00172796	0.000767578
8.335e+06	0.00172985	0.000763418
8.34e+06	0.00172965	0.00075813
8.345e+06	0.00173324	0.000750262
8.35e+06	0.00173214	0.000746192
8.355e+06	0.00173729	0.000745228
8.36e+06	0.00174296	0.000740556
8.365e+06	0.00174354	0.000736864
8.37e+06	0.00174481	0.000737546
8.375e+06	0.00174438	0.000737674
8.38e+06	0.00174547	0.000737864
8.385e+06	0.00174816	0.000738413
8.39e+06	0.00174506	0.000737861
8.395e+06	0.00174529	0.000739499
8.4e+06	0.00174147	0.000739088
8.405e+06	0.00173705	0.000734533
8.41e+06	0.00173333	0.000731519
8.415e+06	0.00173106	0.000731489
8.42e+06	0.00173577	0.000731639
8.425e+06	0.00173381	0.000731575
8.43e+06	0.00173487	0.000731984
8.435e+06	0.00173369	0.000731603
8.44e+06	0.00173179	0.000724832
8.445e+06	0.00172783	0.000722646
8.45e+06	0.00172687	0.000724904
8.455e+06	0.001725	0.000729937
8.46e+06	0.00172788	0.000731706
8.465e+06	0.00172704	0.000725642
8.47e+06	0.0017262	0.000727574
8.475e+06	0.00172377	0.000726841
8.48e+06	0.00171926	0.000734625
8.485e+06	0.0017166	0.000735777
8.49e+06	0.00171576	0.000734104
8.495e+06	0.00171691	0.000734482
8.5e+06	0.00171252	0.000733038
8.505e+06	0.00170804	0.00073298
8.51e+06	0.00170896	0.000728166
8.515e+06	0.00170672	0.000727874
8.52e+06	0.00170243	0.000730262
8.525e+06	0.00170576	0.000727914
8.53e+06	0.00170848	0.00072455
8.535e+06	0.00170913	0.000723998
8.54e+06	0.00170774	0.000727664
8.545e+06	0.00171131	0.000732342
8.55e+06	0.00171333	0.000733733
8.555e+06	0.00171324	0.000733802
8.56e+06	0.00171331	0.000731013
8.565e+06	0.00171364	0.000730297
8.57e+06	0.00170744	0.000730231
8.575e+06	0.00170974	0.000730197
8.58e+06	0.001707	0.000733941
8.585e+06	0.00170631	0.000733309
8.59e+06	0.0017071	0.000730825
8.595e+06	0.00170814	0.000732775
8.6e+06	0.00170504	0.000729846
8.605e+06	0.00170238	0.000738531
8.61e+06	0.00170199	0.000741517
8.615e+06	0.00170263	0.000740295
8.62e+06	0.00170346	0.000740474
8.625e+06	0.00170532	0.000739863
8.63e+06	0.00170495	0.000739077
8.635e+06	0.00170362	0.000737832
8.64e+06	0.00169738	0.00073165
8.645e+06	0.00169658	0.000729433
8.65e+06	0.00169961	0.000725027
8.655e+06	0.00170015	0.000721163
8.66e+06	0.00170532	0.000722485
8.665e+06	0.0017075	0.000720883
8.67e+06	0.0017056	0.000720479
8.675e+06	0.00170054	0.000722382
8.68e+06	0.00169595	0.000725249
8.685e+06	0.0016977	0.000724717
8.69e+06	0.00170087	0.000724138
8.695e+06	0.00169649	0.000719655
8.7e+06	0.00169282	0.000718857
8.705e+06	0.00169226	0.000722207
8.71e+06	0.00169123	0.000728434
8.715e+06	0.00169368	0.000734843
8.72e+06	0.001692	0.0007343
8.725e+06	0.00169441	0.000734533
8.73e+06	0.0016963	0.000729039
8.735e+06	0.00169255	0.000723217
8.74e+06	0.00169185	0.000720975
8.745e+06	0.00168778	0.000720001
8.75e+06	0.00168877	0.000720507
8.755e+06	0.00169022	0.000722049
8.76e+06	0.00169485	0.000725102
8.765e+06	0.00169525	0.000726226
8.77e+06	0.0016964	0.000731031
8.775e+06	0.00169474	0.000731994
8.78e+06	0.0016929	0.000731314
8.785e+06	0.0016854	0.000727915
8.79e+06	0.00168129	0.000726981
8.795e+06	0.0016783	0.000725033
8.8e+06	0.00167378	0.000723144
8.805e+06	0.00166976	0.000720111
8.81e+06	0.00166718	0.000721081
8.815e+06	0.00167251	0.000723559
8.82e+06	0.00167317	0.000729087
8.825e+06	0.00167258	0.000733705
8.83e+06	0.00167162	0.000733969
8.835e+06	0.00167427	0.000732191
8.84e+06	0.00167663	0.000731036
8.845e+06	0.00167784	0.000733808
8.85e+06	0.00167878	0.000736895
8.855e+06	0.00167843	0.000735065
8.86e+06	0.00168284	0.000737369
8.865e+06	0.00168876	0.000739398
8.87e+06	0.00169108	0.000738905
8.875e+06	0.00169215	0.000738856
8.88e+06	0.00168839	0.000736234
8.885e+06	0.00168565	0.000738395
8.89e+06	0.0016857	0.000738475
8.895e+06	0.00168346	0.000734825
8.9e+06	0.00168012	0.000734971
8.905e+06	0.00167943	0.00072915
8.91e+06	0.00168109	0.000724561
8.915e+06	0.00168075	0.00072278
8.92e+06	0.001681	0.000721439
8.925e+06	0.0016821	0.000720602
8.93e+06	0.00168053	0.000720449
8.935e+06	0.00168068	0.000721497
8.94e+06	0.00167965	0.000718873
8.945e+06	0.00167533	0.000716311
8.95e+06	0.00167393	0.000717612
8.955e+06	0.00167199	0.000722466
8.96e+06	0.00166666	0.0007263
8.965e+06	0.00166702	0.000728312
8.97e+06	0.00166685	0.000730785
8.975e+06	0.00166429	0.000735269
8.98e+06	0.00166464	0.000732287
8.985e+06	0.001658	0.000730394
8.99e+06	0.00165451	0.000728084
8.995e+06	0.00165372	0.000731171
9e+06	0.00165008	0.00073364
9.005e+06	0.00164354	0.000733582
9.01e+06	0.00163669	0.000733824
9.015e+06	0.00163185	0.000734278
9.02e+06	0.00162718	0.000731204
9.025e+06	0.00162607	0.000731785
9.03e+06	0.00162533	0.000732924
9.035e+06	0.00162382	0.000731621
9.04e+06	0.00162825	0.000726993
9.045e+06	0.0016299	0.000730427
9.05e+06	0.00163082	0.000725842
9.055e+06	0.00162981	0.000723006
9.06e+06	0.00163582	0.000723586
9.065e+06	0.00164224	0.000719519
9.07e+06	0.00164697	0.000721335
9.075e+06	0.00164744	0.000723174
9.08e+06	0.00164724	0.000722057
9.085e+06	0.00164597	0.000720441
9.09e+06	0.00164737	0.000718124
9.095e+06	0.00164718	0.000718268
9.1e+06	0.00164251	0.000720589
9.105e+06	0.00163951	0.000719845
9.11e+06	0.00163753	0.000720424
9.115e+06	0.0016371	0.00072269
9.12e+06	0.00163953	0.000727472
9.125e+06	0.00164011	0.000727144
9.13e+06	0.00163716	0.000727023
9.135e+06	0.00163354	0.000730518
9.14e+06	0.00163449	0.000731467
9.145e+06	0.00163559	0.000728886
9.15e+06	0.00163569	0.000728548
9.155e+06	0.00163688	0.000731925
9.16e+06	0.00163971	0.000736307
9.165e+06	0.00164037	0.000731988
9.17e+06	0.00164102	0.000734864
9.175e+06	0.00163737	0.000735725
9.18e+06	0.00163524	0.000735392
9.185e+06	0.00163388	0.000735016
9.19e+06	0.00163288	0.000735858
9.195e+06	0.00162853	0.000734113
9.2e+06	0.00162681	0.000737458
9.205e+06	0.00162497	0.000740674
9.21e+06	0.00162263	0.000743437
9.215e+06	0.00162195	0.000743501
9.22e+06	0.0016219	0.000742472
9.225e+06	0.00162027	0.000739751
9.23e+06	0.00161655	0.00074293
9.235e+06	0.00161709	0.000748631
9.24e+06	0.00162334	0.000750369
9.245e+06	0.00162723	0.000750113
9.25e+06	0.00162828	0.000743568
9.255e+06	0.00162586	0.000744127
9.26e+06	0.00162693	0.000743736
9.265e+06	0.00162637	0.000739023
9.27e+06	0.00162574	0.000739311
9.275e+06	0.00162158	0.000736224
9.28e+06	0.00161817	0.000738324
9.285e+06	0.0016192	0.000738735
9.29e+06	0.00161828	0.000738486
9.295e+06	0.00161573	0.000738385
9.3e+06	0.00161936	0.000737411
9.305e+06	0.00162556	0.000741153
9.31e+06	0.00162562	0.000742693
9.315e+06	0.0016249	0.000742795
9.32e+06	0.00162024	0.000742036
9.325e+06	0.00162	0.000741694
9.33e+06	0.00161802	0.000743921
9.335e+06	0.00161605	0.000745375
9.34e+06	0.0016188	0.000748547
9.345e+06	0.00162217	0.000743766
9.35e+06	0.00162661	0.000745793
9.355e+06	0.00162988	0.000746235
9.36e+06	0.00163359	0.000749839
9.365e+06	0.00163727	0.000751617
9.37e+06	0.0016401	0.000757631
9.375e+06	0.0016402	0.000758877
9.38e+06	0.00163886	0.000760844
9.385e+06	0.00163997	0.000761744
9.39e+06	0.00164239	0.000769633
9.395e+06	0.00164296	0.000771934
9.4e+06	0.00164252	0.00077492
9.405e+06	0.00164322	0.000774532
9.41e+06	0.00164168	0.000771411
9.415e+06	0.00164521	0.00076999
9.42e+06	0.00164458	0.000771225
9.425e+06	0.00164498	0.000770711
9.43e+06	0.00164753	0.000766494
9.435e+06	0.00164987	0.00076702
9.44e+06	0.00164941	0.000764407
9.445e+06	0.00164979	0.000758104
9.45e+06	0.00164676	0.000755232
9.455e+06	0.00164013	0.000750937
9.46e+06	0.00163519	0.000745372
9.465e+06	0.00163073	0.000744757
9.47e+06	0.00162647	0.000743196
9.475e+06	0.0016234	0.000744028
9.48e+06	0.00162282	0.00074029
9.485e+06	0.00162576	0.000734864
9.49e+06	0.00162715	0.0007328
9.495e+06	0.00162045	0.00073071
9.5e+06	0.00162093	0.000730119
9.505e+06	0.00161736	0.000730511
9.51e+06	0.00161251	0.000729526
9.515e+06	0.00160678	0.000727769
9.52e+06	0.00160786	0.000726737
9.525e+06	0.00160665	0.000727201
9.53e+06	0.00160589	0.000731162
9.535e+06	0.00160774	0.000735525
9.54e+06	0.00160698	0.000736389
9.545e+06	0.00160221	0.000736007
9.55e+06	0.00159892	0.000734688
9.555e+06	0.00159978	0.000737088
9.56e+06	0.00159917	0.000737967
9.565e+06	0.00159574	0.000738734
9.57e+06	0.00159244	0.00073865
9.575e+06	0.00159374	0.000735142
9.58e+06	0.00159187	0.000735996
9.585e+06	0.00159518	0.000730169
9.59e+06	0.0015965	0.000726968
9.595e+06	0.00159212	0.000723645
9.6e+06	0.00158786	0.000716196
9.605e+06	0.0015895	0.000713872
9.61e+06	0.00158469	0.000711092
9.615e+06	0.00158306	0.000708864
9.62e+06	0.00157887	0.000704576
9.625e+06	0.00157918	0.00070809
9.63e+06	0.00157745	0.000710453
9.635e+06	0.00157856	0.000712978
9.64e+06	0.00157579	0.000714513
9.645e+06	0.00157533	0.000716394
9.65e+06	0.00157728	0.00072002
9.655e+06	0.00157208	0.00072372
9.66e+06	0.00157225	0.000724306
9.665e+06	0.00157096	0.000724064
9.67e+06	0.00156599	0.000721717
9.675e+06	0.00157003	0.000721833
9.68e+06	0.00157366	0.000721708
9.685e+06	0.0015717	0.000721276
9.69e+06	0.00157218	0.000726537
9.695e+06	0.00157405	0.000730029
9.7e+06	0.00157476	0.00073017
9.705e+06	0.00157768	0.000728298
9.71e+06	0.00157816	0.000725484
9.715e+06	0.00157587	0.000726406
9.72e+06	0.00157021	0.000720916
9.725e+06	0.00157157	0.000715383
9.73e+06	0.00156949	0.000716675
9.735e+06	0.00156755	0.000715724
9.74e+06	0.00156839	0.000719788
9.745e+06	0.00157317	0.000720676
9.75e+06	0.00157673	0.000723547
9.755e+06	0.00157673	0.000722563
9.76e+06	0.00157317	0.00071936
9.765e+06	0.00157668	0.000720318
9.77e+06	0.00157948	0.000723983
9.775e+06	0.00157899	0.000724596
9.78e+06	0.00158115	0.00072323
9.785e+06	0.00157981	0.000721489
9.79e+06	0.00158014	0.000720364
9.795e+06	0.00158106	0.000721576
9.8e+06	0.00158332	0.000719829
9.805e+06	0.00158893	0.000718938
9.81e+06	0.00159356	0.000720322
9.815e+06	0.00159363	0.000720798
9.82e+06	0.00159245	0.000720756
9.825e+06	0.00159277	0.000720892
9.83e+06	0.00159736	0.000722891
9.835e+06	0.00159612	0.000721425
9.84e+06	0.00159582	0.000720369
9.845e+06	0.00159498	0.000718575
9.85e+06	0.00159133	0.00072148
9.855e+06	0.00159641	0.000723085
9.86e+06	0.0015952	0.000726399
9.865e+06	0.00159591	0.000728282
9.87e+06	0.00159429	0.000731269
9.875e+06	0.00159485	0.000730368
9.88e+06	0.00159276	0.000727058
9.885e+06	0.00159178	0.000725198
9.89e+06	0.00159177	0.000727887
9.895e+06	0.00159545	0.000728479
9.9e+06	0.00159661	0.000727223
9.905e+06	0.00159668	0.00072443
9.91e+06	0.00159568	0.000722334
9.915e+06	0.00159585	0.000717973
9.92e+06	0.00159572	0.000719299
9.925e+06	0.00159233	0.000723344
9.93e+06	0.0015882	0.000723098
9.935e+06	0.00158897	0.000719392
9.94e+06	0.00159175	0.000716809
9.945e+06	0.00159461	0.000720302
9.95e+06	0.00159519	0.000720078
9.955e+06	0.0015927	0.000718972
9.96e+06	0.00159044	0.000721154
9.965e+06	0.00158859	0.00072003
9.97e+06	0.00158916	0.000720536
9.975e+06	0.00158867	0.000723118
9.98e+06	0.00158632	0.000724792
9.985e+06	0.00158534	0.00072123
9.99e+06	0.00158384	0.000720245
9.995e+06	0.00158315	0.000714579
1e+07	0.00157953	0.000712013
