5000	0.967126	0.284924
10000	0.573745	0.28564
15000	0.313205	0.236582
20000	0.193483	0.195458
25000	0.129193	0.154454
30000	0.0898177	0.101046
35000	0.0665611	0.0577827
40000	0.0561397	0.037893
45000	0.0467406	0.0245093
50000	0.0399068	0.0170377
55000	0.0363498	0.0148411
60000	0.0329954	0.0139327
65000	0.0315094	0.0138306
70000	0.0290343	0.0130176
75000	0.0270439	0.012407
80000	0.0260259	0.0121702
85000	0.0247519	0.0122732
90000	0.0239513	0.0111661
95000	0.0230749	0.010645
100000	0.0225042	0.0105701
105000	0.021727	0.0104036
110000	0.0209994	0.00984066
115000	0.0199195	0.00969641
120000	0.0190567	0.00960774
125000	0.018083	0.00939666
130000	0.0172471	0.00911481
135000	0.0165794	0.00919799
140000	0.0160034	0.00905582
145000	0.0156098	0.00869962
150000	0.015554	0.00824762
155000	0.0154662	0.0082152
160000	0.0151249	0.00814067
165000	0.0148581	0.00798712
170000	0.0147221	0.00783751
175000	0.0146767	0.00785528
180000	0.0144527	0.00765864
185000	0.0143749	0.00741245
190000	0.0142152	0.00734169
195000	0.0140819	0.00748113
200000	0.0141054	0.00737963
205000	0.0138013	0.007252
210000	0.0135545	0.00726712
215000	0.0133121	0.00731541
220000	0.0130615	0.0072755
225000	0.0128443	0.00726552
230000	0.0128646	0.0070431
235000	0.0127652	0.00665091
240000	0.0127064	0.00655162
245000	0.0127132	0.0065295
250000	0.0127316	0.0065795
255000	0.0127466	0.00664162
260000	0.012501	0.00643872
265000	0.0123943	0.00615596
270000	0.012103	0.0061258
275000	0.0119157	0.0060091
280000	0.011917	0.00583803
285000	0.011826	0.0057394
290000	0.0115479	0.00566886
295000	0.0114769	0.00555378
300000	0.0114015	0.00544905
305000	0.0113676	0.00542568
310000	0.0113604	0.00540528
315000	0.0114053	0.00540326
320000	0.0113188	0.00532736
325000	0.0112588	0.0053622
330000	0.0112811	0.00544556
335000	0.0111859	0.00541162
340000	0.0111186	0.00546241
345000	0.0109441	0.00546429
350000	0.0108345	0.0053896
355000	0.0106817	0.00518466
360000	0.01057	0.00510864
365000	0.0104578	0.00513783
370000	0.0103463	0.00503723
375000	0.0101788	0.00497927
380000	0.0101216	0.00489722
385000	0.00998542	0.00482381
390000	0.00980687	0.00483546
395000	0.00969261	0.00489189
400000	0.00969831	0.00482593
405000	0.00966609	0.00490389
410000	0.009592	0.00498992
415000	0.00956906	0.00506346
420000	0.00940496	0.00503625
425000	0.00931052	0.0050269
430000	0.00914859	0.00499467
435000	0.00898724	0.00504832
440000	0.00881214	0.00501535
445000	0.00879066	0.00498819
450000	0.00874402	0.00492421
455000	0.00857793	0.00489326
460000	0.00840344	0.0048634
465000	0.00823111	0.00488058
470000	0.00819299	0.00483239
475000	0.00812042	0.0046898
480000	0.00805119	0.00466748
485000	0.00796664	0.00467184
490000	0.00785643	0.00461362
495000	0.00793698	0.0046076
500000	0.00789346	0.00465508
505000	0.00789064	0.00461658
510000	0.00785411	0.00462651
515000	0.00787248	0.00462341
520000	0.00792856	0.00470247
525000	0.00792425	0.0047474
530000	0.00795506	0.00467487
535000	0.00797663	0.00460917
540000	0.00790607	0.00456785
545000	0.00787843	0.00450262
550000	0.0077677	0.004524
555000	0.00771768	0.00451207
560000	0.00769219	0.00448633
565000	0.00765078	0.00447228
570000	0.00761391	0.00442802
575000	0.00760022	0.00443856
580000	0.00755705	0.00439502
585000	0.00751199	0.00431628
590000	0.00746993	0.00429521
595000	0.00745709	0.00418906
600000	0.00742567	0.00419053
605000	0.00740016	0.0042196
610000	0.00741748	0.00426384
615000	0.00733811	0.0042732
620000	0.00736121	0.00427509
625000	0.00731942	0.00417237
630000	0.0072045	0.00410602
635000	0.00715285	0.00407979
640000	0.00709334	0.00406799
645000	0.00706795	0.00400896
650000	0.00707709	0.00397411
655000	0.00695995	0.00394084
660000	0.00686384	0.00386576
665000	0.00681892	0.00383397
670000	0.00678469	0.00379714
675000	0.00676262	0.00374215
680000	0.0067622	0.00370949
685000	0.00676962	0.00364274
690000	0.00672693	0.00364728
695000	0.00671271	0.00366337
700000	0.00671258	0.00365653
705000	0.0066791	0.0036742
710000	0.00667667	0.00367677
715000	0.0066848	0.00370403
720000	0.0067164	0.00363694
725000	0.00667544	0.00352712
730000	0.00664986	0.00345036
735000	0.00661575	0.00336606
740000	0.006568	0.00332373
745000	0.00654995	0.00328292
750000	0.00653046	0.00323544
755000	0.00654452	0.00319447
760000	0.00654441	0.00313767
765000	0.00653638	0.00313819
770000	0.0064995	0.00312962
775000	0.0065429	0.00315156
780000	0.0065107	0.00317153
785000	0.00643827	0.00321181
790000	0.00644382	0.00319221
795000	0.00648324	0.00313363
800000	0.00647978	0.00311015
805000	0.00644365	0.00315337
810000	0.00638862	0.00316429
815000	0.00636989	0.00319408
820000	0.0062914	0.00320316
825000	0.00626992	0.00322761
830000	0.00625616	0.00323694
835000	0.00623691	0.00325547
840000	0.00623042	0.00323117
845000	0.00622041	0.00318432
850000	0.00622871	0.00316604
855000	0.00618847	0.0031412
860000	0.00613697	0.00313727
865000	0.00609241	0.00308898
870000	0.00604615	0.0030411
875000	0.00602971	0.00302723
880000	0.00601087	0.00295288
885000	0.00596983	0.00291326
890000	0.0059183	0.00283244
895000	0.00589194	0.00277004
900000	0.00583759	0.00272474
905000	0.00580422	0.00270303
910000	0.00581119	0.00269749
915000	0.00583702	0.00265857
920000	0.00586021	0.00266203
925000	0.00582264	0.00263909
930000	0.0057978	0.00262985
935000	0.00574678	0.00259888
940000	0.00573409	0.00262024
945000	0.0056835	0.00262555
950000	0.00565292	0.00262814
955000	0.00565517	0.00263461
960000	0.00562114	0.0026431
965000	0.00558273	0.00268996
970000	0.00559013	0.0026973
975000	0.00557698	0.00271884
980000	0.00556213	0.00268528
985000	0.00555154	0.00259779
990000	0.00555932	0.0025422
995000	0.00550724	0.00249336
1e+06	0.00550399	0.00249461
1.005e+06	0.00547351	0.00246875
1.01e+06	0.0054962	0.00242667
1.015e+06	0.00548017	0.00243294
1.02e+06	0.00549663	0.0024785
1.025e+06	0.0054766	0.00246508
1.03e+06	0.00549645	0.00248242
1.035e+06	0.0055254	0.00254534
1.04e+06	0.00552523	0.00256687
1.045e+06	0.00550527	0.00254009
1.05e+06	0.00547301	0.00256002
1.055e+06	0.00545973	0.00258305
1.06e+06	0.00545839	0.00259406
1.065e+06	0.00541446	0.00259923
1.07e+06	0.00536596	0.00256008
1.075e+06	0.00534156	0.00253066
1.08e+06	0.00533249	0.00257365
1.085e+06	0.00529018	0.00256713
1.09e+06	0.00525478	0.00257149
1.095e+06	0.0052383	0.00254681
1.1e+06	0.00520419	0.00249217
1.105e+06	0.00518377	0.00247463
1.11e+06	0.005171	0.00245611
1.115e+06	0.00516387	0.00249947
1.12e+06	0.00512844	0.00251586
1.125e+06	0.00511492	0.00251553
1.13e+06	0.00510707	0.00251903
1.135e+06	0.005078	0.00250788
1.14e+06	0.00503731	0.00249666
1.145e+06	0.00503234	0.0025089
1.15e+06	0.00502599	0.00248827
1.155e+06	0.00502059	0.00246175
1.16e+06	0.0050024	0.00244324
1.165e+06	0.00499824	0.00241086
1.17e+06	0.00499451	0.00242755
1.175e+06	0.00501266	0.00246078
1.18e+06	0.00502952	0.00247443
1.185e+06	0.00502001	0.0025053
1.19e+06	0.00500371	0.00251651
1.195e+06	0.00500474	0.0024974
1.2e+06	0.00497703	0.00247945
1.205e+06	0.00495846	0.00246446
1.21e+06	0.00493646	0.00247313
1.215e+06	0.00492075	0.00250875
1.22e+06	0.00488862	0.00255212
1.225e+06	0.00489083	0.00256042
1.23e+06	0.00484364	0.00254717
1.235e+06	0.00482159	0.00251894
1.24e+06	0.00479688	0.00250854
1.245e+06	0.0047848	0.00248113
1.25e+06	0.00477306	0.00243903
1.255e+06	0.0048041	0.00240001
1.26e+06	0.00480331	0.00239185
1.265e+06	0.00477059	0.0023923
1.27e+06	0.00473711	0.00236123
1.275e+06	0.00474137	0.00231629
1.28e+06	0.00474667	0.00229918
1.285e+06	0.00476045	0.00232135
1.29e+06	0.00473664	0.00231865
1.295e+06	0.00473713	0.00232994
1.3e+06	0.00471353	0.00231923
1.305e+06	0.00471863	0.002325
1.31e+06	0.00474738	0.00233188
1.315e+06	0.00473473	0.0023568
1.32e+06	0.00471747	0.00234636
1.325e+06	0.00469384	0.00234399
1.33e+06	0.00469951	0.00234085
1.335e+06	0.00471277	0.00234652
1.34e+06	0.00466286	0.00234849
1.345e+06	0.00465203	0.00233366
1.35e+06	0.00463936	0.00232967
1.355e+06	0.00459948	0.00234266
1.36e+06	0.00452915	0.00233131
1.365e+06	0.00449512	0.00231474
1.37e+06	0.00447871	0.00226313
1.375e+06	0.00444972	0.00221784
1.38e+06	0.00445377	0.00220901
1.385e+06	0.00445389	0.0022223
1.39e+06	0.00445324	0.00223141
1.395e+06	0.00441297	0.00221118
1.4e+06	0.0043979	0.00219457
1.405e+06	0.00443985	0.00221914
1.41e+06	0.00443248	0.00220276
1.415e+06	0.0043928	0.00218279
1.42e+06	0.00435572	0.00216355
1.425e+06	0.00433575	0.00214771
1.43e+06	0.00431928	0.00216868
1.435e+06	0.00428835	0.00219624
1.44e+06	0.00427909	0.00220027
1.445e+06	0.00425215	0.00217261
1.45e+06	0.00425064	0.00212879
1.455e+06	0.00426146	0.0020943
1.46e+06	0.00427164	0.00207141
1.465e+06	0.00429693	0.00205695
1.47e+06	0.00430331	0.00203157
1.475e+06	0.00428583	0.00202961
1.48e+06	0.00428587	0.00202079
1.485e+06	0.00426801	0.00201298
1.49e+06	0.00427678	0.0020092
1.495e+06	0.00426725	0.00202145
1.5e+06	0.00426623	0.00203015
1.505e+06	0.00428168	0.00202988
1.51e+06	0.00430408	0.00204272
1.515e+06	0.00427625	0.0020766
1.52e+06	0.00425927	0.00205699
1.525e+06	0.00426095	0.00205869
1.53e+06	0.00427481	0.00205079
1.535e+06	0.00429798	0.00205124
1.54e+06	0.00430845	0.00205697
1.545e+06	0.00428448	0.00203298
1.55e+06	0.00425873	0.00200575
1.555e+06	0.00426244	0.00200524
1.56e+06	0.00427556	0.00202211
1.565e+06	0.00429046	0.00205851
1.57e+06	0.00427639	0.00205211
1.575e+06	0.00425426	0.00202448
1.58e+06	0.00424096	0.00199452
1.585e+06	0.0042473	0.0019692
1.59e+06	0.00423925	0.00194852
1.595e+06	0.00423999	0.00197096
1.6e+06	0.00420405	0.00195791
1.605e+06	0.00418666	0.0019573
1.61e+06	0.00418685	0.00195135
1.615e+06	0.00418013	0.00194875
1.62e+06	0.00415653	0.00192394
1.625e+06	0.00413025	0.00188537
1.63e+06	0.00412968	0.00187779
1.635e+06	0.00412178	0.00185871
1.64e+06	0.00412329	0.00186956
1.645e+06	0.00412085	0.0018771
1.65e+06	0.00410848	0.00186589
1.655e+06	0.00412562	0.00184386
1.66e+06	0.00410535	0.00184056
1.665e+06	0.00410983	0.00181207
1.67e+06	0.00410382	0.00181904
1.675e+06	0.00409463	0.00180823
1.68e+06	0.00410165	0.00179468
1.685e+06	0.00408454	0.00177865
1.69e+06	0.00406736	0.00178252
1.695e+06	0.00403492	0.00180433
1.7e+06	0.00404154	0.0018248
1.705e+06	0.00403442	0.00182895
1.71e+06	0.00401428	0.00182704
1.715e+06	0.00400088	0.00183239
1.72e+06	0.00399782	0.00184621
1.725e+06	0.00397541	0.00184334
1.73e+06	0.00396951	0.00183924
1.735e+06	0.003948	0.00184468
1.74e+06	0.00394718	0.00187157
1.745e+06	0.00396489	0.00189449
1.75e+06	0.00399033	0.00190376
1.755e+06	0.00397134	0.001908
1.76e+06	0.0039965	0.00188603
1.765e+06	0.00401176	0.00185614
1.77e+06	0.00402154	0.00185086
1.775e+06	0.0040342	0.001856
1.78e+06	0.00402927	0.001857
1.785e+06	0.0040207	0.00182672
1.79e+06	0.00400966	0.00181699
1.795e+06	0.00400374	0.00179371
1.8e+06	0.00401571	0.00179299
1.805e+06	0.00400342	0.00180908
1.81e+06	0.00397475	0.00181514
1.815e+06	0.00399073	0.00181335
1.82e+06	0.00396114	0.00180043
1.825e+06	0.00395731	0.00177907
1.83e+06	0.00396669	0.00175675
1.835e+06	0.00397652	0.00175437
1.84e+06	0.00399238	0.00174736
1.845e+06	0.00400419	0.00173642
1.85e+06	0.00401268	0.0017257
1.855e+06	0.00401565	0.00170175
1.86e+06	0.00401775	0.0016831
1.865e+06	0.00399863	0.0016688
1.87e+06	0.00397813	0.00168243
1.875e+06	0.00398998	0.00170034
1.88e+06	0.0039849	0.00169311
1.885e+06	0.00399857	0.00167663
1.89e+06	0.00399337	0.00167173
1.895e+06	0.00400546	0.00168934
1.9e+06	0.00399547	0.00169599
1.905e+06	0.00400636	0.00168473
1.91e+06	0.00401823	0.00167867
1.915e+06	0.00402557	0.00167976
1.92e+06	0.00400604	0.00168352
1.925e+06	0.00401285	0.00168963
1.93e+06	0.00399464	0.00168283
1.935e+06	0.00398685	0.00167278
1.94e+06	0.00396521	0.00168433
1.945e+06	0.00395922	0.0016939
1.95e+06	0.00394856	0.00169294
1.955e+06	0.00395919	0.00168493
1.96e+06	0.0039673	0.00168489
1.965e+06	0.00397664	0.00169101
1.97e+06	0.00396136	0.00170158
1.975e+06	0.00395741	0.00172186
1.98e+06	0.00394927	0.00172726
1.985e+06	0.00395922	0.00174125
1.99e+06	0.00395513	0.00175381
1.995e+06	0.00393439	0.00175345
2e+06	0.0039329	0.00175763
2.005e+06	0.00392029	0.00178788
2.01e+06	0.00393313	0.0018102
2.015e+06	0.00391457	0.00182066
2.02e+06	0.00391163	0.0018038
2.025e+06	0.00391355	0.00178275
2.03e+06	0.00390078	0.0017618
2.035e+06	0.00387336	0.00174086
2.04e+06	0.00384733	0.00174082
2.045e+06	0.00384492	0.0017551
2.05e+06	0.00383273	0.00174742
2.055e+06	0.00383069	0.00174392
2.06e+06	0.00383216	0.00172445
2.065e+06	0.0038072	0.00171267
2.07e+06	0.00378278	0.00170716
2.075e+06	0.00376146	0.00170597
2.08e+06	0.00375406	0.00171324
2.085e+06	0.00375853	0.00169734
2.09e+06	0.0037674	0.00170298
2.095e+06	0.00375991	0.00170738
2.1e+06	0.00374509	0.00170179
2.105e+06	0.0037568	0.00171589
2.11e+06	0.00377935	0.00174342
2.115e+06	0.00378254	0.00174179
2.12e+06	0.00376823	0.00173297
2.125e+06	0.00376568	0.00172731
2.13e+06	0.00376397	0.00174701
2.135e+06	0.00376637	0.00175949
2.14e+06	0.00375569	0.00174064
2.145e+06	0.0037633	0.00172407
2.15e+06	0.00378549	0.00172127
2.155e+06	0.0037837	0.00171295
2.16e+06	0.00376725	0.00171924
2.165e+06	0.00374585	0.00172335
2.17e+06	0.00371159	0.00174832
2.175e+06	0.00370678	0.00177063
2.18e+06	0.00368984	0.00179483
2.185e+06	0.00369341	0.00180945
2.19e+06	0.00369084	0.00181606
2.195e+06	0.00369501	0.00183026
2.2e+06	0.00368591	0.00182186
2.205e+06	0.00368266	0.00181692
2.21e+06	0.00367448	0.0018046
2.215e+06	0.00366517	0.00180455
2.22e+06	0.00364843	0.00180425
2.225e+06	0.00363547	0.00181246
2.23e+06	0.00362625	0.00180948
2.235e+06	0.0036116	0.00180066
2.24e+06	0.00361231	0.00177575
2.245e+06	0.00360961	0.00174959
2.25e+06	0.00361769	0.001736
2.255e+06	0.00361206	0.00174778
2.26e+06	0.00360455	0.00175926
2.265e+06	0.00359327	0.00176844
2.27e+06	0.00359197	0.00178782
2.275e+06	0.00359967	0.00179117
2.28e+06	0.00360751	0.00179362
2.285e+06	0.00360769	0.00179174
2.29e+06	0.00358352	0.00178543
2.295e+06	0.00356929	0.00180161
2.3e+06	0.00356332	0.00179974
2.305e+06	0.00357784	0.00179718
2.31e+06	0.00357594	0.00178952
2.315e+06	0.00355831	0.00179548
2.32e+06	0.00354252	0.00178741
2.325e+06	0.00352739	0.00178583
2.33e+06	0.00351449	0.00177735
2.335e+06	0.0035134	0.00177687
2.34e+06	0.00351214	0.00178826
2.345e+06	0.00348158	0.00180517
2.35e+06	0.0034763	0.00180547
2.355e+06	0.00345358	0.00180198
2.36e+06	0.00345363	0.00179027
2.365e+06	0.0034448	0.0017926
2.37e+06	0.00343186	0.00178079
2.375e+06	0.00342717	0.0017603
2.38e+06	0.00343178	0.00176236
2.385e+06	0.0034277	0.00177253
2.39e+06	0.00341648	0.00176021
2.395e+06	0.00340523	0.00174978
2.4e+06	0.00341707	0.00173405
2.405e+06	0.00341782	0.00172225
2.41e+06	0.00341301	0.00174032
2.415e+06	0.00340915	0.00174587
2.42e+06	0.00341174	0.0017531
2.425e+06	0.00339812	0.00176809
2.43e+06	0.00339716	0.00175579
2.435e+06	0.00340648	0.00174063
2.44e+06	0.00339738	0.00175226
2.445e+06	0.00337898	0.00177889
2.45e+06	0.00337057	0.0017904
2.455e+06	0.00334502	0.00179022
2.46e+06	0.00333725	0.00179431
2.465e+06	0.00332744	0.00178197
2.47e+06	0.00331803	0.00178043
2.475e+06	0.00333904	0.00178657
2.48e+06	0.00333715	0.00178616
2.485e+06	0.00333606	0.00179522
2.49e+06	0.00332959	0.00179347
2.495e+06	0.00333057	0.00180178
2.5e+06	0.00332926	0.00180836
2.505e+06	0.00331082	0.00180452
2.51e+06	0.00329309	0.00179903
2.515e+06	0.00327813	0.00179084
2.52e+06	0.00325614	0.00179658
2.525e+06	0.00324	0.00179072
2.53e+06	0.00322747	0.0017873
2.535e+06	0.00322198	0.00178501
2.54e+06	0.00321183	0.00177376
2.545e+06	0.0032028	0.00176717
2.55e+06	0.00320398	0.00174243
2.555e+06	0.00319791	0.00173325
2.56e+06	0.0031842	0.00172047
2.565e+06	0.00316636	0.00172057
2.57e+06	0.00314397	0.00171209
2.575e+06	0.00312491	0.00170201
2.58e+06	0.00312124	0.00169631
2.585e+06	0.00310976	0.0016878
2.59e+06	0.00310109	0.00168451
2.595e+06	0.00310375	0.00168211
2.6e+06	0.00311195	0.00168588
2.605e+06	0.00311227	0.0017036
2.61e+06	0.00310765	0.00171624
2.615e+06	0.00309536	0.00170968
2.62e+06	0.00308935	0.00171504
2.625e+06	0.00308457	0.00170745
2.63e+06	0.00308155	0.00172042
2.635e+06	0.00307318	0.00174348
2.64e+06	0.00307865	0.00175871
2.645e+06	0.00309673	0.00175936
2.65e+06	0.00309852	0.00176058
2.655e+06	0.00309554	0.00176471
2.66e+06	0.00310271	0.00176891
2.665e+06	0.0031005	0.00176251
2.67e+06	0.00311082	0.00175002
2.675e+06	0.0031315	0.00174929
2.68e+06	0.0031499	0.00174369
2.685e+06	0.00316357	0.00176275
2.69e+06	0.00317022	0.00178786
2.695e+06	0.00317699	0.0018003
2.7e+06	0.00317781	0.00179512
2.705e+06	0.00316076	0.00180113
2.71e+06	0.00315656	0.0017951
2.715e+06	0.00316201	0.00180847
2.72e+06	0.00315743	0.00181587
2.725e+06	0.00315003	0.00182776
2.73e+06	0.00313759	0.00182737
2.735e+06	0.0031266	0.00181582
2.74e+06	0.00312859	0.00180362
2.745e+06	0.00311185	0.00179191
2.75e+06	0.00309614	0.00178388
2.755e+06	0.00309384	0.00177122
2.76e+06	0.00310809	0.00176566
2.765e+06	0.00311151	0.00176308
2.77e+06	0.00310948	0.00174741
2.775e+06	0.00309731	0.00173461
2.78e+06	0.00309195	0.00171114
2.785e+06	0.00307163	0.00170128
2.79e+06	0.00307247	0.00169078
2.795e+06	0.00306372	0.00168625
2.8e+06	0.00304854	0.0016777
2.805e+06	0.00303091	0.00166578
2.81e+06	0.00302073	0.00165475
2.815e+06	0.00302673	0.00165773
2.82e+06	0.00302326	0.00166685
2.825e+06	0.00300866	0.00167477
2.83e+06	0.00300708	0.00169595
2.835e+06	0.00301614	0.00169349
2.84e+06	0.00300864	0.00169089
2.845e+06	0.00301143	0.00169237
2.85e+06	0.00301727	0.00169512
2.855e+06	0.00301795	0.00168415
2.86e+06	0.00301503	0.00167996
2.865e+06	0.00302104	0.00166573
2.87e+06	0.00302753	0.00165977
2.875e+06	0.00302682	0.00165333
2.88e+06	0.00302543	0.00164281
2.885e+06	0.00303564	0.00163006
2.89e+06	0.00303597	0.00162352
2.895e+06	0.00302887	0.00159608
2.9e+06	0.0030265	0.00156474
2.905e+06	0.00303455	0.00154097
2.91e+06	0.00303432	0.00152002
2.915e+06	0.00303389	0.00151705
2.92e+06	0.00303603	0.00149656
2.925e+06	0.00303721	0.00148909
2.93e+06	0.00303425	0.00148995
2.935e+06	0.00303792	0.00148115
2.94e+06	0.00302952	0.00146045
2.945e+06	0.00302248	0.00143644
2.95e+06	0.00301469	0.00142513
2.955e+06	0.00301229	0.00141728
2.96e+06	0.00301928	0.0014315
2.965e+06	0.00301877	0.00143123
2.97e+06	0.00301924	0.00142471
2.975e+06	0.00301238	0.00141992
2.98e+06	0.00301331	0.00143039
2.985e+06	0.00301822	0.00144412
2.99e+06	0.00301657	0.00143784
2.995e+06	0.00301012	0.00143458
3e+06	0.00299789	0.0014309
3.005e+06	0.00299019	0.00142265
3.01e+06	0.00298679	0.00142473
3.015e+06	0.00298953	0.00141925
3.02e+06	0.00298637	0.00141683
3.025e+06	0.00299273	0.0014032
3.03e+06	0.00298236	0.00140229
3.035e+06	0.00298421	0.00138651
3.04e+06	0.00300249	0.00138692
3.045e+06	0.00299947	0.00137634
3.05e+06	0.00300036	0.00136911
3.055e+06	0.00300294	0.00135523
3.06e+06	0.00300597	0.00134229
3.065e+06	0.00301071	0.00132898
3.07e+06	0.00300952	0.00133456
3.075e+06	0.0030071	0.00135237
3.08e+06	0.00299708	0.00136655
3.085e+06	0.00298159	0.00137957
3.09e+06	0.0029814	0.00138756
3.095e+06	0.0029772	0.0013749
3.1e+06	0.0029815	0.00136335
3.105e+06	0.00297514	0.00134956
3.11e+06	0.00297597	0.00134719
3.115e+06	0.00298606	0.00133955
3.12e+06	0.00299402	0.00135183
3.125e+06	0.00299995	0.00136275
3.13e+06	0.00300032	0.00137108
3.135e+06	0.00300189	0.00138492
3.14e+06	0.00299197	0.00138397
3.145e+06	0.00298747	0.00139407
3.15e+06	0.00298384	0.00138987
3.155e+06	0.00297289	0.00138561
3.16e+06	0.00296406	0.00137463
3.165e+06	0.00295467	0.00137611
3.17e+06	0.00295501	0.00136544
3.175e+06	0.0029565	0.00136081
3.18e+06	0.00295547	0.0013576
3.185e+06	0.00296398	0.0013583
3.19e+06	0.00295887	0.00135316
3.195e+06	0.00296414	0.00134973
3.2e+06	0.00296748	0.00134027
3.205e+06	0.00297687	0.00133139
3.21e+06	0.00297477	0.00132282
3.215e+06	0.00297605	0.00132178
3.22e+06	0.00296035	0.00132103
3.225e+06	0.00294993	0.00131151
3.23e+06	0.00294348	0.00129851
3.235e+06	0.00293768	0.0012984
3.24e+06	0.00294141	0.00129497
3.245e+06	0.00293264	0.00129188
3.25e+06	0.00293511	0.00128457
3.255e+06	0.00293017	0.00128096
3.26e+06	0.00292635	0.00127576
3.265e+06	0.00292686	0.00127396
3.27e+06	0.00291975	0.00125921
3.275e+06	0.00291084	0.00126396
3.28e+06	0.00292049	0.00126975
3.285e+06	0.00291877	0.00126906
3.29e+06	0.00291769	0.0012745
3.295e+06	0.00290482	0.0012693
3.3e+06	0.0028944	0.00127262
3.305e+06	0.00289624	0.00127115
3.31e+06	0.00289923	0.00127889
3.315e+06	0.00290218	0.00127495
3.32e+06	0.00289223	0.00125879
3.325e+06	0.00288053	0.00124753
3.33e+06	0.00289015	0.00125984
3.335e+06	0.00288141	0.00125864
3.34e+06	0.00288293	0.0012669
3.345e+06	0.00287234	0.00126741
3.35e+06	0.00287908	0.00125567
3.355e+06	0.00287614	0.0012646
3.36e+06	0.00285606	0.00127607
3.365e+06	0.00284789	0.00128386
3.37e+06	0.0028476	0.00128172
3.375e+06	0.00284095	0.00127962
3.38e+06	0.00283866	0.0012827
3.385e+06	0.00284352	0.00128745
3.39e+06	0.00284467	0.00130251
3.395e+06	0.0028427	0.00130903
3.4e+06	0.00285381	0.00132542
3.405e+06	0.00286113	0.00133891
3.41e+06	0.00285462	0.00135594
3.415e+06	0.00284641	0.00135905
3.42e+06	0.00284178	0.00135758
3.425e+06	0.00283754	0.00136079
3.43e+06	0.00283392	0.00136356
3.435e+06	0.00283868	0.00136201
3.44e+06	0.00282197	0.00136028
3.445e+06	0.00281483	0.00134882
3.45e+06	0.00281025	0.00134373
3.455e+06	0.00281479	0.00133695
3.46e+06	0.00280981	0.00132529
3.465e+06	0.00280644	0.00131985
3.47e+06	0.002806	0.00132101
3.475e+06	0.00280199	0.00131981
3.48e+06	0.00279145	0.00131143
3.485e+06	0.00279089	0.00131233
3.49e+06	0.00279434	0.00131864
3.495e+06	0.00279264	0.00130927
3.5e+06	0.00278588	0.00130356
3.505e+06	0.00278961	0.00129578
3.51e+06	0.00279445	0.00130371
3.515e+06	0.00279241	0.00130737
3.52e+06	0.00278949	0.00131789
3.525e+06	0.00279445	0.00132404
3.53e+06	0.00279195	0.00132597
3.535e+06	0.00279347	0.00131542
3.54e+06	0.00279941	0.00131759
3.545e+06	0.0027961	0.00131981
3.55e+06	0.00279538	0.00131324
3.555e+06	0.0027889	0.00130611
3.56e+06	0.00278429	0.00129274
3.565e+06	0.00278345	0.00129747
3.57e+06	0.00278245	0.00130184
3.575e+06	0.00277286	0.00131245
3.58e+06	0.00276325	0.00130073
3.585e+06	0.00276115	0.00129339
3.59e+06	0.00276001	0.00130702
3.595e+06	0.00275766	0.00131535
3.6e+06	0.00276124	0.00132041
3.605e+06	0.00275841	0.00132758
3.61e+06	0.00275366	0.00133378
3.615e+06	0.00275145	0.00133454
3.62e+06	0.00274559	0.00134901
3.625e+06	0.00273401	0.00134565
3.63e+06	0.00270624	0.00134238
3.635e+06	0.00269848	0.00133449
3.64e+06	0.00269471	0.00132603
3.645e+06	0.00268503	0.00132324
3.65e+06	0.00267444	0.0013206
3.655e+06	0.00266633	0.00132976
3.66e+06	0.00267036	0.00132526
3.665e+06	0.00265265	0.00132092
3.67e+06	0.00263813	0.00132122
3.675e+06	0.00263889	0.00133185
3.68e+06	0.00262372	0.00132867
3.685e+06	0.00262819	0.00133666
3.69e+06	0.00263616	0.00133261
3.695e+06	0.00262914	0.00132598
3.7e+06	0.00264693	0.00132011
3.705e+06	0.00264014	0.00131333
3.71e+06	0.00263334	0.00130353
3.715e+06	0.00263715	0.00129682
3.72e+06	0.00264186	0.00128877
3.725e+06	0.00265049	0.00128351
3.73e+06	0.00265474	0.00128411
3.735e+06	0.00264951	0.00129041
3.74e+06	0.0026393	0.00128983
3.745e+06	0.00262052	0.00128696
3.75e+06	0.00260213	0.00128861
3.755e+06	0.00258442	0.00128442
3.76e+06	0.00256553	0.00128199
3.765e+06	0.00255835	0.00127547
3.77e+06	0.00254993	0.0012695
3.775e+06	0.00254233	0.00125916
3.78e+06	0.00254116	0.00125196
3.785e+06	0.0025258	0.00125602
3.79e+06	0.00251777	0.00126165
3.795e+06	0.00252158	0.00125159
3.8e+06	0.00252664	0.00123895
3.805e+06	0.0025256	0.00122706
3.81e+06	0.00252978	0.00124002
3.815e+06	0.00252756	0.00124979
3.82e+06	0.00252679	0.00125213
3.825e+06	0.00252979	0.00125533
3.83e+06	0.00253428	0.00125563
3.835e+06	0.00254051	0.00124855
3.84e+06	0.00254778	0.00124656
3.845e+06	0.00253848	0.00124261
3.85e+06	0.00252577	0.00124197
3.855e+06	0.00252462	0.00125292
3.86e+06	0.00252081	0.00126129
3.865e+06	0.0025166	0.00126514
3.87e+06	0.00251508	0.00126976
3.875e+06	0.00251579	0.00127355
3.88e+06	0.00251441	0.0012772
3.885e+06	0.00252191	0.00128103
3.89e+06	0.00251822	0.0012871
3.895e+06	0.00250947	0.00128762
3.9e+06	0.00249623	0.00128711
3.905e+06	0.00248817	0.00126795
3.91e+06	0.00248514	0.00125702
3.915e+06	0.00248615	0.00125074
3.92e+06	0.00247747	0.00125497
3.925e+06	0.00247426	0.00125791
3.93e+06	0.00246509	0.00125901
3.935e+06	0.00246039	0.00125035
3.94e+06	0.0024601	0.00125742
3.945e+06	0.00245444	0.0012532
3.95e+06	0.00245343	0.00125579
3.955e+06	0.00244506	0.00124996
3.96e+06	0.0024312	0.00125262
3.965e+06	0.00242022	0.00125238
3.97e+06	0.00241441	0.00125316
3.975e+06	0.0024088	0.00124811
3.98e+06	0.00239952	0.0012459
3.985e+06	0.00240401	0.00123447
3.99e+06	0.00240005	0.00123564
3.995e+06	0.00239106	0.00123246
4e+06	0.00238054	0.00122851
4.005e+06	0.00237556	0.00122249
4.01e+06	0.00237048	0.00122422
4.015e+06	0.00236491	0.00121698
4.02e+06	0.00235509	0.00120658
4.025e+06	0.0023556	0.00121043
4.03e+06	0.00235394	0.00121477
4.035e+06	0.00234629	0.00121996
4.04e+06	0.00233901	0.00122543
4.045e+06	0.00233941	0.00122493
4.05e+06	0.002339	0.00123339
4.055e+06	0.00234159	0.00122778
4.06e+06	0.00234263	0.00121913
4.065e+06	0.002343	0.00121904
4.07e+06	0.00234407	0.00122317
4.075e+06	0.00234462	0.00122669
4.08e+06	0.00233849	0.00122192
4.085e+06	0.00233039	0.00121046
4.09e+06	0.00233111	0.00121574
4.095e+06	0.00232572	0.00121704
4.1e+06	0.00233179	0.00121707
4.105e+06	0.00232675	0.00121564
4.11e+06	0.00231563	0.00120802
4.115e+06	0.00231375	0.00120414
4.12e+06	0.00231007	0.00120331
4.125e+06	0.00231146	0.00119878
4.13e+06	0.00230916	0.00120113
4.135e+06	0.00229988	0.00119073
4.14e+06	0.00229138	0.00118883
4.145e+06	0.00228724	0.00119191
4.15e+06	0.00227604	0.00118296
4.155e+06	0.00226618	0.00118751
4.16e+06	0.00226775	0.00117838
4.165e+06	0.00227735	0.00117153
4.17e+06	0.00227874	0.00116757
4.175e+06	0.00228282	0.00115902
4.18e+06	0.00228085	0.00115571
4.185e+06	0.0022802	0.00115594
4.19e+06	0.00228106	0.00115408
4.195e+06	0.00228521	0.00115373
4.2e+06	0.0022985	0.00115287
4.205e+06	0.00230802	0.00114874
4.21e+06	0.00231277	0.00114909
4.215e+06	0.00231383	0.0011414
4.22e+06	0.00231968	0.00113701
4.225e+06	0.00231294	0.0011365
4.23e+06	0.00231735	0.00114329
4.235e+06	0.00231876	0.00115138
4.24e+06	0.00231813	0.00116015
4.245e+06	0.00231868	0.0011613
4.25e+06	0.00230871	0.00116458
4.255e+06	0.00230038	0.0011645
4.26e+06	0.0022961	0.00115362
4.265e+06	0.00229684	0.00114381
4.27e+06	0.00229834	0.00113894
4.275e+06	0.00229025	0.0011377
4.28e+06	0.00228579	0.00112772
4.285e+06	0.00228684	0.00112247
4.29e+06	0.00228819	0.00111843
4.295e+06	0.00229132	0.00112066
4.3e+06	0.00229526	0.00112771
4.305e+06	0.00229368	0.00112925
4.31e+06	0.00229966	0.00113845
4.315e+06	0.00231176	0.00114242
4.32e+06	0.00232192	0.00113464
4.325e+06	0.00231864	0.00112984
4.33e+06	0.00231658	0.00112771
4.335e+06	0.0023194	0.001127
4.34e+06	0.00231502	0.00112451
4.345e+06	0.00231867	0.0011276
4.35e+06	0.00232044	0.00112211
4.355e+06	0.00230957	0.00111748
4.36e+06	0.00230094	0.00112088
4.365e+06	0.00230173	0.0011195
4.37e+06	0.00230326	0.00111852
4.375e+06	0.00230361	0.00112363
4.38e+06	0.00231058	0.00113799
4.385e+06	0.0023104	0.00114046
4.39e+06	0.00230412	0.0011365
4.395e+06	0.00230422	0.00113199
4.4e+06	0.00230553	0.00112584
4.405e+06	0.00230037	0.00111127
4.41e+06	0.0022898	0.00111199
4.415e+06	0.00228395	0.0011057
4.42e+06	0.00227878	0.001109
4.425e+06	0.00228213	0.00111195
4.43e+06	0.0022939	0.00111586
4.435e+06	0.00228909	0.00111749
4.44e+06	0.00228951	0.00113024
4.445e+06	0.0022911	0.00114145
4.45e+06	0.00229738	0.00113639
4.455e+06	0.00230442	0.00113672
4.46e+06	0.00231462	0.00114145
4.465e+06	0.00232085	0.00113416
4.47e+06	0.00232741	0.00113945
4.475e+06	0.00233176	0.00113318
4.48e+06	0.00233228	0.0011303
4.485e+06	0.00233379	0.00113436
4.49e+06	0.00233285	0.00113654
4.495e+06	0.00233466	0.00113486
4.5e+06	0.00233224	0.00113106
4.505e+06	0.00233013	0.00112976
4.51e+06	0.00233334	0.00113197
4.515e+06	0.00233558	0.00113521
4.52e+06	0.00231324	0.00113295
4.525e+06	0.00230302	0.00113076
4.53e+06	0.00229515	0.00112529
4.535e+06	0.0022929	0.00111808
4.54e+06	0.00227491	0.00111392
4.545e+06	0.00226326	0.00110473
4.55e+06	0.00225568	0.00109859
4.555e+06	0.00225265	0.00109221
4.56e+06	0.00225054	0.00109492
4.565e+06	0.00224301	0.00108953
4.57e+06	0.00224006	0.00108963
4.575e+06	0.00224331	0.00109733
4.58e+06	0.0022324	0.00109559
4.585e+06	0.00221748	0.00109181
4.59e+06	0.00221766	0.00109031
4.595e+06	0.00221865	0.00108805
4.6e+06	0.00222608	0.00108744
4.605e+06	0.00222265	0.0011002
4.61e+06	0.00222884	0.00110395
4.615e+06	0.00223495	0.00110765
4.62e+06	0.00223815	0.00111598
4.625e+06	0.00223142	0.00111595
4.63e+06	0.00222267	0.00111272
4.635e+06	0.00222353	0.00110387
4.64e+06	0.00221324	0.00110112
4.645e+06	0.00220716	0.00110445
4.65e+06	0.00221159	0.00110749
4.655e+06	0.00221593	0.00111201
4.66e+06	0.00221679	0.00111339
4.665e+06	0.00222772	0.00111633
4.67e+06	0.00223248	0.0011203
4.675e+06	0.00224182	0.001122
4.68e+06	0.0022373	0.00111597
4.685e+06	0.0022342	0.00111615
4.69e+06	0.00222776	0.00110868
4.695e+06	0.002229	0.00110886
4.7e+06	0.00222972	0.00110288
4.705e+06	0.00223034	0.00110688
4.71e+06	0.00222637	0.00111168
4.715e+06	0.00221389	0.00111683
4.72e+06	0.0022116	0.00111752
4.725e+06	0.00221626	0.00112147
4.73e+06	0.00222597	0.00112214
4.735e+06	0.00222549	0.00112066
4.74e+06	0.00222121	0.00111801
4.745e+06	0.00221152	0.00111145
4.75e+06	0.00220365	0.00109681
4.755e+06	0.00220957	0.00109603
4.76e+06	0.00220684	0.00110256
4.765e+06	0.00221509	0.00110179
4.77e+06	0.00221207	0.00110104
4.775e+06	0.00221427	0.00110111
4.78e+06	0.00221338	0.00109511
4.785e+06	0.00222134	0.00109061
4.79e+06	0.0022319	0.00109021
4.795e+06	0.00223521	0.00108996
4.8e+06	0.0022267	0.00109043
4.805e+06	0.00222119	0.0010932
4.81e+06	0.00222223	0.00108553
4.815e+06	0.0022258	0.00108332
4.82e+06	0.00222331	0.00107342
4.825e+06	0.00222217	0.00107193
4.83e+06	0.00222125	0.00107433
4.835e+06	0.00221742	0.00107456
4.84e+06	0.00221332	0.00107182
4.845e+06	0.00221282	0.00106783
4.85e+06	0.00220605	0.00106138
4.855e+06	0.0021974	0.00105293
4.86e+06	0.00218459	0.00104097
4.865e+06	0.00218438	0.00103642
4.87e+06	0.00218402	0.00102864
4.875e+06	0.00217779	0.00102597
4.88e+06	0.0021756	0.00101434
4.885e+06	0.00217136	0.00100882
4.89e+06	0.00216371	0.00100472
4.895e+06	0.00215074	0.00101055
4.9e+06	0.00214763	0.00101622
4.905e+06	0.00214858	0.0010244
4.91e+06	0.00214704	0.001019
4.915e+06	0.00214608	0.00101112
4.92e+06	0.00214515	0.00100816
4.925e+06	0.00214542	0.00100851
4.93e+06	0.00214555	0.0010151
4.935e+06	0.00215031	0.00102696
4.94e+06	0.00214702	0.00103453
4.945e+06	0.00214237	0.00102938
4.95e+06	0.00214296	0.00102806
4.955e+06	0.00214973	0.0010279
4.96e+06	0.00215138	0.00102484
4.965e+06	0.00214992	0.0010273
4.97e+06	0.00216288	0.00103111
4.975e+06	0.00216891	0.00103767
4.98e+06	0.00215954	0.0010403
4.985e+06	0.00215624	0.00103695
4.99e+06	0.00215717	0.00103896
4.995e+06	0.00215815	0.00103517
5e+06	0.00216085	0.00103181
5.005e+06	0.00216153	0.00103438
5.01e+06	0.00216405	0.00103428
5.015e+06	0.00216832	0.00103318
5.02e+06	0.00217347	0.00104661
5.025e+06	0.0021753	0.00105313
5.03e+06	0.0021764	0.00105926
5.035e+06	0.00217933	0.00105916
5.04e+06	0.00218359	0.0010601
5.045e+06	0.00218481	0.00106737
5.05e+06	0.00218354	0.0010621
5.055e+06	0.00218075	0.00105758
5.06e+06	0.00218284	0.00106035
5.065e+06	0.00218963	0.00106161
5.07e+06	0.00218524	0.00106104
5.075e+06	0.00219433	0.00105366
5.08e+06	0.00220008	0.00105441
5.085e+06	0.00220689	0.00104831
5.09e+06	0.00221414	0.00103883
5.095e+06	0.00220436	0.00102689
5.1e+06	0.00218951	0.00102456
5.105e+06	0.00217935	0.00102261
5.11e+06	0.00217919	0.00102479
5.115e+06	0.00217484	0.00102844
5.12e+06	0.0021638	0.00102914
5.125e+06	0.00215835	0.00103311
5.13e+06	0.0021631	0.00103674
5.135e+06	0.0021625	0.00103542
5.14e+06	0.0021523	0.00103482
5.145e+06	0.00215094	0.00103226
5.15e+06	0.00215605	0.00103328
5.155e+06	0.00216429	0.00103612
5.16e+06	0.00216484	0.00103677
5.165e+06	0.00216981	0.00103489
5.17e+06	0.00216702	0.00103645
5.175e+06	0.00216613	0.00104231
5.18e+06	0.00216846	0.00104456
5.185e+06	0.00217551	0.00105285
5.19e+06	0.00218305	0.00106473
5.195e+06	0.00218367	0.00106351
5.2e+06	0.00218144	0.00106416
5.205e+06	0.00217317	0.00106704
5.21e+06	0.0021716	0.00107022
5.215e+06	0.00216577	0.00107547
5.22e+06	0.00216905	0.00108345
5.225e+06	0.00217944	0.00109232
5.23e+06	0.00217974	0.00109373
5.235e+06	0.00218235	0.00110085
5.24e+06	0.00218237	0.00110459
5.245e+06	0.00217495	0.00111261
5.25e+06	0.00216673	0.00111151
5.255e+06	0.0021636	0.00111085
5.26e+06	0.00216635	0.00111215
5.265e+06	0.00216524	0.00111635
5.27e+06	0.00216309	0.00112643
5.275e+06	0.00216354	0.00113295
5.28e+06	0.00215829	0.00113691
5.285e+06	0.002153	0.001132
5.29e+06	0.00214208	0.0011237
5.295e+06	0.00213857	0.00111119
5.3e+06	0.00213507	0.00111053
5.305e+06	0.00213596	0.00111069
5.31e+06	0.00213516	0.00110699
5.315e+06	0.00213389	0.00110693
5.32e+06	0.00213693	0.00110052
5.325e+06	0.00214061	0.00109577
5.33e+06	0.00213961	0.00109556
5.335e+06	0.00213887	0.00109241
5.34e+06	0.00214161	0.00109407
5.345e+06	0.00213947	0.00109609
5.35e+06	0.00214013	0.00109023
5.355e+06	0.00213882	0.00108446
5.36e+06	0.00213121	0.00108318
5.365e+06	0.00212436	0.00108402
5.37e+06	0.0021285	0.00108274
5.375e+06	0.00213043	0.0010822
5.38e+06	0.00212922	0.00108426
5.385e+06	0.00212414	0.00108424
5.39e+06	0.00212509	0.00109341
5.395e+06	0.00211993	0.00110276
5.4e+06	0.00211523	0.00111135
5.405e+06	0.00212053	0.0011094
5.41e+06	0.00212838	0.00110829
5.415e+06	0.00214134	0.00111115
5.42e+06	0.00214562	0.00112025
5.425e+06	0.0021498	0.00112637
5.43e+06	0.00214535	0.00112608
5.435e+06	0.00214431	0.00113445
5.44e+06	0.00215365	0.0011407
5.445e+06	0.00215304	0.00113911
5.45e+06	0.00215506	0.00113945
5.455e+06	0.0021621	0.00114599
5.46e+06	0.00216448	0.00114284
5.465e+06	0.002171	0.00113704
5.47e+06	0.00216856	0.0011341
5.475e+06	0.00217501	0.0011369
5.48e+06	0.00218023	0.00113406
5.485e+06	0.00217911	0.00112553
5.49e+06	0.00217611	0.00112102
5.495e+06	0.00217803	0.00111648
5.5e+06	0.0021818	0.00111414
5.505e+06	0.00217863	0.0011044
5.51e+06	0.0021779	0.00110441
5.515e+06	0.0021824	0.00110835
5.52e+06	0.00218132	0.00110648
5.525e+06	0.00218004	0.00110218
5.53e+06	0.00218454	0.00109927
5.535e+06	0.00218958	0.00109727
5.54e+06	0.00219039	0.00109846
5.545e+06	0.00218674	0.00109686
5.55e+06	0.00218403	0.00109305
5.555e+06	0.00218731	0.00109216
5.56e+06	0.00219572	0.00108996
5.565e+06	0.00220444	0.00108602
5.57e+06	0.00220762	0.00108635
5.575e+06	0.00221572	0.00108639
5.58e+06	0.0022225	0.00109178
5.585e+06	0.00221888	0.00108068
5.59e+06	0.00221776	0.00108381
5.595e+06	0.00221713	0.00108691
5.6e+06	0.00222107	0.00109039
5.605e+06	0.00222841	0.00109344
5.61e+06	0.00223176	0.00109315
5.615e+06	0.00223139	0.00109129
5.62e+06	0.00222997	0.00108685
5.625e+06	0.00222787	0.00108046
5.63e+06	0.00222556	0.00107169
5.635e+06	0.00222351	0.00105872
5.64e+06	0.00222173	0.00104696
5.645e+06	0.00221816	0.00104283
5.65e+06	0.00222184	0.00104295
5.655e+06	0.00222379	0.0010397
5.66e+06	0.00222091	0.00103285
5.665e+06	0.00222003	0.00103
5.67e+06	0.00222221	0.00102888
5.675e+06	0.00222829	0.00103032
5.68e+06	0.0022355	0.00102549
5.685e+06	0.00223914	0.00102238
5.69e+06	0.00224455	0.00102795
5.695e+06	0.00224996	0.00102707
5.7e+06	0.00225174	0.00102969
5.705e+06	0.0022493	0.00103308
5.71e+06	0.00224895	0.0010377
5.715e+06	0.00224926	0.00104696
5.72e+06	0.00224531	0.00104431
5.725e+06	0.0022491	0.0010437
5.73e+06	0.00225964	0.00105289
5.735e+06	0.00226289	0.00105836
5.74e+06	0.00226017	0.00106104
5.745e+06	0.00225827	0.0010617
5.75e+06	0.00225415	0.0010633
5.755e+06	0.00225247	0.00106404
5.76e+06	0.00224795	0.00106253
5.765e+06	0.0022449	0.00105258
5.77e+06	0.00224411	0.00104626
5.775e+06	0.0022458	0.00104903
5.78e+06	0.00224244	0.0010541
5.785e+06	0.00224035	0.00105732
5.79e+06	0.00224009	0.00106407
5.795e+06	0.0022394	0.00106431
5.8e+06	0.00224399	0.00106265
5.805e+06	0.00224177	0.00106137
5.81e+06	0.00223875	0.00106239
5.815e+06	0.00224349	0.00105537
5.82e+06	0.00224109	0.00104867
5.825e+06	0.00224133	0.0010347
5.83e+06	0.00224476	0.00102831
5.835e+06	0.00224055	0.00102954
5.84e+06	0.0022357	0.00102514
5.845e+06	0.00223995	0.0010215
5.85e+06	0.00224393	0.0010235
5.855e+06	0.00224201	0.00102355
5.86e+06	0.00224015	0.00102548
5.865e+06	0.0022341	0.00102746
5.87e+06	0.00223102	0.00103226
5.875e+06	0.00223058	0.00104326
5.88e+06	0.00222867	0.0010436
5.885e+06	0.00222919	0.00105257
5.89e+06	0.00222646	0.00105976
5.895e+06	0.00222529	0.00106383
5.9e+06	0.00222904	0.0010629
5.905e+06	0.00223371	0.00106415
5.91e+06	0.00223241	0.0010621
5.915e+06	0.00223449	0.00106243
5.92e+06	0.00223138	0.00106223
5.925e+06	0.00223225	0.00106173
5.93e+06	0.00223289	0.00106347
5.935e+06	0.00223464	0.00106791
5.94e+06	0.00223683	0.00106867
5.945e+06	0.00223624	0.00107533
5.95e+06	0.00223401	0.00107499
5.955e+06	0.00223509	0.0010779
5.96e+06	0.00223658	0.00108131
5.965e+06	0.00223742	0.00107666
5.97e+06	0.00223666	0.00107676
5.975e+06	0.00223202	0.00107137
5.98e+06	0.00223405	0.00106821
5.985e+06	0.00223328	0.00106754
5.99e+06	0.00223145	0.00106515
5.995e+06	0.00222674	0.0010627
6e+06	0.00222326	0.00105686
6.005e+06	0.00222076	0.00105683
6.01e+06	0.00222738	0.00105626
6.015e+06	0.00223097	0.0010572
6.02e+06	0.00223643	0.00106582
6.025e+06	0.00223751	0.00107059
6.03e+06	0.00223567	0.00107143
6.035e+06	0.00223384	0.001075
6.04e+06	0.00223107	0.00108325
6.045e+06	0.00222176	0.00108964
6.05e+06	0.00222293	0.00109721
6.055e+06	0.00222114	0.00109993
6.06e+06	0.00222398	0.00110326
6.065e+06	0.00222601	0.00110388
6.07e+06	0.00222381	0.00110807
6.075e+06	0.00221929	0.00110628
6.08e+06	0.00221978	0.00109962
6.085e+06	0.00221538	0.00109433
6.09e+06	0.00222006	0.0010874
6.095e+06	0.00222415	0.00108577
6.1e+06	0.00222504	0.00109306
6.105e+06	0.0022245	0.00109137
6.11e+06	0.00222635	0.00109071
6.115e+06	0.00222726	0.00109044
6.12e+06	0.00223398	0.00108089
6.125e+06	0.00223377	0.00108895
6.13e+06	0.00223135	0.00109169
6.135e+06	0.00223028	0.00109224
6.14e+06	0.00222538	0.00109569
6.145e+06	0.00222447	0.00110154
6.15e+06	0.00222913	0.00110613
6.155e+06	0.00223002	0.00110596
6.16e+06	0.00222829	0.00109905
6.165e+06	0.00222753	0.0010891
6.17e+06	0.00222795	0.0010856
6.175e+06	0.00222946	0.00108862
6.18e+06	0.00222446	0.00108398
6.185e+06	0.00222482	0.00108492
6.19e+06	0.00223414	0.00107967
6.195e+06	0.00223881	0.00107931
6.2e+06	0.00223684	0.00107257
6.205e+06	0.00223688	0.00106158
6.21e+06	0.00223584	0.00105241
6.215e+06	0.00223803	0.00105214
6.22e+06	0.00223894	0.00104897
6.225e+06	0.00224017	0.00105218
6.23e+06	0.00223713	0.00105319
6.235e+06	0.00223655	0.00104924
6.24e+06	0.00223384	0.00104746
6.245e+06	0.00223556	0.00105384
6.25e+06	0.00223031	0.0010607
6.255e+06	0.00223364	0.0010653
6.26e+06	0.00223461	0.00105711
6.265e+06	0.00223012	0.00105051
6.27e+06	0.00222272	0.00106055
6.275e+06	0.00222124	0.00105828
6.28e+06	0.00222272	0.00105668
6.285e+06	0.00222012	0.00105229
6.29e+06	0.00221769	0.00105251
6.295e+06	0.0022133	0.00104934
6.3e+06	0.002214	0.00104623
6.305e+06	0.00221302	0.00104301
6.31e+06	0.00221188	0.00103395
6.315e+06	0.0022171	0.00102659
6.32e+06	0.00222118	0.00103064
6.325e+06	0.00222707	0.00103666
6.33e+06	0.00222736	0.00104427
6.335e+06	0.0022229	0.00104923
6.34e+06	0.00222135	0.00104762
6.345e+06	0.00221578	0.00104282
6.35e+06	0.00221062	0.0010393
6.355e+06	0.00220287	0.00103641
6.36e+06	0.00220998	0.00103369
6.365e+06	0.0022126	0.00103557
6.37e+06	0.00220819	0.0010387
6.375e+06	0.00219965	0.00103755
6.38e+06	0.00219772	0.00104549
6.385e+06	0.00218937	0.00105387
6.39e+06	0.0021836	0.00105579
6.395e+06	0.00217638	0.00105128
6.4e+06	0.00218194	0.00105083
6.405e+06	0.00218298	0.00105161
6.41e+06	0.00218182	0.00104975
6.415e+06	0.00218176	0.00104401
6.42e+06	0.00218411	0.00104086
6.425e+06	0.0021833	0.0010421
6.43e+06	0.00217915	0.00104259
6.435e+06	0.00217325	0.00103451
6.44e+06	0.0021697	0.00103063
6.445e+06	0.00216235	0.00103777
6.45e+06	0.00215835	0.00103978
6.455e+06	0.0021564	0.00103535
6.46e+06	0.00215701	0.00103002
6.465e+06	0.00215472	0.00102977
6.47e+06	0.00215509	0.00102864
6.475e+06	0.00214926	0.00102973
6.48e+06	0.00215298	0.00102224
6.485e+06	0.00215078	0.00102371
6.49e+06	0.00215315	0.00102872
6.495e+06	0.0021568	0.00103278
6.5e+06	0.00215418	0.00102727
6.505e+06	0.00216016	0.00103122
6.51e+06	0.00216368	0.00102993
6.515e+06	0.00215961	0.00102471
6.52e+06	0.00215983	0.00102038
6.525e+06	0.00216435	0.00101672
6.53e+06	0.00216197	0.00100791
6.535e+06	0.00216271	0.0010048
6.54e+06	0.00216022	0.00100106
6.545e+06	0.00215601	0.000994988
6.55e+06	0.00215516	0.000990036
6.555e+06	0.00214955	0.000988649
6.56e+06	0.0021499	0.000989215
6.565e+06	0.00214954	0.000995358
6.57e+06	0.00214626	0.000999375
6.575e+06	0.00215132	0.0010009
6.58e+06	0.00214294	0.000994854
6.585e+06	0.00214243	0.000989222
6.59e+06	0.00214225	0.0009837
6.595e+06	0.00214118	0.000984321
6.6e+06	0.00214013	0.000993887
6.605e+06	0.00214221	0.000994304
6.61e+06	0.00214361	0.000996863
6.615e+06	0.00214822	0.00100062
6.62e+06	0.00215093	0.000998667
6.625e+06	0.00214811	0.000998001
6.63e+06	0.00214887	0.000987722
6.635e+06	0.00214673	0.000979809
6.64e+06	0.00214511	0.000979654
6.645e+06	0.0021424	0.000987308
6.65e+06	0.00214686	0.000995603
6.655e+06	0.00214984	0.00100493
6.66e+06	0.00214871	0.00101206
6.665e+06	0.00214784	0.00101465
6.67e+06	0.00214961	0.00101409
6.675e+06	0.00214802	0.00101683
6.68e+06	0.00214831	0.0010213
6.685e+06	0.00214021	0.00102014
6.69e+06	0.00213544	0.00102206
6.695e+06	0.00214102	0.00101969
6.7e+06	0.00214708	0.00102507
6.705e+06	0.00214621	0.00102722
6.71e+06	0.00214452	0.0010311
6.715e+06	0.00214168	0.00103326
6.72e+06	0.00213785	0.00103094
6.725e+06	0.00213877	0.00103227
6.73e+06	0.0021378	0.00102402
6.735e+06	0.00213425	0.00102216
6.74e+06	0.00213786	0.00102844
6.745e+06	0.00213632	0.00103019
6.75e+06	0.00214402	0.00103008
6.755e+06	0.00214556	0.0010265
6.76e+06	0.00214839	0.00102191
6.765e+06	0.002148	0.00102223
6.77e+06	0.00215493	0.00101643
6.775e+06	0.0021564	0.00101262
6.78e+06	0.00215423	0.00100511
6.785e+06	0.00215462	0.000999294
6.79e+06	0.00216273	0.00100283
6.795e+06	0.00216837	0.00101345
6.8e+06	0.00216715	0.00101786
6.805e+06	0.00216754	0.00101924
6.81e+06	0.00216064	0.00101985
6.815e+06	0.00216074	0.00101956
6.82e+06	0.00215527	0.00101582
6.825e+06	0.0021534	0.00101054
6.83e+06	0.00214741	0.00100688
6.835e+06	0.00214028	0.00100304
6.84e+06	0.00214036	0.00100838
6.845e+06	0.0021353	0.00100434
6.85e+06	0.00213141	0.00100295
6.855e+06	0.00212584	0.00100702
6.86e+06	0.00212891	0.00100848
6.865e+06	0.00212956	0.00100505
6.87e+06	0.00212802	0.00100432
6.875e+06	0.00212139	0.00100859
6.88e+06	0.00212281	0.00101294
6.885e+06	0.00212358	0.00101382
6.89e+06	0.00211547	0.00101371
6.895e+06	0.00211493	0.00101393
6.9e+06	0.00210332	0.0010132
6.905e+06	0.00209529	0.00101425
6.91e+06	0.0020923	0.00101277
6.915e+06	0.00209604	0.0010113
6.92e+06	0.0020986	0.00101159
6.925e+06	0.00209571	0.00101719
6.93e+06	0.00209748	0.00101593
6.935e+06	0.00209961	0.00101952
6.94e+06	0.00210473	0.00101604
6.945e+06	0.00211176	0.00102362
6.95e+06	0.00211548	0.00103174
6.955e+06	0.00210998	0.00103358
6.96e+06	0.00210463	0.00103921
6.965e+06	0.00210499	0.00104186
6.97e+06	0.00210096	0.00103907
6.975e+06	0.0020965	0.00103822
6.98e+06	0.00209875	0.00103686
6.985e+06	0.00209684	0.00103275
6.99e+06	0.00209448	0.00103022
6.995e+06	0.00209438	0.00102128
7e+06	0.00209217	0.00101601
7.005e+06	0.00209265	0.00101711
7.01e+06	0.0020995	0.00101652
7.015e+06	0.0020993	0.00101776
7.02e+06	0.00209671	0.00101847
7.025e+06	0.00209509	0.00101682
7.03e+06	0.00208879	0.00101953
7.035e+06	0.00208544	0.00101644
7.04e+06	0.00208682	0.00101469
7.045e+06	0.00208503	0.00101141
7.05e+06	0.00208091	0.00101075
7.055e+06	0.002078	0.00100882
7.06e+06	0.00207807	0.00100521
7.065e+06	0.00207409	0.00100493
7.07e+06	0.00207487	0.00100644
7.075e+06	0.00207602	0.00100471
7.08e+06	0.00207603	0.000998663
7.085e+06	0.00207631	0.00100496
7.09e+06	0.00207932	0.00100856
7.095e+06	0.00207971	0.0010117
7.1e+06	0.00207827	0.0010148
7.105e+06	0.00207753	0.00101156
7.11e+06	0.00207648	0.00101287
7.115e+06	0.00207735	0.00101247
7.12e+06	0.00207636	0.00101204
7.125e+06	0.00207377	0.00101389
7.13e+06	0.00206527	0.00101165
7.135e+06	0.00205908	0.00101475
7.14e+06	0.00205779	0.00101558
7.145e+06	0.00206185	0.00101887
7.15e+06	0.00206387	0.00101794
7.155e+06	0.00206867	0.00101958
7.16e+06	0.00206254	0.001021
7.165e+06	0.0020627	0.00102323
7.17e+06	0.00206517	0.00102213
7.175e+06	0.00206592	0.00101767
7.18e+06	0.00206595	0.00101181
7.185e+06	0.00205933	0.00100605
7.19e+06	0.00205837	0.0010049
7.195e+06	0.00205584	0.00100458
7.2e+06	0.00205093	0.00100143
7.205e+06	0.00204296	0.00100028
7.21e+06	0.0020359	0.000992434
7.215e+06	0.00202461	0.000983735
7.22e+06	0.00201714	0.000979567
7.225e+06	0.00201043	0.000977134
7.23e+06	0.00200858	0.000976496
7.235e+06	0.00201249	0.00097603
7.24e+06	0.00201977	0.00098191
7.245e+06	0.00202119	0.000987189
7.25e+06	0.00202406	0.000992584
7.255e+06	0.00202967	0.000993883
7.26e+06	0.00203611	0.000997542
7.265e+06	0.00203519	0.000995432
7.27e+06	0.0020357	0.000986667
7.275e+06	0.00203905	0.000988294
7.28e+06	0.0020353	0.00098856
7.285e+06	0.00202765	0.000991605
7.29e+06	0.00202566	0.000989815
7.295e+06	0.00202037	0.000981313
7.3e+06	0.00201663	0.000975476
7.305e+06	0.00201503	0.00097781
7.31e+06	0.0020125	0.000975616
7.315e+06	0.00200664	0.000976646
7.32e+06	0.00200789	0.000979556
7.325e+06	0.00201148	0.000976777
7.33e+06	0.00201408	0.000973358
7.335e+06	0.00201333	0.000970637
7.34e+06	0.00201092	0.000966618
7.345e+06	0.00201258	0.000964197
7.35e+06	0.00201879	0.000959504
7.355e+06	0.00201852	0.000958602
7.36e+06	0.00202263	0.000958416
7.365e+06	0.00201813	0.000960241
7.37e+06	0.00201196	0.000958875
7.375e+06	0.00200559	0.000957578
7.38e+06	0.00199876	0.000962576
7.385e+06	0.00199139	0.000964024
7.39e+06	0.00198211	0.000963347
7.395e+06	0.00197603	0.000965913
7.4e+06	0.00197481	0.000969437
7.405e+06	0.00197384	0.000971225
7.41e+06	0.00197836	0.000979275
7.415e+06	0.00198146	0.000986046
7.42e+06	0.00198248	0.000989475
7.425e+06	0.00197791	0.000989407
7.43e+06	0.00197514	0.000994454
7.435e+06	0.00197644	0.00100304
7.44e+06	0.00196975	0.00100469
7.445e+06	0.00196698	0.0010035
7.45e+06	0.00196844	0.0010051
7.455e+06	0.00196699	0.00100841
7.46e+06	0.00195926	0.00100527
7.465e+06	0.00195444	0.000998846
7.47e+06	0.00195745	0.000995915
7.475e+06	0.00195891	0.000991516
7.48e+06	0.00195416	0.000989014
7.485e+06	0.0019556	0.000990719
7.49e+06	0.00195362	0.000989132
7.495e+06	0.00195158	0.000988352
7.5e+06	0.00194666	0.000982243
7.505e+06	0.00194804	0.000981722
7.51e+06	0.00194681	0.000978292
7.515e+06	0.00194477	0.000974319
7.52e+06	0.00194436	0.000969017
7.525e+06	0.00194729	0.000967441
7.53e+06	0.00195036	0.000964115
7.535e+06	0.00195558	0.000957604
7.54e+06	0.00195908	0.000958674
7.545e+06	0.00195728	0.000957042
7.55e+06	0.001952	0.000952475
7.555e+06	0.00194596	0.000949561
7.56e+06	0.00194274	0.000944702
7.565e+06	0.00194315	0.000942068
7.57e+06	0.00194858	0.000940429
7.575e+06	0.00195271	0.000939748
7.58e+06	0.00195203	0.000938275
7.585e+06	0.001952	0.000932393
7.59e+06	0.00194529	0.000924221
7.595e+06	0.00194372	0.000919387
7.6e+06	0.00193937	0.000913694
7.605e+06	0.00193564	0.00090839
7.61e+06	0.00193165	0.000907324
7.615e+06	0.00192616	0.000901754
7.62e+06	0.00192272	0.000903183
7.625e+06	0.00192135	0.000905744
7.63e+06	0.00192319	0.000909696
7.635e+06	0.00192067	0.000913268
7.64e+06	0.00191756	0.000915057
7.645e+06	0.00191164	0.000913677
7.65e+06	0.00190554	0.000918744
7.655e+06	0.00190555	0.000916324
7.66e+06	0.00190581	0.000917808
7.665e+06	0.00189714	0.000918218
7.67e+06	0.00188871	0.000916696
7.675e+06	0.0018819	0.000918592
7.68e+06	0.00187598	0.000921133
7.685e+06	0.0018693	0.000915848
7.69e+06	0.00187272	0.000916771
7.695e+06	0.00187546	0.000917062
7.7e+06	0.00187999	0.000923633
7.705e+06	0.00187816	0.000926323
7.71e+06	0.0018753	0.000927187
7.715e+06	0.00187478	0.000934594
7.72e+06	0.00187406	0.000939186
7.725e+06	0.00187675	0.000945049
7.73e+06	0.00188039	0.000947909
7.735e+06	0.00188356	0.000942919
7.74e+06	0.00188395	0.000944228
7.745e+06	0.001883	0.000940156
7.75e+06	0.00188384	0.000937908
7.755e+06	0.00188609	0.000932819
7.76e+06	0.00188724	0.000930367
7.765e+06	0.00188408	0.000928192
7.77e+06	0.00187993	0.000925429
7.775e+06	0.00187484	0.000924969
7.78e+06	0.00187255	0.000924483
7.785e+06	0.00186888	0.000924742
7.79e+06	0.00186494	0.000927991
7.795e+06	0.0018625	0.000931829
7.8e+06	0.00186518	0.000932878
7.805e+06	0.00186952	0.000930639
7.81e+06	0.00187073	0.00092477
7.815e+06	0.00187065	0.000920276
7.82e+06	0.00186961	0.000921368
7.825e+06	0.00186518	0.000921323
7.83e+06	0.0018598	0.000920638
7.835e+06	0.00185966	0.000918954
7.84e+06	0.00185713	0.000921069
7.845e+06	0.00185912	0.000926426
7.85e+06	0.00186037	0.000929656
7.855e+06	0.00186335	0.000931885
7.86e+06	0.00186439	0.000931379
7.865e+06	0.00186039	0.000925985
7.87e+06	0.00185312	0.000922817
7.875e+06	0.00185258	0.000917877
7.88e+06	0.00185181	0.000915691
7.885e+06	0.00185212	0.000907451
7.89e+06	0.0018515	0.000906549
7.895e+06	0.00185067	0.000905023
7.9e+06	0.0018501	0.000903995
7.905e+06	0.00184986	0.00090528
7.91e+06	0.00184584	0.000906693
7.915e+06	0.00184933	0.000909189
7.92e+06	0.00185324	0.000909219
7.925e+06	0.0018591	0.000913239
7.93e+06	0.00186231	0.00091893
7.935e+06	0.00186402	0.000919892
7.94e+06	0.00186158	0.00091975
7.945e+06	0.00186133	0.000920101
7.95e+06	0.00186209	0.000925756
7.955e+06	0.00186034	0.000927976
7.96e+06	0.00185742	0.000930512
7.965e+06	0.00185711	0.000931203
7.97e+06	0.00185403	0.000929915
7.975e+06	0.00185507	0.000929396
7.98e+06	0.00184955	0.000932518
7.985e+06	0.00184376	0.000932947
7.99e+06	0.00183975	0.000933839
7.995e+06	0.00183848	0.00093357
8e+06	0.00183807	0.000928937
8.005e+06	0.00183595	0.00092964
8.01e+06	0.00183713	0.000925307
8.015e+06	0.0018386	0.000919246
8.02e+06	0.00183651	0.000916898
8.025e+06	0.00183352	0.000915221
8.03e+06	0.00183281	0.000913018
8.035e+06	0.00182991	0.000908051
8.04e+06	0.00182559	0.000907678
8.045e+06	0.00182605	0.000907897
8.05e+06	0.00183133	0.000908591
8.055e+06	0.0018318	0.000907315
8.06e+06	0.00182389	0.000902165
8.065e+06	0.0018243	0.000901757
8.07e+06	0.00182403	0.000903334
8.075e+06	0.00182117	0.000899075
8.08e+06	0.00182146	0.000892368
8.085e+06	0.00181696	0.000886157
8.09e+06	0.0018134	0.000883633
8.095e+06	0.00180999	0.000885109
8.1e+06	0.00180696	0.000884329
8.105e+06	0.00180583	0.000886146
8.11e+06	0.00180625	0.000880055
8.115e+06	0.00180656	0.000876203
8.12e+06	0.00181167	0.000871688
8.125e+06	0.00181024	0.000868394
8.13e+06	0.00180433	0.000868621
8.135e+06	0.00180655	0.000869387
8.14e+06	0.0018041	0.000866869
8.145e+06	0.00180655	0.000867941
8.15e+06	0.00180886	0.000868882
8.155e+06	0.00180523	0.000865765
8.16e+06	0.00180114	0.00086291
8.165e+06	0.00180405	0.000861335
8.17e+06	0.00180526	0.000860839
8.175e+06	0.0018055	0.000858605
8.18e+06	0.00180616	0.000853758
8.185e+06	0.00180879	0.000852363
8.19e+06	0.0018094	0.000849243
8.195e+06	0.0018071	0.000846899
8.2e+06	0.00180339	0.000847998
8.205e+06	0.00179783	0.000847574
8.21e+06	0.00179335	0.000844869
8.215e+06	0.00179174	0.000842325
8.22e+06	0.00179708	0.00084342
8.225e+06	0.00179455	0.000841713
8.23e+06	0.00179352	0.000840349
8.235e+06	0.00179434	0.000835874
8.24e+06	0.00179428	0.000835042
8.245e+06	0.00179429	0.000836891
8.25e+06	0.00179412	0.000837567
8.255e+06	0.00179237	0.000840851
8.26e+06	0.00179084	0.000845728
8.265e+06	0.00178973	0.000844263
8.27e+06	0.00179039	0.000841237
8.275e+06	0.00179022	0.000839464
8.28e+06	0.00178845	0.000838305
8.285e+06	0.00178928	0.000841565
8.29e+06	0.00179015	0.00084623
8.295e+06	0.00178726	0.000844688
8.3e+06	0.00178423	0.000838827
8.305e+06	0.00178266	0.000835334
8.31e+06	0.00178045	0.000833556
8.315e+06	0.00178122	0.000836685
8.32e+06	0.00178468	0.000836662
8.325e+06	0.00178326	0.000836737
8.33e+06	0.00178421	0.000835308
8.335e+06	0.0017858	0.000840538
8.34e+06	0.00178305	0.00084176
8.345e+06	0.00178571	0.00083953
8.35e+06	0.0017835	0.000838076
8.355e+06	0.0017817	0.000837607
8.36e+06	0.00177978	0.000829857
8.365e+06	0.00178272	0.00083239
8.37e+06	0.00177949	0.00082985
8.375e+06	0.00177529	0.000832215
8.38e+06	0.00177488	0.000832377
8.385e+06	0.00177149	0.000832773
8.39e+06	0.0017693	0.000832243
8.395e+06	0.00176885	0.000829571
8.4e+06	0.00176541	0.00082834
8.405e+06	0.00176168	0.000825384
8.41e+06	0.00175826	0.000821317
8.415e+06	0.0017549	0.000817166
8.42e+06	0.00175237	0.000813427
8.425e+06	0.00175019	0.000811801
8.43e+06	0.00174812	0.00080937
8.435e+06	0.0017468	0.000802827
8.44e+06	0.00174781	0.000796546
8.445e+06	0.00175017	0.000792207
8.45e+06	0.00174905	0.000790674
8.455e+06	0.001753	0.000791265
8.46e+06	0.00175081	0.000786162
8.465e+06	0.00175069	0.000784598
8.47e+06	0.00174601	0.00078354
8.475e+06	0.00174608	0.000781485
8.48e+06	0.00174447	0.000784117
8.485e+06	0.00174274	0.000787383
8.49e+06	0.00174149	0.000787213
8.495e+06	0.0017374	0.000789265
8.5e+06	0.0017342	0.000794178
8.505e+06	0.00173003	0.000796304
8.51e+06	0.00173355	0.000799447
8.515e+06	0.00172915	0.000801541
8.52e+06	0.00172597	0.000801095
8.525e+06	0.00172757	0.00080372
8.53e+06	0.00172596	0.000797212
8.535e+06	0.00172322	0.000795895
8.54e+06	0.00171685	0.000794704
8.545e+06	0.00171222	0.000799413
8.55e+06	0.00170824	0.000796849
8.555e+06	0.00170905	0.000795792
8.56e+06	0.0017163	0.000797147
8.565e+06	0.00171847	0.000799911
8.57e+06	0.00171772	0.000797604
8.575e+06	0.00172088	0.000796776
8.58e+06	0.00172341	0.000799459
8.585e+06	0.00172299	0.000800518
8.59e+06	0.00172383	0.00080065
8.595e+06	0.00172122	0.000797589
8.6e+06	0.00171657	0.000794864
8.605e+06	0.00170904	0.000798103
8.61e+06	0.0016992	0.000796304
8.615e+06	0.00169329	0.000799399
8.62e+06	0.00169078	0.000796353
8.625e+06	0.0016887	0.000796614
8.63e+06	0.00168396	0.000799572
8.635e+06	0.00168098	0.000804364
8.64e+06	0.00168035	0.00080748
8.645e+06	0.00168746	0.000814135
8.65e+06	0.00169089	0.000818259
8.655e+06	0.00169827	0.000815587
8.66e+06	0.0017036	0.000815581
8.665e+06	0.00170843	0.000818472
8.67e+06	0.00171514	0.000819009
8.675e+06	0.00171765	0.000816428
8.68e+06	0.00171784	0.000812557
8.685e+06	0.00171831	0.000813414
8.69e+06	0.00171959	0.00081453
8.695e+06	0.00172325	0.000816677
8.7e+06	0.00172058	0.000818869
8.705e+06	0.00171713	0.000818334
8.71e+06	0.00172119	0.000823498
8.715e+06	0.0017258	0.000827191
8.72e+06	0.00172777	0.000823784
8.725e+06	0.00172476	0.000820999
8.73e+06	0.00171928	0.000817853
8.735e+06	0.00171209	0.000816019
8.74e+06	0.00170973	0.000812855
8.745e+06	0.00170951	0.000805452
8.75e+06	0.00171195	0.000805474
8.755e+06	0.00171279	0.000801751
8.76e+06	0.00171211	0.000801973
8.765e+06	0.00171278	0.000800508
8.77e+06	0.00171276	0.000796128
8.775e+06	0.00171162	0.000791936
8.78e+06	0.00171162	0.000787048
8.785e+06	0.00171354	0.000782423
8.79e+06	0.0017128	0.000778855
8.795e+06	0.00171306	0.000773744
8.8e+06	0.00171261	0.000771735
8.805e+06	0.00171424	0.000772754
8.81e+06	0.00171486	0.000770247
8.815e+06	0.00171125	0.000767557
8.82e+06	0.00170654	0.000763622
8.825e+06	0.00170768	0.000764535
8.83e+06	0.00171036	0.000762446
8.835e+06	0.00171066	0.000764022
8.84e+06	0.00171013	0.000763372
8.845e+06	0.00171146	0.000767848
8.85e+06	0.00170732	0.000774185
8.855e+06	0.0017064	0.000775778
8.86e+06	0.00170447	0.000772069
8.865e+06	0.00170367	0.000770897
8.87e+06	0.00170422	0.000770255
8.875e+06	0.00170457	0.000769495
8.88e+06	0.00170523	0.000765949
8.885e+06	0.00170548	0.00076584
8.89e+06	0.00170397	0.000768215
8.895e+06	0.0017032	0.000773385
8.9e+06	0.00170168	0.000770772
8.905e+06	0.00170126	0.000766323
8.91e+06	0.00170412	0.000766322
8.915e+06	0.00170103	0.000767479
8.92e+06	0.00169572	0.000764947
8.925e+06	0.00169229	0.000761425
8.93e+06	0.0016936	0.000757817
8.935e+06	0.00169647	0.000758852
8.94e+06	0.00169875	0.00076095
8.945e+06	0.0016985	0.000756259
8.95e+06	0.00169768	0.000752913
8.955e+06	0.0016956	0.000749757
8.96e+06	0.0016942	0.000747341
8.965e+06	0.00169217	0.000748436
8.97e+06	0.00169364	0.000753231
8.975e+06	0.0016971	0.000754398
8.98e+06	0.0017007	0.000752495
8.985e+06	0.00170372	0.000754266
8.99e+06	0.00170423	0.000756793
8.995e+06	0.00170642	0.000755163
9e+06	0.00170573	0.000755358
9.005e+06	0.00170639	0.000753185
9.01e+06	0.0017073	0.000753888
9.015e+06	0.00171087	0.000752762
9.02e+06	0.00171013	0.000751825
9.025e+06	0.00170549	0.000746725
9.03e+06	0.00170556	0.000742918
9.035e+06	0.00170973	0.000742638
9.04e+06	0.00170987	0.000740395
9.045e+06	0.00170818	0.000742034
9.05e+06	0.00170514	0.000743429
9.055e+06	0.00170423	0.000745485
9.06e+06	0.00170382	0.000746926
9.065e+06	0.0016985	0.000744521
9.07e+06	0.00169554	0.000745246
9.075e+06	0.0016919	0.000743577
9.08e+06	0.00169519	0.00074277
9.085e+06	0.00169395	0.000741778
9.09e+06	0.00169683	0.000738469
9.095e+06	0.00169848	0.0007394
9.1e+06	0.00169983	0.000735898
9.105e+06	0.0017013	0.000733979
9.11e+06	0.00170093	0.000733271
9.115e+06	0.00170221	0.000735914
9.12e+06	0.00170273	0.000732452
9.125e+06	0.0017078	0.000734977
9.13e+06	0.00170946	0.000735728
9.135e+06	0.00170633	0.000738514
9.14e+06	0.00170424	0.000739381
9.145e+06	0.00170754	0.000735565
9.15e+06	0.0017112	0.000733596
9.155e+06	0.00170748	0.000732616
9.16e+06	0.00170537	0.000744324
9.165e+06	0.00170098	0.000746266
9.17e+06	0.00169869	0.000752608
9.175e+06	0.00169688	0.000754266
9.18e+06	0.00169887	0.000755436
9.185e+06	0.00170242	0.0007598
9.19e+06	0.00170267	0.000757998
9.195e+06	0.00170513	0.000759599
9.2e+06	0.00170673	0.000755843
9.205e+06	0.00171126	0.000752068
9.21e+06	0.00171386	0.000749248
9.215e+06	0.00171698	0.000751058
9.22e+06	0.00172157	0.00075177
9.225e+06	0.00172477	0.000755495
9.23e+06	0.00171958	0.000752867
9.235e+06	0.00171683	0.000755558
9.24e+06	0.00171738	0.00075936
9.245e+06	0.0017129	0.000759492
9.25e+06	0.00171011	0.00075785
9.255e+06	0.00171173	0.000754742
9.26e+06	0.00171146	0.000751419
9.265e+06	0.00171514	0.000749061
9.27e+06	0.00171689	0.000744826
9.275e+06	0.00172035	0.000748478
9.28e+06	0.00172073	0.000748678
9.285e+06	0.00172265	0.000748239
9.29e+06	0.0017257	0.000745953
9.295e+06	0.00172491	0.000746493
9.3e+06	0.00171984	0.000744547
9.305e+06	0.00172044	0.000742376
9.31e+06	0.001723	0.000741261
9.315e+06	0.00172659	0.000742646
9.32e+06	0.00172849	0.000740651
9.325e+06	0.00172996	0.000739447
9.33e+06	0.00173263	0.00074112
9.335e+06	0.00172812	0.000738828
9.34e+06	0.00172822	0.000738986
9.345e+06	0.00172711	0.000737729
9.35e+06	0.00172825	0.000736205
9.355e+06	0.00172775	0.000735955
9.36e+06	0.0017266	0.000735071
9.365e+06	0.00172793	0.000733233
9.37e+06	0.00172711	0.000733525
9.375e+06	0.00172749	0.000737144
9.38e+06	0.0017262	0.000736562
9.385e+06	0.00172717	0.000736238
9.39e+06	0.0017297	0.000733413
9.395e+06	0.00173258	0.000730429
9.4e+06	0.00173534	0.000732746
9.405e+06	0.00174054	0.000737376
9.41e+06	0.00174228	0.000740973
9.415e+06	0.00174348	0.000742254
9.42e+06	0.00174181	0.000740834
9.425e+06	0.001744	0.000741174
9.43e+06	0.00174316	0.000743692
9.435e+06	0.00174127	0.000742155
9.44e+06	0.00174181	0.000744617
9.445e+06	0.00174212	0.00074478
9.45e+06	0.00174115	0.000745492
9.455e+06	0.00173983	0.000741683
9.46e+06	0.00173702	0.000738943
9.465e+06	0.00173185	0.000734523
9.47e+06	0.00173134	0.000731334
9.475e+06	0.00173199	0.00073482
9.48e+06	0.00172948	0.00073383
9.485e+06	0.00173085	0.000733804
9.49e+06	0.00173008	0.000730243
9.495e+06	0.00172761	0.000732845
9.5e+06	0.0017258	0.000731563
9.505e+06	0.00172655	0.000732041
9.51e+06	0.00172704	0.00072922
9.515e+06	0.00172612	0.000725939
9.52e+06	0.00172476	0.000724752
9.525e+06	0.00172338	0.000727926
9.53e+06	0.00172053	0.000725378
9.535e+06	0.00172169	0.000722824
9.54e+06	0.00172052	0.000720223
9.545e+06	0.00171781	0.000720728
9.55e+06	0.00171777	0.000717935
9.555e+06	0.00171449	0.000716389
9.56e+06	0.00171694	0.00071916
9.565e+06	0.0017182	0.000719724
9.57e+06	0.00171779	0.000722745
9.575e+06	0.00171679	0.000725086
9.58e+06	0.00171819	0.00072547
9.585e+06	0.00172083	0.00072389
9.59e+06	0.00172174	0.000724338
9.595e+06	0.00172231	0.000728925
9.6e+06	0.00172171	0.000732488
9.605e+06	0.00172256	0.000731067
9.61e+06	0.0017236	0.000731053
9.615e+06	0.00172743	0.000729052
9.62e+06	0.0017286	0.000724431
9.625e+06	0.00172797	0.000720733
9.63e+06	0.00173107	0.000719018
9.635e+06	0.0017345	0.000720887
9.64e+06	0.00173957	0.000726292
9.645e+06	0.00174391	0.000732548
9.65e+06	0.00174392	0.000733537
9.655e+06	0.00174308	0.000735964
9.66e+06	0.00174325	0.000739166
9.665e+06	0.00174024	0.000744639
9.67e+06	0.00174626	0.000749201
9.675e+06	0.00174394	0.000751409
9.68e+06	0.00174528	0.000753793
9.685e+06	0.00174867	0.00075508
9.69e+06	0.00175116	0.000752773
9.695e+06	0.00174934	0.000750764
9.7e+06	0.00174822	0.000749799
9.705e+06	0.00175054	0.00075334
9.71e+06	0.00174951	0.000762443
9.715e+06	0.00174414	0.000763496
9.72e+06	0.00174095	0.000760398
9.725e+06	0.00173392	0.000760619
9.73e+06	0.00173297	0.000759259
9.735e+06	0.00173313	0.000754513
9.74e+06	0.00173248	0.000758617
9.745e+06	0.00173276	0.000759633
9.75e+06	0.00173057	0.000760514
9.755e+06	0.00173427	0.000759142
9.76e+06	0.00173701	0.000757202
9.765e+06	0.00173544	0.000757736
9.77e+06	0.0017321	0.000756191
9.775e+06	0.00172678	0.000753551
9.78e+06	0.00172071	0.00074902
9.785e+06	0.00171709	0.000748128
9.79e+06	0.00171605	0.000748885
9.795e+06	0.00171848	0.000750697
9.8e+06	0.00171871	0.000755069
9.805e+06	0.00171555	0.000755833
9.81e+06	0.00171511	0.000754211
9.815e+06	0.00171039	0.000751105
9.82e+06	0.00170578	0.000749682
9.825e+06	0.00170301	0.000747084
9.83e+06	0.00170098	0.000748937
9.835e+06	0.00169695	0.000747109
9.84e+06	0.00169483	0.000743701
9.845e+06	0.00169674	0.00074538
9.85e+06	0.0016933	0.000746819
9.855e+06	0.00169375	0.000746031
9.86e+06	0.00169751	0.00074537
9.865e+06	0.00170003	0.000744506
9.87e+06	0.00170044	0.00073682
9.875e+06	0.00169918	0.000729802
9.88e+06	0.00169787	0.000724145
9.885e+06	0.00169676	0.000717794
9.89e+06	0.0016982	0.000715701
9.895e+06	0.00169703	0.000715373
9.9e+06	0.00169648	0.000715795
9.905e+06	0.00169609	0.000717454
9.91e+06	0.00169213	0.000716187
9.915e+06	0.0016898	0.000712268
9.92e+06	0.00168611	0.000707333
9.925e+06	0.00168407	0.000709379
9.93e+06	0.00168437	0.000709139
9.935e+06	0.00168307	0.000712702
9.94e+06	0.00168575	0.000716953
9.945e+06	0.00168821	0.000721637
9.95e+06	0.00168933	0.000721175
9.955e+06	0.00169121	0.000722458
9.96e+06	0.00169361	0.000722614
9.965e+06	0.00169349	0.000721886
9.97e+06	0.00169514	0.000724706
9.975e+06	0.00169526	0.000723483
9.98e+06	0.00169308	0.000725013
9.985e+06	0.00168705	0.000724982
9.99e+06	0.00168172	0.000726732
9.995e+06	0.00167853	0.000732252
1e+07	0.00167752	0.000734507
