5000	0.7321
10000	0.636416
15000	0.583474
20000	0.540827
25000	0.497068
30000	0.461223
35000	0.428712
40000	0.396297
45000	0.366191
50000	0.335137
55000	0.31766
60000	0.301128
65000	0.288093
70000	0.266247
75000	0.248636
80000	0.228489
85000	0.214867
90000	0.204105
95000	0.190834
100000	0.17858
105000	0.16825
110000	0.162044
115000	0.146723
120000	0.136715
125000	0.127365
130000	0.121454
135000	0.115364
140000	0.109531
145000	0.103893
150000	0.100033
155000	0.0952559
160000	0.0943888
165000	0.0931329
170000	0.0893842
175000	0.0869057
180000	0.0852567
185000	0.0827644
190000	0.0784664
195000	0.0752373
200000	0.0727406
205000	0.0709663
210000	0.0698897
215000	0.0689685
220000	0.0666169
225000	0.0654385
230000	0.0642443
235000	0.0627403
240000	0.0603042
245000	0.0591119
250000	0.0574808
255000	0.0564229
260000	0.0557487
265000	0.0550834
270000	0.0526842
275000	0.0514205
280000	0.0482855
285000	0.0453642
290000	0.0425162
295000	0.0417132
300000	0.0410774
305000	0.0407044
310000	0.0401667
315000	0.0391092
320000	0.0379034
325000	0.0371596
330000	0.0367476
335000	0.0364674
340000	0.0355193
345000	0.034288
350000	0.0339131
355000	0.0334898
360000	0.0336838
365000	0.0337167
370000	0.033559
375000	0.0335054
380000	0.0338158
385000	0.033726
390000	0.034274
395000	0.0337565
400000	0.0333094
405000	0.0328765
410000	0.0321684
415000	0.0313252
420000	0.0301043
425000	0.0295365
430000	0.0292325
435000	0.0286976
440000	0.0282064
445000	0.0280481
450000	0.028131
455000	0.0280833
460000	0.0283198
465000	0.0281892
470000	0.0281877
475000	0.0281988
480000	0.0275126
485000	0.0275435
490000	0.0275198
495000	0.0273767
500000	0.0270432
505000	0.026956
510000	0.0266278
515000	0.0262316
520000	0.0258754
525000	0.0257707
530000	0.025699
535000	0.0255015
540000	0.0257725
545000	0.026085
550000	0.0262075
555000	0.0263364
560000	0.0264844
565000	0.0265042
570000	0.0265948
575000	0.0267913
580000	0.0263616
585000	0.0261139
590000	0.0260099
595000	0.0261839
600000	0.0261952
605000	0.026075
610000	0.0257138
615000	0.0256042
620000	0.0255884
625000	0.0256314
630000	0.0255092
635000	0.0255659
640000	0.0255675
645000	0.0253747
650000	0.0251836
655000	0.0248549
660000	0.0247709
665000	0.0246561
670000	0.0244916
675000	0.024427
680000	0.0241166
685000	0.0239926
690000	0.0238786
695000	0.0238968
700000	0.0239035
705000	0.0238402
710000	0.0238175
715000	0.0238704
720000	0.0239405
725000	0.0237597
730000	0.0235785
735000	0.0235644
740000	0.0233674
745000	0.022932
750000	0.0226826
755000	0.0225784
760000	0.0225827
765000	0.0224798
770000	0.0225371
775000	0.0226894
780000	0.0225679
785000	0.0223967
790000	0.0221745
795000	0.0219336
800000	0.0220203
805000	0.0219521
810000	0.0220015
815000	0.0218244
820000	0.0216615
825000	0.0216021
830000	0.0215486
835000	0.0216763
840000	0.0215616
845000	0.0215181
850000	0.0215722
855000	0.0216189
860000	0.0215744
865000	0.0215256
870000	0.0214975
875000	0.0214714
880000	0.0215271
885000	0.0215355
890000	0.0214104
895000	0.0213491
900000	0.0211766
905000	0.0209776
910000	0.0208746
915000	0.0209423
920000	0.0209488
925000	0.0209169
930000	0.0208195
935000	0.0208261
940000	0.0207224
945000	0.0207261
950000	0.0207363
955000	0.0207014
960000	0.0205594
965000	0.0205817
970000	0.0205388
975000	0.0204103
980000	0.0202376
985000	0.020025
990000	0.0200415
995000	0.0200279
1e+06	0.0200118
1.005e+06	0.0200526
1.01e+06	0.019933
1.015e+06	0.0198088
1.02e+06	0.0197857
1.025e+06	0.0197152
1.03e+06	0.0197323
1.035e+06	0.0194994
1.04e+06	0.019355
1.045e+06	0.019262
1.05e+06	0.0191354
1.055e+06	0.0189602
1.06e+06	0.0187397
1.065e+06	0.0186513
1.07e+06	0.0184473
1.075e+06	0.0183612
1.08e+06	0.0182636
1.085e+06	0.0181753
1.09e+06	0.0181014
1.095e+06	0.0181779
1.1e+06	0.0181494
1.105e+06	0.0180148
1.11e+06	0.0178543
1.115e+06	0.0175703
1.12e+06	0.0174293
1.125e+06	0.0172889
1.13e+06	0.0170882
1.135e+06	0.0169712
1.14e+06	0.0169121
1.145e+06	0.0169209
1.15e+06	0.0168907
1.155e+06	0.0168302
1.16e+06	0.0167441
1.165e+06	0.0166767
1.17e+06	0.0165099
1.175e+06	0.0162634
1.18e+06	0.016224
1.185e+06	0.0161743
1.19e+06	0.0161999
1.195e+06	0.0160814
1.2e+06	0.0159673
1.205e+06	0.0159484
1.21e+06	0.0159
1.215e+06	0.0158599
1.22e+06	0.015773
1.225e+06	0.0158241
1.23e+06	0.0158516
1.235e+06	0.0158377
1.24e+06	0.0158533
1.245e+06	0.0157801
1.25e+06	0.0156464
1.255e+06	0.0155384
1.26e+06	0.015477
1.265e+06	0.0153049
1.27e+06	0.015157
1.275e+06	0.0149597
1.28e+06	0.0148677
1.285e+06	0.0148828
1.29e+06	0.0149446
1.295e+06	0.0149587
1.3e+06	0.0149612
1.305e+06	0.0149127
1.31e+06	0.014733
1.315e+06	0.0146472
1.32e+06	0.0146294
1.325e+06	0.0146125
1.33e+06	0.0145111
1.335e+06	0.0145568
1.34e+06	0.014669
1.345e+06	0.0146905
1.35e+06	0.014678
1.355e+06	0.0147108
1.36e+06	0.0147301
1.365e+06	0.0148087
1.37e+06	0.0148263
1.375e+06	0.014829
1.38e+06	0.0147727
1.385e+06	0.0148043
1.39e+06	0.01477
1.395e+06	0.014862
1.4e+06	0.0149737
1.405e+06	0.0149642
1.41e+06	0.0149426
1.415e+06	0.0149565
1.42e+06	0.0149497
1.425e+06	0.0149384
1.43e+06	0.0148126
1.435e+06	0.0147507
1.44e+06	0.0147441
1.445e+06	0.0146524
1.45e+06	0.0145466
1.455e+06	0.0144414
1.46e+06	0.0144114
1.465e+06	0.0142678
1.47e+06	0.0141873
1.475e+06	0.0142827
1.48e+06	0.0142432
1.485e+06	0.0142482
1.49e+06	0.0141911
1.495e+06	0.0140838
1.5e+06	0.0139687
1.505e+06	0.0139692
1.51e+06	0.0140355
1.515e+06	0.0140036
1.52e+06	0.0139355
1.525e+06	0.0139719
1.53e+06	0.0140038
1.535e+06	0.0139412
1.54e+06	0.0139946
1.545e+06	0.0138668
1.55e+06	0.0138135
1.555e+06	0.0137355
1.56e+06	0.0136976
1.565e+06	0.0136866
1.57e+06	0.0137096
1.575e+06	0.0136933
1.58e+06	0.0135651
1.585e+06	0.013483
1.59e+06	0.0134466
1.595e+06	0.0134544
1.6e+06	0.0134679
1.605e+06	0.0133839
1.61e+06	0.0133138
1.615e+06	0.0131831
1.62e+06	0.0131565
1.625e+06	0.0130713
1.63e+06	0.0129681
1.635e+06	0.0128508
1.64e+06	0.0128245
1.645e+06	0.0127204
1.65e+06	0.0126134
1.655e+06	0.0126149
1.66e+06	0.0125577
1.665e+06	0.0125163
1.67e+06	0.0124883
1.675e+06	0.0124069
1.68e+06	0.012372
1.685e+06	0.0123078
1.69e+06	0.0122892
1.695e+06	0.0122026
1.7e+06	0.012222
1.705e+06	0.0123066
1.71e+06	0.0122661
1.715e+06	0.0122654
1.72e+06	0.0122962
1.725e+06	0.0123358
1.73e+06	0.0122587
1.735e+06	0.0121845
1.74e+06	0.012094
1.745e+06	0.0120386
1.75e+06	0.011989
1.755e+06	0.0119348
1.76e+06	0.0118936
1.765e+06	0.0118708
1.77e+06	0.011836
1.775e+06	0.0117643
1.78e+06	0.0117367
1.785e+06	0.0117992
1.79e+06	0.0118686
1.795e+06	0.0119208
1.8e+06	0.0119775
1.805e+06	0.0120006
1.81e+06	0.0120671
1.815e+06	0.0120707
1.82e+06	0.0120004
1.825e+06	0.0120376
1.83e+06	0.012116
1.835e+06	0.012099
1.84e+06	0.0121116
1.845e+06	0.012132
1.85e+06	0.0121606
1.855e+06	0.012234
1.86e+06	0.0122674
1.865e+06	0.0122749
1.87e+06	0.0122427
1.875e+06	0.0121803
1.88e+06	0.0122105
1.885e+06	0.0122473
1.89e+06	0.0122113
1.895e+06	0.0122128
1.9e+06	0.0121478
1.905e+06	0.0121528
1.91e+06	0.0121308
1.915e+06	0.0120733
1.92e+06	0.0119904
1.925e+06	0.0119159
1.93e+06	0.0119074
1.935e+06	0.0119021
1.94e+06	0.0119275
1.945e+06	0.011934
1.95e+06	0.0119542
1.955e+06	0.0119644
1.96e+06	0.0120046
1.965e+06	0.0119722
1.97e+06	0.0119585
1.975e+06	0.0119858
1.98e+06	0.0120417
1.985e+06	0.0120825
1.99e+06	0.0120822
1.995e+06	0.0119925
2e+06	0.0119814
2.005e+06	0.0119804
2.01e+06	0.0120062
2.015e+06	0.0120143
2.02e+06	0.0119056
2.025e+06	0.0118657
2.03e+06	0.0118314
2.035e+06	0.0118223
2.04e+06	0.0118789
2.045e+06	0.0119282
2.05e+06	0.0119071
2.055e+06	0.0118834
2.06e+06	0.0118603
2.065e+06	0.0117906
2.07e+06	0.0117886
2.075e+06	0.0118589
2.08e+06	0.0118961
2.085e+06	0.0119234
2.09e+06	0.0119245
2.095e+06	0.0119913
2.1e+06	0.0120618
2.105e+06	0.0120594
2.11e+06	0.0120234
2.115e+06	0.0120544
2.12e+06	0.0120616
2.125e+06	0.0120319
2.13e+06	0.0119995
2.135e+06	0.0120141
2.14e+06	0.0120386
2.145e+06	0.0120114
2.15e+06	0.0119896
2.155e+06	0.0119591
2.16e+06	0.0119203
2.165e+06	0.0119288
2.17e+06	0.0119679
2.175e+06	0.0120112
2.18e+06	0.0120049
2.185e+06	0.011997
2.19e+06	0.011953
2.195e+06	0.0119421
2.2e+06	0.0119526
2.205e+06	0.0119734
2.21e+06	0.011906
2.215e+06	0.0118814
2.22e+06	0.0118502
2.225e+06	0.0117673
2.23e+06	0.0116884
2.235e+06	0.0116209
2.24e+06	0.0115533
2.245e+06	0.0114722
2.25e+06	0.0114255
2.255e+06	0.0114277
2.26e+06	0.0114624
2.265e+06	0.0114544
2.27e+06	0.0114886
2.275e+06	0.0114619
2.28e+06	0.0114477
2.285e+06	0.0114952
2.29e+06	0.0114651
2.295e+06	0.0114935
2.3e+06	0.0114526
2.305e+06	0.0113734
2.31e+06	0.0113434
2.315e+06	0.0113055
2.32e+06	0.0112422
2.325e+06	0.0112354
2.33e+06	0.0111738
2.335e+06	0.0111512
2.34e+06	0.0111156
2.345e+06	0.0111646
2.35e+06	0.0111741
2.355e+06	0.0111376
2.36e+06	0.0111266
2.365e+06	0.0111158
2.37e+06	0.0111192
2.375e+06	0.0111457
2.38e+06	0.011111
2.385e+06	0.0110722
2.39e+06	0.0110377
2.395e+06	0.010965
2.4e+06	0.0109607
2.405e+06	0.0109484
2.41e+06	0.0109173
2.415e+06	0.0109552
2.42e+06	0.0109779
2.425e+06	0.0109582
2.43e+06	0.0108917
2.435e+06	0.0108665
2.44e+06	0.0108434
2.445e+06	0.0107586
2.45e+06	0.0107867
2.455e+06	0.01081
2.46e+06	0.0107757
2.465e+06	0.0107658
2.47e+06	0.0107542
2.475e+06	0.0107492
2.48e+06	0.01075
2.485e+06	0.0107338
2.49e+06	0.0107339
2.495e+06	0.0107265
2.5e+06	0.0107218
2.505e+06	0.0107049
2.51e+06	0.0106647
2.515e+06	0.0106351
2.52e+06	0.0106612
2.525e+06	0.0107074
2.53e+06	0.0107113
2.535e+06	0.0107608
2.54e+06	0.0108162
2.545e+06	0.0108308
2.55e+06	0.0108347
2.555e+06	0.0108904
2.56e+06	0.0108163
2.565e+06	0.0108286
2.57e+06	0.0108322
2.575e+06	0.0108036
2.58e+06	0.0107879
2.585e+06	0.010763
2.59e+06	0.0107403
2.595e+06	0.0107469
2.6e+06	0.0107101
2.605e+06	0.010625
2.61e+06	0.0105235
2.615e+06	0.0105251
2.62e+06	0.0105166
2.625e+06	0.0105144
2.63e+06	0.0105467
2.635e+06	0.01057
2.64e+06	0.010531
2.645e+06	0.0105572
2.65e+06	0.0105723
2.655e+06	0.0105339
2.66e+06	0.010466
2.665e+06	0.0104982
2.67e+06	0.0105288
2.675e+06	0.0105683
2.68e+06	0.0105681
2.685e+06	0.010522
2.69e+06	0.01051
2.695e+06	0.0104782
2.7e+06	0.0104328
2.705e+06	0.0103881
2.71e+06	0.010356
2.715e+06	0.0103117
2.72e+06	0.0102623
2.725e+06	0.0102211
2.73e+06	0.0102032
2.735e+06	0.0102129
2.74e+06	0.0102495
2.745e+06	0.0102895
2.75e+06	0.0103109
2.755e+06	0.0102704
2.76e+06	0.0102928
2.765e+06	0.010258
2.77e+06	0.0102505
2.775e+06	0.0102022
2.78e+06	0.0101147
2.785e+06	0.0100725
2.79e+06	0.0100885
2.795e+06	0.0101067
2.8e+06	0.0101578
2.805e+06	0.0101559
2.81e+06	0.01015
2.815e+06	0.0101735
2.82e+06	0.0102118
2.825e+06	0.0101815
2.83e+06	0.0101515
2.835e+06	0.0101088
2.84e+06	0.0100677
2.845e+06	0.0100317
2.85e+06	0.0100434
2.855e+06	0.0100134
2.86e+06	0.0100141
2.865e+06	0.0100495
2.87e+06	0.0100381
2.875e+06	0.0100033
2.88e+06	0.0100145
2.885e+06	0.00999356
2.89e+06	0.00998132
2.895e+06	0.00999411
2.9e+06	0.00999228
2.905e+06	0.00998895
2.91e+06	0.0100203
2.915e+06	0.0100173
2.92e+06	0.0100687
2.925e+06	0.0100686
2.93e+06	0.010097
2.935e+06	0.0101489
2.94e+06	0.0102264
2.945e+06	0.0102124
2.95e+06	0.0102413
2.955e+06	0.010186
2.96e+06	0.0101561
2.965e+06	0.0101108
2.97e+06	0.0100663
2.975e+06	0.0100175
2.98e+06	0.009972
2.985e+06	0.0099989
2.99e+06	0.00995944
2.995e+06	0.0099449
3e+06	0.00991869
3.005e+06	0.00995319
3.01e+06	0.00996303
3.015e+06	0.00996133
3.02e+06	0.0099542
3.025e+06	0.00998609
3.03e+06	0.0100322
3.035e+06	0.010043
3.04e+06	0.01001
3.045e+06	0.00996928
3.05e+06	0.00992697
3.055e+06	0.00992885
3.06e+06	0.00992747
3.065e+06	0.0099023
3.07e+06	0.00986374
3.075e+06	0.00985321
3.08e+06	0.00984778
3.085e+06	0.009832
3.09e+06	0.00980609
3.095e+06	0.00976745
3.1e+06	0.00974224
3.105e+06	0.00973944
3.11e+06	0.00973472
3.115e+06	0.00970779
3.12e+06	0.00970776
3.125e+06	0.00966528
3.13e+06	0.00966318
3.135e+06	0.00963134
3.14e+06	0.00958865
3.145e+06	0.00958493
3.15e+06	0.00959379
3.155e+06	0.00958553
3.16e+06	0.00963107
3.165e+06	0.00963111
3.17e+06	0.00964996
3.175e+06	0.00967629
3.18e+06	0.00964273
3.185e+06	0.00959969
3.19e+06	0.00959644
3.195e+06	0.00960904
3.2e+06	0.00956254
3.205e+06	0.00954548
3.21e+06	0.00951321
3.215e+06	0.00950429
3.22e+06	0.00950879
3.225e+06	0.00951784
3.23e+06	0.00948621
3.235e+06	0.00948252
3.24e+06	0.00945707
3.245e+06	0.00941306
3.25e+06	0.00939529
3.255e+06	0.00937876
3.26e+06	0.00935163
3.265e+06	0.00931581
3.27e+06	0.00930768
3.275e+06	0.00929711
3.28e+06	0.0092851
3.285e+06	0.00930786
3.29e+06	0.00932174
3.295e+06	0.00937042
3.3e+06	0.0093889
3.305e+06	0.00939782
3.31e+06	0.00941292
3.315e+06	0.00942971
3.32e+06	0.00939425
3.325e+06	0.00935624
3.33e+06	0.00932526
3.335e+06	0.00930785
3.34e+06	0.00930929
3.345e+06	0.00929032
3.35e+06	0.00925665
3.355e+06	0.00923028
3.36e+06	0.00922882
3.365e+06	0.00927427
3.37e+06	0.00925662
3.375e+06	0.0092721
3.38e+06	0.00927175
3.385e+06	0.0092349
3.39e+06	0.00920847
3.395e+06	0.00923537
3.4e+06	0.00922487
3.405e+06	0.009191
3.41e+06	0.00916229
3.415e+06	0.00912105
3.42e+06	0.00913928
3.425e+06	0.00913607
3.43e+06	0.00912438
3.435e+06	0.00911218
3.44e+06	0.00905602
3.445e+06	0.00899449
3.45e+06	0.00898335
3.455e+06	0.0089661
3.46e+06	0.00899501
3.465e+06	0.00902144
3.47e+06	0.00897851
3.475e+06	0.00896923
3.48e+06	0.00895327
3.485e+06	0.00897355
3.49e+06	0.00899803
3.495e+06	0.00899742
3.5e+06	0.00894028
3.505e+06	0.00892521
3.51e+06	0.0089358
3.515e+06	0.00894173
3.52e+06	0.00893728
3.525e+06	0.00892658
3.53e+06	0.00889675
3.535e+06	0.00888907
3.54e+06	0.00891602
3.545e+06	0.0089221
3.55e+06	0.00889682
3.555e+06	0.00888356
3.56e+06	0.00888486
3.565e+06	0.00888401
3.57e+06	0.00885618
3.575e+06	0.00885019
3.58e+06	0.00885624
3.585e+06	0.00885091
3.59e+06	0.00885732
3.595e+06	0.00886554
3.6e+06	0.00884461
3.605e+06	0.0088084
3.61e+06	0.00879046
3.615e+06	0.00874384
3.62e+06	0.00876135
3.625e+06	0.00874544
3.63e+06	0.00875773
3.635e+06	0.00873417
3.64e+06	0.00872327
3.645e+06	0.00870945
3.65e+06	0.0087121
3.655e+06	0.00871599
3.66e+06	0.00872786
3.665e+06	0.00873594
3.67e+06	0.00874517
3.675e+06	0.00874148
3.68e+06	0.00869583
3.685e+06	0.00866311
3.69e+06	0.00864853
3.695e+06	0.00861813
3.7e+06	0.00861706
3.705e+06	0.00859803
3.71e+06	0.00861829
3.715e+06	0.00865301
3.72e+06	0.00865504
3.725e+06	0.00864763
3.73e+06	0.00867293
3.735e+06	0.00866604
3.74e+06	0.00863065
3.745e+06	0.00860619
3.75e+06	0.00856547
3.755e+06	0.00853729
3.76e+06	0.00849407
3.765e+06	0.00848261
3.77e+06	0.00848944
3.775e+06	0.00849844
3.78e+06	0.00848552
3.785e+06	0.00854602
3.79e+06	0.00853433
3.795e+06	0.0085223
3.8e+06	0.00855159
3.805e+06	0.00859556
3.81e+06	0.00865019
3.815e+06	0.00866332
3.82e+06	0.00867904
3.825e+06	0.00871685
3.83e+06	0.00874348
3.835e+06	0.00871648
3.84e+06	0.0087263
3.845e+06	0.00870176
3.85e+06	0.00869866
3.855e+06	0.00867016
3.86e+06	0.00863338
3.865e+06	0.00858401
3.87e+06	0.00855116
3.875e+06	0.00855494
3.88e+06	0.00854157
3.885e+06	0.00854864
3.89e+06	0.00854186
3.895e+06	0.00851474
3.9e+06	0.00852947
3.905e+06	0.0085577
3.91e+06	0.00854234
3.915e+06	0.00853757
3.92e+06	0.00853512
3.925e+06	0.00854899
3.93e+06	0.00854288
3.935e+06	0.00852519
3.94e+06	0.00847888
3.945e+06	0.00846109
3.95e+06	0.00844505
3.955e+06	0.00845408
3.96e+06	0.00843123
3.965e+06	0.0084478
3.97e+06	0.00847705
3.975e+06	0.00851662
3.98e+06	0.00851036
3.985e+06	0.00850387
3.99e+06	0.00848772
3.995e+06	0.0084939
4e+06	0.0085177
4.005e+06	0.00853556
4.01e+06	0.0085548
4.015e+06	0.00855921
4.02e+06	0.00858292
4.025e+06	0.00858242
4.03e+06	0.00855657
4.035e+06	0.00854443
4.04e+06	0.00852861
4.045e+06	0.00850825
4.05e+06	0.00849244
4.055e+06	0.00845527
4.06e+06	0.0084291
4.065e+06	0.00842923
4.07e+06	0.00841144
4.075e+06	0.00839184
4.08e+06	0.00838616
4.085e+06	0.00839301
4.09e+06	0.00836465
4.095e+06	0.00836964
4.1e+06	0.00836067
4.105e+06	0.00835128
4.11e+06	0.00834179
4.115e+06	0.00831895
4.12e+06	0.00831361
4.125e+06	0.00827154
4.13e+06	0.00830515
4.135e+06	0.00832
4.14e+06	0.00833499
4.145e+06	0.00833086
4.15e+06	0.00835561
4.155e+06	0.00841616
4.16e+06	0.00842826
4.165e+06	0.00840988
4.17e+06	0.00840823
4.175e+06	0.00839936
4.18e+06	0.00837213
4.185e+06	0.00836854
4.19e+06	0.0083566
4.195e+06	0.00834917
4.2e+06	0.00833993
4.205e+06	0.00835256
4.21e+06	0.00837257
4.215e+06	0.00839828
4.22e+06	0.00841398
4.225e+06	0.00839301
4.23e+06	0.00839681
4.235e+06	0.00838655
4.24e+06	0.00841018
4.245e+06	0.00839431
4.25e+06	0.00839441
4.255e+06	0.00837002
4.26e+06	0.00836207
4.265e+06	0.00835754
4.27e+06	0.0083282
4.275e+06	0.00829672
4.28e+06	0.00827677
4.285e+06	0.00823562
4.29e+06	0.00822934
4.295e+06	0.00821586
4.3e+06	0.0082302
4.305e+06	0.00822347
4.31e+06	0.00822654
4.315e+06	0.00824453
4.32e+06	0.00825069
4.325e+06	0.00823968
4.33e+06	0.00825373
4.335e+06	0.00827156
4.34e+06	0.00827499
4.345e+06	0.00825314
4.35e+06	0.00825857
4.355e+06	0.00822856
4.36e+06	0.00822916
4.365e+06	0.00825614
4.37e+06	0.00825865
4.375e+06	0.00824902
4.38e+06	0.00824818
4.385e+06	0.00823071
4.39e+06	0.00821122
4.395e+06	0.00817432
4.4e+06	0.00816967
4.405e+06	0.00818619
4.41e+06	0.00818066
4.415e+06	0.0081782
4.42e+06	0.00814925
4.425e+06	0.00813416
4.43e+06	0.00811329
4.435e+06	0.00812088
4.44e+06	0.00812564
4.445e+06	0.00810921
4.45e+06	0.00810022
4.455e+06	0.00809611
4.46e+06	0.00805739
4.465e+06	0.00803704
4.47e+06	0.00801804
4.475e+06	0.00800626
4.48e+06	0.00799449
4.485e+06	0.00799893
4.49e+06	0.00798891
4.495e+06	0.00797705
4.5e+06	0.00796213
4.505e+06	0.00794705
4.51e+06	0.00794087
4.515e+06	0.00796502
4.52e+06	0.00795696
4.525e+06	0.00794672
4.53e+06	0.00794982
4.535e+06	0.00793943
4.54e+06	0.00791046
4.545e+06	0.00789169
4.55e+06	0.00789475
4.555e+06	0.00789152
4.56e+06	0.00793024
4.565e+06	0.00792813
4.57e+06	0.0079149
4.575e+06	0.00788131
4.58e+06	0.00787744
4.585e+06	0.00790512
4.59e+06	0.00790647
4.595e+06	0.00789686
4.6e+06	0.00788938
4.605e+06	0.00788897
4.61e+06	0.00789733
4.615e+06	0.0078729
4.62e+06	0.00789637
4.625e+06	0.00788569
4.63e+06	0.00786224
4.635e+06	0.00784261
4.64e+06	0.00783152
4.645e+06	0.00779144
4.65e+06	0.00778714
4.655e+06	0.00778584
4.66e+06	0.00779415
4.665e+06	0.00780363
4.67e+06	0.00780902
4.675e+06	0.00781087
4.68e+06	0.00780909
4.685e+06	0.00782379
4.69e+06	0.0078343
4.695e+06	0.00782616
4.7e+06	0.0078459
4.705e+06	0.00783079
4.71e+06	0.00782506
4.715e+06	0.00782833
4.72e+06	0.00783914
4.725e+06	0.00785311
4.73e+06	0.00786879
4.735e+06	0.00787105
4.74e+06	0.00786362
4.745e+06	0.00784613
4.75e+06	0.00782141
4.755e+06	0.00780071
4.76e+06	0.0077829
4.765e+06	0.00776464
4.77e+06	0.00774619
4.775e+06	0.00774385
4.78e+06	0.0077605
4.785e+06	0.00773515
4.79e+06	0.00772367
4.795e+06	0.00772499
4.8e+06	0.00774711
4.805e+06	0.00775696
4.81e+06	0.00776668
4.815e+06	0.00777514
4.82e+06	0.00776972
4.825e+06	0.00776132
4.83e+06	0.00774144
4.835e+06	0.00772426
4.84e+06	0.00773661
4.845e+06	0.00774369
4.85e+06	0.00774667
4.855e+06	0.00774961
4.86e+06	0.00773554
4.865e+06	0.00772833
4.87e+06	0.00771922
4.875e+06	0.00774898
4.88e+06	0.00774829
4.885e+06	0.00773803
4.89e+06	0.0077449
4.895e+06	0.00776003
4.9e+06	0.00777764
4.905e+06	0.0077729
4.91e+06	0.00778585
4.915e+06	0.00779383
4.92e+06	0.0077914
4.925e+06	0.00779107
4.93e+06	0.00776727
4.935e+06	0.00774127
4.94e+06	0.00771464
4.945e+06	0.00766986
4.95e+06	0.00762677
4.955e+06	0.00760212
4.96e+06	0.00758262
4.965e+06	0.00755981
4.97e+06	0.00756299
4.975e+06	0.00758617
4.98e+06	0.00760011
4.985e+06	0.00762226
4.99e+06	0.00762776
4.995e+06	0.00761261
5e+06	0.00761522
5.005e+06	0.00761117
5.01e+06	0.00759967
5.015e+06	0.00755464
5.02e+06	0.00752166
5.025e+06	0.00751045
5.03e+06	0.0075135
5.035e+06	0.00753915
5.04e+06	0.00754195
5.045e+06	0.00756787
5.05e+06	0.00756582
5.055e+06	0.00758845
5.06e+06	0.00760209
5.065e+06	0.00760486
5.07e+06	0.0075984
5.075e+06	0.0075769
5.08e+06	0.00758225
5.085e+06	0.00758488
5.09e+06	0.00757206
5.095e+06	0.00759318
5.1e+06	0.00761207
5.105e+06	0.007638
5.11e+06	0.00762392
5.115e+06	0.00762558
5.12e+06	0.00761684
5.125e+06	0.00762339
5.13e+06	0.00759928
5.135e+06	0.00758382
5.14e+06	0.00756104
5.145e+06	0.00756682
5.15e+06	0.00756911
5.155e+06	0.0076061
5.16e+06	0.00764945
5.165e+06	0.00768243
5.17e+06	0.00767664
5.175e+06	0.00768755
5.18e+06	0.00770148
5.185e+06	0.00773416
5.19e+06	0.00776062
5.195e+06	0.007743
5.2e+06	0.00774825
5.205e+06	0.00775362
5.21e+06	0.00775865
5.215e+06	0.00774744
5.22e+06	0.0077243
5.225e+06	0.00770545
5.23e+06	0.00769949
5.235e+06	0.00769372
5.24e+06	0.0076707
5.245e+06	0.00767488
5.25e+06	0.00769429
5.255e+06	0.00768916
5.26e+06	0.00770394
5.265e+06	0.00773441
5.27e+06	0.00775577
5.275e+06	0.00776108
5.28e+06	0.00777191
5.285e+06	0.00777665
5.29e+06	0.00778515
5.295e+06	0.0077892
5.3e+06	0.00779692
5.305e+06	0.00782221
5.31e+06	0.00786436
5.315e+06	0.00788397
5.32e+06	0.00787305
5.325e+06	0.00789133
5.33e+06	0.00792139
5.335e+06	0.00792835
5.34e+06	0.00791803
5.345e+06	0.00792372
5.35e+06	0.00791186
5.355e+06	0.00788769
5.36e+06	0.00789779
5.365e+06	0.00785681
5.37e+06	0.00782894
5.375e+06	0.00784252
5.38e+06	0.00786088
5.385e+06	0.0078625
5.39e+06	0.00785961
5.395e+06	0.00786284
5.4e+06	0.0078684
5.405e+06	0.00786851
5.41e+06	0.00786097
5.415e+06	0.00787166
5.42e+06	0.00788873
5.425e+06	0.00790917
5.43e+06	0.00792508
5.435e+06	0.00793188
5.44e+06	0.0079327
5.445e+06	0.00795197
5.45e+06	0.00796663
5.455e+06	0.00797259
5.46e+06	0.00794983
5.465e+06	0.00793955
5.47e+06	0.00795695
5.475e+06	0.00795981
5.48e+06	0.00795221
5.485e+06	0.00793755
5.49e+06	0.00793103
5.495e+06	0.00792178
5.5e+06	0.00791817
5.505e+06	0.0079054
5.51e+06	0.00790667
5.515e+06	0.00788294
5.52e+06	0.00786642
5.525e+06	0.00786429
5.53e+06	0.00786788
5.535e+06	0.00787921
5.54e+06	0.00786561
5.545e+06	0.00784231
5.55e+06	0.00782801
5.555e+06	0.0078387
5.56e+06	0.00781708
5.565e+06	0.0077872
5.57e+06	0.00775419
5.575e+06	0.00771211
5.58e+06	0.00767437
5.585e+06	0.00764839
5.59e+06	0.00765416
5.595e+06	0.00766047
5.6e+06	0.00766259
5.605e+06	0.00765787
5.61e+06	0.00765696
5.615e+06	0.0076358
5.62e+06	0.00763861
5.625e+06	0.00761967
5.63e+06	0.00761111
5.635e+06	0.00759203
5.64e+06	0.00758774
5.645e+06	0.00757567
5.65e+06	0.00756338
5.655e+06	0.00755708
5.66e+06	0.00755391
5.665e+06	0.00753797
5.67e+06	0.00751757
5.675e+06	0.0075114
5.68e+06	0.00750794
5.685e+06	0.00753106
5.69e+06	0.00753981
5.695e+06	0.00754718
5.7e+06	0.00754222
5.705e+06	0.0075521
5.71e+06	0.00754911
5.715e+06	0.00751794
5.72e+06	0.00748771
5.725e+06	0.00747104
5.73e+06	0.00746712
5.735e+06	0.00745468
5.74e+06	0.00743481
5.745e+06	0.00742703
5.75e+06	0.007407
5.755e+06	0.0074135
5.76e+06	0.0074252
5.765e+06	0.00742423
5.77e+06	0.00742773
5.775e+06	0.00742789
5.78e+06	0.00741993
5.785e+06	0.00740966
5.79e+06	0.00739823
5.795e+06	0.00737547
5.8e+06	0.00736651
5.805e+06	0.00735483
5.81e+06	0.00735558
5.815e+06	0.00734925
5.82e+06	0.00733849
5.825e+06	0.00732093
5.83e+06	0.00729826
5.835e+06	0.00729761
5.84e+06	0.00730636
5.845e+06	0.00729232
5.85e+06	0.0072816
5.855e+06	0.00726773
5.86e+06	0.00725095
5.865e+06	0.00722544
5.87e+06	0.00722583
5.875e+06	0.00722298
5.88e+06	0.00723085
5.885e+06	0.0072244
5.89e+06	0.00722034
5.895e+06	0.00723216
5.9e+06	0.00723218
5.905e+06	0.00722466
5.91e+06	0.00722353
5.915e+06	0.00722051
5.92e+06	0.00720767
5.925e+06	0.00719294
5.93e+06	0.00719357
5.935e+06	0.00719118
5.94e+06	0.00718474
5.945e+06	0.00716975
5.95e+06	0.00715211
5.955e+06	0.00713312
5.96e+06	0.00712368
5.965e+06	0.00709087
5.97e+06	0.0070803
5.975e+06	0.0070661
5.98e+06	0.00706237
5.985e+06	0.00708262
5.99e+06	0.0070792
5.995e+06	0.00705513
6e+06	0.00703512
6.005e+06	0.00703628
6.01e+06	0.00701698
6.015e+06	0.00702367
6.02e+06	0.00700123
6.025e+06	0.00698675
6.03e+06	0.00700448
6.035e+06	0.00700513
6.04e+06	0.0070193
6.045e+06	0.00703213
6.05e+06	0.00701677
6.055e+06	0.00701626
6.06e+06	0.00702507
6.065e+06	0.007028
6.07e+06	0.00702078
6.075e+06	0.00700087
6.08e+06	0.00700387
6.085e+06	0.00698522
6.09e+06	0.00699225
6.095e+06	0.00699505
6.1e+06	0.0069923
6.105e+06	0.00699408
6.11e+06	0.00701797
6.115e+06	0.00702723
6.12e+06	0.00704204
6.125e+06	0.00705565
6.13e+06	0.00704603
6.135e+06	0.00703169
6.14e+06	0.00701735
6.145e+06	0.00699434
6.15e+06	0.0069843
6.155e+06	0.00695097
6.16e+06	0.00694006
6.165e+06	0.0069352
6.17e+06	0.006935
6.175e+06	0.00692795
6.18e+06	0.00691687
6.185e+06	0.00692415
6.19e+06	0.0069476
6.195e+06	0.0069511
6.2e+06	0.00695429
6.205e+06	0.00695846
6.21e+06	0.00697527
6.215e+06	0.00700575
6.22e+06	0.0070019
6.225e+06	0.00699155
6.23e+06	0.00697184
6.235e+06	0.00697205
6.24e+06	0.00696591
6.245e+06	0.00695984
6.25e+06	0.00697414
6.255e+06	0.00696883
6.26e+06	0.00697873
6.265e+06	0.00698734
6.27e+06	0.00700587
6.275e+06	0.00700696
6.28e+06	0.00702383
6.285e+06	0.00705131
6.29e+06	0.00705167
6.295e+06	0.00705076
6.3e+06	0.00705909
6.305e+06	0.00707826
6.31e+06	0.0070853
6.315e+06	0.0070824
6.32e+06	0.00708084
6.325e+06	0.00706488
6.33e+06	0.00705638
6.335e+06	0.0070511
6.34e+06	0.00704324
6.345e+06	0.00704336
6.35e+06	0.00705779
6.355e+06	0.00705972
6.36e+06	0.0070727
6.365e+06	0.00705465
6.37e+06	0.0070355
6.375e+06	0.00700962
6.38e+06	0.00700058
6.385e+06	0.00701899
6.39e+06	0.00701016
6.395e+06	0.00700545
6.4e+06	0.00698461
6.405e+06	0.00697708
6.41e+06	0.00698304
6.415e+06	0.00696179
6.42e+06	0.00693803
6.425e+06	0.00691383
6.43e+06	0.00691141
6.435e+06	0.0069128
6.44e+06	0.00690404
6.445e+06	0.00691286
6.45e+06	0.00692049
6.455e+06	0.00691126
6.46e+06	0.00690844
6.465e+06	0.0069139
6.47e+06	0.00691654
6.475e+06	0.00692491
6.48e+06	0.00692174
6.485e+06	0.00690198
6.49e+06	0.00689947
6.495e+06	0.0068974
6.5e+06	0.00688373
6.505e+06	0.00686693
6.51e+06	0.00684554
6.515e+06	0.00682626
6.52e+06	0.00682863
6.525e+06	0.00686471
6.53e+06	0.00686995
6.535e+06	0.00687622
6.54e+06	0.00688863
6.545e+06	0.00688749
6.55e+06	0.00688134
6.555e+06	0.00687599
6.56e+06	0.00686951
6.565e+06	0.00687085
6.57e+06	0.00686327
6.575e+06	0.00686186
6.58e+06	0.0068503
6.585e+06	0.00684322
6.59e+06	0.00682128
6.595e+06	0.00681501
6.6e+06	0.00683831
6.605e+06	0.00685115
6.61e+06	0.00687771
6.615e+06	0.00688651
6.62e+06	0.00690436
6.625e+06	0.00692119
6.63e+06	0.00693182
6.635e+06	0.0069285
6.64e+06	0.00691693
6.645e+06	0.00690396
6.65e+06	0.0068903
6.655e+06	0.00688458
6.66e+06	0.0068822
6.665e+06	0.00687
6.67e+06	0.00686495
6.675e+06	0.00686045
6.68e+06	0.00685455
6.685e+06	0.00685708
6.69e+06	0.00686745
6.695e+06	0.00686997
6.7e+06	0.0068615
6.705e+06	0.00684479
6.71e+06	0.00685171
6.715e+06	0.00686002
6.72e+06	0.00686508
6.725e+06	0.00685288
6.73e+06	0.00683792
6.735e+06	0.00682412
6.74e+06	0.00680238
6.745e+06	0.00679248
6.75e+06	0.00678438
6.755e+06	0.00678116
6.76e+06	0.00680391
6.765e+06	0.00683103
6.77e+06	0.00684388
6.775e+06	0.00684433
6.78e+06	0.00685641
6.785e+06	0.00684398
6.79e+06	0.00684194
6.795e+06	0.00685819
6.8e+06	0.00686281
6.805e+06	0.00685719
6.81e+06	0.00685686
6.815e+06	0.00685975
6.82e+06	0.00687682
6.825e+06	0.00689334
6.83e+06	0.00689396
6.835e+06	0.00690068
6.84e+06	0.00690213
6.845e+06	0.00689725
6.85e+06	0.00690531
6.855e+06	0.0068987
6.86e+06	0.0068825
6.865e+06	0.00688936
6.87e+06	0.00690439
6.875e+06	0.006896
6.88e+06	0.00688601
6.885e+06	0.00686966
6.89e+06	0.0068593
6.895e+06	0.00685347
6.9e+06	0.00683209
6.905e+06	0.0068145
6.91e+06	0.00683195
6.915e+06	0.00682895
6.92e+06	0.00681884
6.925e+06	0.00681492
6.93e+06	0.00681842
6.935e+06	0.00683388
6.94e+06	0.00683456
6.945e+06	0.00684423
6.95e+06	0.0068568
6.955e+06	0.00687803
6.96e+06	0.0068668
6.965e+06	0.00686181
6.97e+06	0.00684842
6.975e+06	0.00682748
6.98e+06	0.00679991
6.985e+06	0.00678747
6.99e+06	0.00678385
6.995e+06	0.00676279
7e+06	0.00675035
7.005e+06	0.00673748
7.01e+06	0.0067302
7.015e+06	0.00670386
7.02e+06	0.0066786
7.025e+06	0.00667123
7.03e+06	0.00667111
7.035e+06	0.00667527
7.04e+06	0.0066769
7.045e+06	0.00667183
7.05e+06	0.00667045
7.055e+06	0.00666553
7.06e+06	0.00665952
7.065e+06	0.00666072
7.07e+06	0.00663635
7.075e+06	0.00663421
7.08e+06	0.00663573
7.085e+06	0.00663246
7.09e+06	0.00663691
7.095e+06	0.00664806
7.1e+06	0.00664426
7.105e+06	0.00664946
7.11e+06	0.00666395
7.115e+06	0.00667108
7.12e+06	0.00667369
7.125e+06	0.00668395
7.13e+06	0.00670753
7.135e+06	0.00672343
7.14e+06	0.00673593
7.145e+06	0.00674529
7.15e+06	0.00674944
7.155e+06	0.0067519
7.16e+06	0.00673384
7.165e+06	0.00672764
7.17e+06	0.00673721
7.175e+06	0.00672741
7.18e+06	0.00672919
7.185e+06	0.0067299
7.19e+06	0.00673008
7.195e+06	0.00672729
7.2e+06	0.00672829
7.205e+06	0.00672724
7.21e+06	0.00672649
7.215e+06	0.00673322
7.22e+06	0.00672842
7.225e+06	0.00672001
7.23e+06	0.00672034
7.235e+06	0.00672661
7.24e+06	0.00673295
7.245e+06	0.00672015
7.25e+06	0.00669787
7.255e+06	0.00669459
7.26e+06	0.00669674
7.265e+06	0.0066927
7.27e+06	0.0066649
7.275e+06	0.00666589
7.28e+06	0.00666977
7.285e+06	0.00666639
7.29e+06	0.00665919
7.295e+06	0.00664791
7.3e+06	0.00663869
7.305e+06	0.00663108
7.31e+06	0.00663016
7.315e+06	0.00663905
7.32e+06	0.00664647
7.325e+06	0.00666535
7.33e+06	0.0066763
7.335e+06	0.00667096
7.34e+06	0.0066755
7.345e+06	0.0066662
7.35e+06	0.00666827
7.355e+06	0.00667844
7.36e+06	0.00668392
7.365e+06	0.00668062
7.37e+06	0.00668374
7.375e+06	0.00667656
7.38e+06	0.00665391
7.385e+06	0.00662412
7.39e+06	0.00661657
7.395e+06	0.00660509
7.4e+06	0.00660647
7.405e+06	0.00659757
7.41e+06	0.0065571
7.415e+06	0.00654388
7.42e+06	0.00654173
7.425e+06	0.00654553
7.43e+06	0.0065436
7.435e+06	0.00652287
7.44e+06	0.00650058
7.445e+06	0.0065004
7.45e+06	0.00649583
7.455e+06	0.00650133
7.46e+06	0.0064906
7.465e+06	0.00648189
7.47e+06	0.00647226
7.475e+06	0.00646468
7.48e+06	0.00648608
7.485e+06	0.00650377
7.49e+06	0.00651161
7.495e+06	0.00652387
7.5e+06	0.00651857
7.505e+06	0.00651331
7.51e+06	0.00651893
7.515e+06	0.00654432
7.52e+06	0.00655681
7.525e+06	0.00656276
7.53e+06	0.0065924
7.535e+06	0.00660322
7.54e+06	0.00660525
7.545e+06	0.00660318
7.55e+06	0.00658685
7.555e+06	0.00657174
7.56e+06	0.00655396
7.565e+06	0.00654593
7.57e+06	0.00654545
7.575e+06	0.00654437
7.58e+06	0.00653613
7.585e+06	0.00654147
7.59e+06	0.00656299
7.595e+06	0.00657865
7.6e+06	0.00658662
7.605e+06	0.00658903
7.61e+06	0.00657871
7.615e+06	0.00657142
7.62e+06	0.0065836
7.625e+06	0.00662431
7.63e+06	0.00663692
7.635e+06	0.00664906
7.64e+06	0.00665795
7.645e+06	0.00665762
7.65e+06	0.00667642
7.655e+06	0.00667445
7.66e+06	0.00665969
7.665e+06	0.00663629
7.67e+06	0.00662208
7.675e+06	0.00661957
7.68e+06	0.00661328
7.685e+06	0.00660142
7.69e+06	0.00658783
7.695e+06	0.00656964
7.7e+06	0.00656177
7.705e+06	0.00655911
7.71e+06	0.00655906
7.715e+06	0.00655721
7.72e+06	0.00654875
7.725e+06	0.00653715
7.73e+06	0.00653864
7.735e+06	0.00653399
7.74e+06	0.00651562
7.745e+06	0.00650193
7.75e+06	0.00651842
7.755e+06	0.00652493
7.76e+06	0.00652469
7.765e+06	0.00652097
7.77e+06	0.00649385
7.775e+06	0.00649466
7.78e+06	0.0064918
7.785e+06	0.00650955
7.79e+06	0.00650371
7.795e+06	0.00650414
7.8e+06	0.0065114
7.805e+06	0.00652632
7.81e+06	0.0065553
7.815e+06	0.00657659
7.82e+06	0.00658695
7.825e+06	0.00658751
7.83e+06	0.00659369
7.835e+06	0.0065923
7.84e+06	0.00658569
7.845e+06	0.00657195
7.85e+06	0.00656279
7.855e+06	0.00655933
7.86e+06	0.00656489
7.865e+06	0.00656824
7.87e+06	0.00657372
7.875e+06	0.00660968
7.88e+06	0.0066189
7.885e+06	0.0066111
7.89e+06	0.00660015
7.895e+06	0.00660118
7.9e+06	0.00659824
7.905e+06	0.00659599
7.91e+06	0.00659102
7.915e+06	0.00658745
7.92e+06	0.00661472
7.925e+06	0.00662534
7.93e+06	0.00663042
7.935e+06	0.0066266
7.94e+06	0.00663076
7.945e+06	0.00663405
7.95e+06	0.00663648
7.955e+06	0.00663765
7.96e+06	0.00664779
7.965e+06	0.00663862
7.97e+06	0.00663029
7.975e+06	0.00662743
7.98e+06	0.00660946
7.985e+06	0.00660011
7.99e+06	0.00659816
7.995e+06	0.00661032
8e+06	0.00660862
8.005e+06	0.00661139
8.01e+06	0.00661901
8.015e+06	0.00663272
8.02e+06	0.00662382
8.025e+06	0.00661198
8.03e+06	0.00662189
8.035e+06	0.00662702
8.04e+06	0.00662626
8.045e+06	0.00661852
8.05e+06	0.00660708
8.055e+06	0.00657679
8.06e+06	0.00655596
8.065e+06	0.00655665
8.07e+06	0.00654702
8.075e+06	0.00654037
8.08e+06	0.00654893
8.085e+06	0.00654971
8.09e+06	0.00655058
8.095e+06	0.00655627
8.1e+06	0.00653607
8.105e+06	0.00651324
8.11e+06	0.00650337
8.115e+06	0.00649674
8.12e+06	0.00648749
8.125e+06	0.00647661
8.13e+06	0.00647008
8.135e+06	0.00645461
8.14e+06	0.00643937
8.145e+06	0.0064494
8.15e+06	0.00645298
8.155e+06	0.00646085
8.16e+06	0.00648355
8.165e+06	0.00649097
8.17e+06	0.00648966
8.175e+06	0.0064997
8.18e+06	0.00651591
8.185e+06	0.0065185
8.19e+06	0.00651831
8.195e+06	0.00650969
8.2e+06	0.00649467
8.205e+06	0.0064771
8.21e+06	0.00646477
8.215e+06	0.00646783
8.22e+06	0.0064517
8.225e+06	0.00643539
8.23e+06	0.00641894
8.235e+06	0.00640139
8.24e+06	0.00638689
8.245e+06	0.00637089
8.25e+06	0.00636771
8.255e+06	0.00636772
8.26e+06	0.00636127
8.265e+06	0.00636321
8.27e+06	0.00636427
8.275e+06	0.0063466
8.28e+06	0.00633481
8.285e+06	0.00633507
8.29e+06	0.00633783
8.295e+06	0.00633469
8.3e+06	0.00633066
8.305e+06	0.00631659
8.31e+06	0.00629803
8.315e+06	0.00628516
8.32e+06	0.00629006
8.325e+06	0.00629347
8.33e+06	0.00629997
8.335e+06	0.00629528
8.34e+06	0.00628627
8.345e+06	0.00627523
8.35e+06	0.00626844
8.355e+06	0.0062767
8.36e+06	0.00628051
8.365e+06	0.00628616
8.37e+06	0.00628017
8.375e+06	0.00627026
8.38e+06	0.00627081
8.385e+06	0.00626965
8.39e+06	0.00624991
8.395e+06	0.00624169
8.4e+06	0.00623738
8.405e+06	0.00623842
8.41e+06	0.00625863
8.415e+06	0.00626956
8.42e+06	0.00627125
8.425e+06	0.00626856
8.43e+06	0.00627267
8.435e+06	0.00627146
8.44e+06	0.00626434
8.445e+06	0.00627628
8.45e+06	0.00628282
8.455e+06	0.00628318
8.46e+06	0.00629995
8.465e+06	0.00631187
8.47e+06	0.00633202
8.475e+06	0.00633887
8.48e+06	0.0063457
8.485e+06	0.00635232
8.49e+06	0.00635522
8.495e+06	0.00635063
8.5e+06	0.00635079
8.505e+06	0.00634614
8.51e+06	0.00633925
8.515e+06	0.00633553
8.52e+06	0.00632964
8.525e+06	0.00631651
8.53e+06	0.00630741
8.535e+06	0.0063
8.54e+06	0.00629102
8.545e+06	0.00627114
8.55e+06	0.0062523
8.555e+06	0.00625077
8.56e+06	0.00625832
8.565e+06	0.00625329
8.57e+06	0.00625433
8.575e+06	0.00625626
8.58e+06	0.00623855
8.585e+06	0.00622469
8.59e+06	0.00619499
8.595e+06	0.00617878
8.6e+06	0.00616555
8.605e+06	0.00615365
8.61e+06	0.00615327
8.615e+06	0.0061606
8.62e+06	0.00616947
8.625e+06	0.0061618
8.63e+06	0.00616048
8.635e+06	0.00615362
8.64e+06	0.00615414
8.645e+06	0.00615249
8.65e+06	0.00614509
8.655e+06	0.00613107
8.66e+06	0.00611897
8.665e+06	0.00611672
8.67e+06	0.00612302
8.675e+06	0.00611562
8.68e+06	0.00611065
8.685e+06	0.00611212
8.69e+06	0.00611683
8.695e+06	0.00612855
8.7e+06	0.0061206
8.705e+06	0.00613223
8.71e+06	0.00615153
8.715e+06	0.00616474
8.72e+06	0.00616619
8.725e+06	0.00616089
8.73e+06	0.00616216
8.735e+06	0.00617422
8.74e+06	0.0061685
8.745e+06	0.00615325
8.75e+06	0.00615132
8.755e+06	0.00614759
8.76e+06	0.00615247
8.765e+06	0.00615354
8.77e+06	0.00615496
8.775e+06	0.00614593
8.78e+06	0.00613611
8.785e+06	0.00613455
8.79e+06	0.00614393
8.795e+06	0.00615214
8.8e+06	0.00616222
8.805e+06	0.00617028
8.81e+06	0.00615966
8.815e+06	0.00616325
8.82e+06	0.00616251
8.825e+06	0.00615126
8.83e+06	0.00615982
8.835e+06	0.0061564
8.84e+06	0.00615259
8.845e+06	0.00616661
8.85e+06	0.00614944
8.855e+06	0.00613896
8.86e+06	0.00613078
8.865e+06	0.00612486
8.87e+06	0.00612529
8.875e+06	0.00612804
8.88e+06	0.00614595
8.885e+06	0.00615781
8.89e+06	0.0061703
8.895e+06	0.00617659
8.9e+06	0.00617978
8.905e+06	0.00617185
8.91e+06	0.00618132
8.915e+06	0.00617906
8.92e+06	0.00619508
8.925e+06	0.00619891
8.93e+06	0.00619091
8.935e+06	0.00619174
8.94e+06	0.00619808
8.945e+06	0.0061905
8.95e+06	0.00618661
8.955e+06	0.00618353
8.96e+06	0.00617428
8.965e+06	0.00616975
8.97e+06	0.00617344
8.975e+06	0.00617717
8.98e+06	0.00617771
8.985e+06	0.0061668
8.99e+06	0.00615049
8.995e+06	0.00613244
9e+06	0.00611688
9.005e+06	0.00611122
9.01e+06	0.0061137
9.015e+06	0.00611176
9.02e+06	0.00611978
9.025e+06	0.00611709
9.03e+06	0.00611719
9.035e+06	0.00612337
9.04e+06	0.00613639
9.045e+06	0.00615112
9.05e+06	0.00615764
9.055e+06	0.00615408
9.06e+06	0.00614159
9.065e+06	0.00613927
9.07e+06	0.00614309
9.075e+06	0.0061495
9.08e+06	0.00614102
9.085e+06	0.00614087
9.09e+06	0.00614003
9.095e+06	0.00613553
9.1e+06	0.00612733
9.105e+06	0.00612218
9.11e+06	0.00611515
9.115e+06	0.00611481
9.12e+06	0.00611609
9.125e+06	0.00611082
9.13e+06	0.00610114
9.135e+06	0.0060887
9.14e+06	0.00608614
9.145e+06	0.00607752
9.15e+06	0.00607733
9.155e+06	0.0060708
9.16e+06	0.00606729
9.165e+06	0.00606328
9.17e+06	0.00605813
9.175e+06	0.00606268
9.18e+06	0.00606395
9.185e+06	0.00607692
9.19e+06	0.00608155
9.195e+06	0.00608019
9.2e+06	0.00606954
9.205e+06	0.00605936
9.21e+06	0.00605117
9.215e+06	0.0060301
9.22e+06	0.00601321
9.225e+06	0.00600691
9.23e+06	0.00600533
9.235e+06	0.00600424
9.24e+06	0.00600458
9.245e+06	0.00599549
9.25e+06	0.00598961
9.255e+06	0.00598001
9.26e+06	0.00598026
9.265e+06	0.00597246
9.27e+06	0.00596896
9.275e+06	0.00596416
9.28e+06	0.00596185
9.285e+06	0.00596106
9.29e+06	0.00595992
9.295e+06	0.00595539
9.3e+06	0.00595157
9.305e+06	0.00594833
9.31e+06	0.00594609
9.315e+06	0.0059435
9.32e+06	0.00593248
9.325e+06	0.00593602
9.33e+06	0.00594338
9.335e+06	0.00595783
9.34e+06	0.00596027
9.345e+06	0.00595985
9.35e+06	0.00596463
9.355e+06	0.00596893
9.36e+06	0.00595878
9.365e+06	0.00595255
9.37e+06	0.00594229
9.375e+06	0.00594405
9.38e+06	0.00594661
9.385e+06	0.00595174
9.39e+06	0.00595301
9.395e+06	0.00595787
9.4e+06	0.00594251
9.405e+06	0.00594
9.41e+06	0.00594107
9.415e+06	0.00592999
9.42e+06	0.00592209
9.425e+06	0.00592165
9.43e+06	0.00592329
9.435e+06	0.00592313
9.44e+06	0.00591134
9.445e+06	0.0059181
9.45e+06	0.00592689
9.455e+06	0.00592733
9.46e+06	0.00591961
9.465e+06	0.00592091
9.47e+06	0.00590843
9.475e+06	0.00590162
9.48e+06	0.00589718
9.485e+06	0.00590098
9.49e+06	0.00591833
9.495e+06	0.00593138
9.5e+06	0.00593199
9.505e+06	0.00593167
9.51e+06	0.005928
9.515e+06	0.0059283
9.52e+06	0.0059165
9.525e+06	0.00590066
9.53e+06	0.0058924
9.535e+06	0.00589435
9.54e+06	0.00589225
9.545e+06	0.00590405
9.55e+06	0.00589678
9.555e+06	0.00587933
9.56e+06	0.00587645
9.565e+06	0.0058712
9.57e+06	0.0058681
9.575e+06	0.00587105
9.58e+06	0.00586601
9.585e+06	0.00585255
9.59e+06	0.005846
9.595e+06	0.00584453
9.6e+06	0.00584741
9.605e+06	0.00584813
9.61e+06	0.00584731
9.615e+06	0.00585676
9.62e+06	0.00587069
9.625e+06	0.00586687
9.63e+06	0.00585607
9.635e+06	0.00584425
9.64e+06	0.00583662
9.645e+06	0.00585788
9.65e+06	0.0058634
9.655e+06	0.00587087
9.66e+06	0.00588248
9.665e+06	0.00589006
9.67e+06	0.00588514
9.675e+06	0.00587474
9.68e+06	0.00587102
9.685e+06	0.00586769
9.69e+06	0.00587297
9.695e+06	0.00587093
9.7e+06	0.00587299
9.705e+06	0.00586872
9.71e+06	0.00585968
9.715e+06	0.00587919
9.72e+06	0.00587942
9.725e+06	0.00589463
9.73e+06	0.00589308
9.735e+06	0.00588865
9.74e+06	0.00587956
9.745e+06	0.00587972
9.75e+06	0.00588448
9.755e+06	0.0058881
9.76e+06	0.00589642
9.765e+06	0.0058946
9.77e+06	0.00589143
9.775e+06	0.00588301
9.78e+06	0.00586989
9.785e+06	0.00586341
9.79e+06	0.00586951
9.795e+06	0.00587891
9.8e+06	0.0058938
9.805e+06	0.00589171
9.81e+06	0.00588191
9.815e+06	0.00587787
9.82e+06	0.00587432
9.825e+06	0.00586221
9.83e+06	0.00584795
9.835e+06	0.00583972
9.84e+06	0.00582501
9.845e+06	0.00582841
9.85e+06	0.00583298
9.855e+06	0.00582395
9.86e+06	0.00582008
9.865e+06	0.00582499
9.87e+06	0.00581625
9.875e+06	0.00580505
9.88e+06	0.00579217
9.885e+06	0.00578514
9.89e+06	0.00576734
9.895e+06	0.0057513
9.9e+06	0.00574338
9.905e+06	0.00574408
9.91e+06	0.00574646
9.915e+06	0.00574816
9.92e+06	0.00575353
9.925e+06	0.00575861
9.93e+06	0.00576042
9.935e+06	0.00574719
9.94e+06	0.00572646
9.945e+06	0.00571664
9.95e+06	0.00571048
9.955e+06	0.00570843
9.96e+06	0.00571693
9.965e+06	0.0057199
9.97e+06	0.00571002
9.975e+06	0.00570071
9.98e+06	0.00569471
9.985e+06	0.00567933
9.99e+06	0.005685
9.995e+06	0.00567244
1e+07	0.00566301
