HL1
n1	0	-0.056177	0.15221	0.055285	-0.277761	-0.155842
n2	0	0.358869	-0.035078	-0.024897	0.201376	0.201633
n3	0	0.13307	0.146039	-0.018749	0.25489	-0.007743
n4	0	-0.045617	-0.213115	0.047801	0.31094	-0.100219
n5	0	-0.001561	0.120302	0.337054	-0.079074	-0.179147
n6	0	-0.001647	-0.182611	0.026302	0.038401	-0.058647
n7	0	-0.274932	-0.087036	-0.08708	-0.00269	0.055049
n8	0	-0.121533	-0.558346	0.1435	-0.073684	-0.141572
n9	0	0.001687	0.010734	-0.366445	0.036437	0.161278
n10	0	-0.109913	-0.014059	0.139474	0.015565	-0.033742
n11	0	-0.043474	0.235378	0.019276	-0.122922	0.096346
n12	0	0.008204	-0.261833	-0.084767	0.251928	0.014023
n13	0	0.285051	0.51815	-0.127864	-0.13726	-0.039759
n14	0	0.044706	-0.13444	-0.054237	0.1771	0.152025
n15	0	-0.285211	-0.183245	0.397869	0.075672	0.169693
n16	0	0.003563	-0.146156	0.047881	-0.227613	0.103798
n17	0	-0.274844	-0.186271	-0.366114	-0.064038	-0.081016
n18	0	0.279917	0.026358	0.059622	-0.065877	-0.169802
n19	0	-0.232987	-0.126087	-0.231824	-0.376864	0.137636
n20	0	-0.270696	-0.055456	-0.049767	0.056824	-0.048715
n21	0	0.203036	0.19823	0.061934	-0.187891	-0.120965
n22	0	-0.127862	0.108634	0.215867	-0.067918	0.164348
n23	0	0.103553	0.401383	-0.060983	0.282174	0.062059
n24	0	0.107736	-0.136989	-0.135357	0.163599	-0.23937
n25	0	0.083357	0.088642	-0.145357	-0.401789	0.058659
n26	0	0.013469	0.068508	-0.186359	0.034584	-0.130948
n27	0	-0.14699	0.164148	0.007995	-0.058221	-0.077807
n28	0	0.060578	-0.164083	0.209571	-0.264511	0.180416
n29	0	-0.377362	0.130626	0.071437	-0.077288	0.061867
n30	0	0.152022	0.253902	-0.056441	0.059919	0.135193
n31	0	0.260163	-0.37896	-0.305409	-0.108291	0.258611
n32	0	0.048208	0.065422	-0.180306	0.068752	0.329482
n33	0	0.194485	-0.280826	0.099376	0.044986	-0.058073
n34	0	-0.069399	-0.0177	-0.14282	-0.06539	0.033021
n35	0	0.098365	0.1861	0.09389	0.028878	-0.065126
n36	0	-0.257962	0.373105	-0.2587	-0.256523	-0.003641
n37	0	-0.022215	-0.142208	0.143171	-0.197426	0.189628
n38	0	-0.125213	-0.097623	-0.006871	-0.033005	-0.020742
n39	0	0.335204	-0.249566	-0.521358	-0.050493	0.260169
n40	0	-0.126179	0.110875	0.23225	-0.203477	0.218156
OL
n1	0.028931	-0.023699	-0.17022	0.013473	0.118181	0.125338	0.008999	0.010203	-0.075455	-0.004242	0.012775	0.143006	-0.007858	-0.060006	0.016582	-0.08959	0.066931	0.11267	-0.125419	0.108968	0.029376	-0.009036	0.071879	0.079886	-0.156672	0.000308	0.049499	-0.082598	0.049524	-0.081794	-0.072604	-0.04982	-0.050426	-0.054988	-0.104935	0.026692	-0.037836	-0.025089	-0.056762	-0.019779
