HL1
n1	-0.093394	0.137861	-0.124566	0.0062	0.050718	0.07613
n2	-0.236673	0.048794	0.012516	-0.12673	-0.018058	0.065289
n3	-0.193053	0.034228	0.242491	0.031772	-0.020925	0.052882
n4	-0.173191	-0.018543	-0.209651	-0.048851	0.095021	0.087413
n5	-0.183023	0.083585	-0.005069	-0.10847	0.122468	0.01515
n6	0.127362	0.019226	0.052529	0.0298	-0.026023	-0.05154
n7	0.125412	-0.023811	0.016117	0.043126	0.039058	0.145198
n8	0.070162	0.059927	0.032651	-0.045606	0.146949	0.033922
n9	-0.040634	0.094533	-0.025972	0.068327	0.076101	-0.088199
n10	-0.129433	0.056755	0.007226	0.024359	-0.066489	0.04573
n11	0.017224	0.024987	0.019702	-0.092234	0.02408	0.062434
n12	0.044456	0.002303	0.004218	0.035294	0.063259	0.018373
n13	0.131801	-0.153034	0.036172	-0.068382	-0.028845	0.053732
n14	-0.14651	-0.03579	0.023513	-0.051327	-0.021081	-0.040076
n15	-0.132683	-0.083389	0.108925	-0.008152	0.10984	0.110863
n16	0.022862	-0.00011	-0.019857	0.056474	-0.035701	0.131325
n17	0.076609	-0.066195	0.034291	-0.066166	0.008843	0.030713
n18	-0.006429	0.100331	0.035203	-0.060179	0.106754	-0.074451
n19	0.083869	0.021534	-0.080656	0.094441	-0.044451	-0.096441
n20	0.326811	0.042042	-0.137021	-0.031974	-0.031293	0.019685
HL2
n1	-0.129238	-0.028571	-0.01495	-0.046621	0.108897	0.02073	-0.015833	0.048849	0.027701	0.079099	0.02909	-0.147599	-0.001763	-0.091828	0.037059	-0.044797	-0.100453	-0.025669	0.06969	0.030489	0.065456
n2	-0.037152	-0.053516	-0.041786	-0.024316	0.149386	0.036851	-0.113646	0.045672	-0.129732	0.026654	0.071927	-0.052657	-0.041813	-0.133334	0.079916	0.052971	0.03345	-0.099199	-0.064591	-0.027815	0.054924
n3	0.029575	-0.107012	0.065206	0.103656	0.010854	-0.048228	-0.015461	0.018256	0.009811	-0.021817	0.001309	0.056318	0.063144	-0.081725	0.085717	-0.020293	-0.011937	-0.004169	0.025247	0.076316	-0.170287
n4	0.104117	0.039558	-0.045529	0.0853	-0.125904	-0.006388	0.003276	-0.025928	-0.117136	0.042706	0.040154	0.042323	0.058845	0.010158	0.037159	-0.030236	-0.046768	-0.003606	-0.032798	-0.014909	0.088063
n5	0.134179	-0.043107	0.025934	-0.01604	-0.066025	-0.135264	0.098646	0.073138	-0.025901	-0.081966	0.067729	-0.078048	-0.094687	-0.006309	-0.072302	-0.035952	0.067275	0.053306	0.0306	-0.037632	0.041022
n6	0.066334	0.013756	-0.095273	-0.116791	-0.023849	0.116614	-0.10279	0.101329	-0.044868	-0.081745	-0.094826	0.118027	0.072535	0.110714	0.031638	-0.003598	-0.029182	-0.02085	0.079447	0.083498	-0.121648
n7	0.01073	0.021467	-0.037457	0.103447	0.043984	-0.046429	0.003962	-0.080991	-0.0684	0.046346	-0.08936	-0.05443	-0.008619	-0.060156	-0.02174	0.037963	-0.064539	0.006238	-0.090807	0.030032	0.059919
n8	-0.035482	0.067201	0.068828	-0.040998	-0.06269	0.099666	-0.057522	-0.098822	-0.060305	-0.100799	0.031234	0.093985	0.029605	-0.005202	-0.113349	0.098714	-0.068883	0.047835	-0.04651	0.089087	-0.001451
n9	0.272426	0.041828	-0.04563	-0.114055	0.009991	-0.091012	-0.065166	0.060818	0.063801	0.049972	0.004813	0.046152	-0.025193	0.035409	-0.055601	0.038221	0.054461	0.069126	-0.070382	0.03081	-0.082956
n10	-0.100627	-0.027357	0.04971	0.035545	0.052081	-0.064705	-0.067426	0.09874	0.076893	0.046932	-0.006127	-0.014984	0.068184	-0.060104	-0.010248	-0.024168	-0.005674	0.049553	-0.084581	-0.045757	0.036805
n11	0.173486	-0.081712	0.027518	0.03237	-0.002187	-0.078602	-0.048325	0.038092	0.010982	-0.029458	0.120958	-0.026761	-0.073572	-0.080939	0.040701	-0.061807	-0.002651	-0.075599	-0.004155	0.055935	-0.105103
n12	-0.004662	-0.061158	-0.080636	-0.091049	-0.036146	0.063678	-0.073732	-0.005531	-0.075292	-0.108679	-0.025658	-0.105312	0.017319	-0.004306	0.080932	0.031732	-0.000402	0.008438	-0.063012	-0.11322	-0.072668
n13	0.037816	0.004907	0.026237	-0.057536	0.056933	0.126044	0.018553	-0.034986	-0.087799	0.005374	0.122748	-0.021365	0.065928	0.047912	-0.04696	-0.077157	0.058012	-0.050329	0.102253	0.093429	0.11413
n14	-0.064608	0.005185	0.127813	0.088276	-0.079962	0.106902	0.095989	-0.028091	0.071536	0.046287	-0.032855	-0.038424	0.036276	0.030177	0.0002	-0.022815	-0.022903	0.002994	0.085953	-0.064016	-0.038162
n15	0.129907	0.081828	0.060317	0.072992	-0.009471	0.034239	-0.073094	0.065722	-0.038198	0.054239	-0.151037	-0.006909	-0.008054	0.006414	-0.082852	0.108635	0.048831	0.062079	-0.017309	0.108643	-0.091769
n16	0.132731	0.007356	-0.108322	-0.095793	-0.022597	-0.070827	-0.046466	-0.109503	-0.064698	-0.084487	0.020772	-0.056749	-0.052016	0.011538	0.052537	0.060175	-0.120146	0.005811	0.004976	0.03734	0.032064
n17	-0.129059	0.016992	-0.068763	-0.06864	-0.043913	0.005364	0.060711	0.113309	0.07359	0.09925	0.099346	0.060755	0.025155	-0.04224	0.06234	0.104656	0.065818	-0.030914	0.017157	-0.041034	-0.050823
n18	-0.10369	-0.047124	0.020968	0.027618	0.093604	-0.067851	-0.074634	-0.054601	-0.045406	-0.08097	-0.010854	-0.081088	-0.067149	-0.040764	0.04366	0.013174	0.011002	0.034066	0.051931	0.027169	0.089376
n19	-0.022283	-0.068364	-0.01049	-0.028549	-0.044511	0.061107	-0.012286	-0.02594	0.016238	-0.03212	0.027672	-0.047955	0.072774	0.105565	-0.054285	-0.03831	-0.062893	0.006472	0.106764	0.009778	0.115892
n20	-0.030528	0.000477	-0.007463	0.067639	0.094518	0.107576	0.096825	0.058895	0.058562	-0.078686	0.117843	-0.003362	-0.040783	-0.079661	0.111593	-0.003325	0.069604	-0.09032	0.038658	-0.037693	-0.00018
OL
n1	-0.158352	0.22758	-0.029446	0.124212	-0.003529	-0.146544	0.123399	0.037489	0.055271	0.074522	0.019304	0.172221	-0.311131	-0.076703	0.123627	-0.292884	-0.08581	-0.077406	-0.127986	-0.187546
