HL1
n1	-0.179449	0.489404	0.684513	-0.483792	0.0545027	-0.404926
n2	0.566079	-0.46473	0.772075	-0.345183	-0.932343	0.73007
n3	0.55317	0.99577	0.0543691	0.156289	0.141383	-0.186843
n4	0.00524044	-0.891233	0.085744	-0.580498	-0.08274	0.968426
n5	0.92884	-0.0839783	0.790406	0.63661	-0.555079	-0.244896
n6	0.0553299	-0.536411	-0.946159	0.312081	-0.779194	0.389909
n7	0.663264	-0.933205	-0.546627	-0.312779	-0.638631	-0.273904
n8	0.375057	0.677934	-0.605645	0.837561	-0.513558	-0.819645
n9	-0.786841	-0.71999	0.943771	-0.685913	-0.392805	0.0844515
n10	-0.575932	-0.645132	0.482438	0.340139	0.154003	0.680574
n11	-0.674372	0.240368	0.343287	0.468248	0.864006	-0.00363344
n12	-0.714077	0.79479	-0.480205	0.408445	0.69073	0.967658
n13	0.676607	-0.235805	0.325982	-0.188809	0.724596	-0.0911204
n14	-0.46063	-0.961682	0.493884	-0.772781	0.584224	0.278439
n15	0.827881	0.765018	0.163766	-0.466968	-0.734417	-0.703132
n16	0.331101	0.513204	0.239935	-0.856	0.897639	-0.0554434
n17	0.192468	-0.641347	-0.812435	0.399459	0.716662	0.0185228
n18	0.833558	0.0018491	-0.313066	-0.27197	0.760829	-0.624131
n19	0.814814	0.78072	-0.426243	0.73769	0.773644	-0.831159
n20	0.385703	-0.330628	0.545272	0.195151	0.460055	-0.996678
HL2
n1	0	0.00219	0.01883	0.00717	0.00609	-0.00709	0.00685	0.01619	0.00788	-0.00708	-0.00714	-0.00498	0.00304	0.00905	0.03711	-0.01999	-0.00893	-0.00471	0.02095	0.01015	-0.00881
n2	0	-0.02689	-0.02693	0.00406	0.00683	-0.00099	-0.00798	-0.00094	0.01087	0.01483	0.00697	-0.02598	0.00103	0.00495	-0.00503	-0.00301	0.01104	-0.0109	-0.00013	-0.01416	-0.01394
n3	0	0.02014	0.00488	0.02494	-0.0001	-0.02509	-0.02197	0.01909	0.00199	0.00019	-0.01908	0.00705	0.02401	0.01699	0.02005	-0.01004	0.00688	1e-05	0.00085	-0.01481	-0.00489
n4	0	0.02392	-0.00706	-0.00092	0.01398	0.0138	0.00707	0.00212	0.00607	-0.00698	-0.00589	-0.00809	0.00603	-0.01604	-0.012	5e-05	-8e-05	-0.00811	0.00698	0.00394	0.01495
n5	0	0.00182	-0.01997	0.00099	0.01802	0.0168	-0.02892	-0.00386	-0.00478	-0.00209	0.02892	0.01288	0.02694	0.00101	0.00414	-0.00302	0.004	0.01117	-0.00912	-0.01009	0.00776
n6	0	-0.00897	-0.0111	-0.003	0.00398	-0.00389	0.01896	0.01705	0.04691	-0.012	-0.00729	0.00713	-0.00069	0.00191	-0.00293	1e-05	0.00685	0.01381	-0.00297	-0.00989	-0.00509
n7	0	-0.02925	-0.00108	0.00385	-0.01104	0.00308	-0.03099	0.006	0.00467	6e-05	0.0019	-0.0049	0.00019	0.00102	-0.00499	0.0002	-0.00302	-0.00908	-0.01621	0.01503	0.00105
n8	0	-0.02394	-0.00211	-0.00504	0.03809	-0.00999	0.01892	-0.00621	-0.02	0.02599	-0.00099	-0.01603	-0.00616	0.01511	-0.012	0.01109	-0.01401	0.01588	-0.00588	-0.01991	0.00114
n9	0	0.008	-0.00095	0.0061	0.00211	-0.01512	0.00241	-0.03209	0.06017	-0.00802	-0.0129	-0.00795	-0.00605	-0.00505	-0.01603	-0.01796	-0.01188	0.0129	-0.00099	-0.02416	0.01112
n10	0	0.00684	0.00296	-0.00199	0.01928	0.00015	0.01899	0.01897	-0.00099	0.00404	5e-05	0.01599	-0.01206	0.02005	-0.02703	-0.00298	0.00209	0.0019	-0.02398	0.02012	0.00909
n11	0	0.00095	0.01321	0.00505	0.0061	0.00104	-0.00783	0.01195	0.016	0.00808	0.00408	-0.01404	-0.00905	-0.00186	0.00299	0.01401	0.01593	0.01604	-0.00614	0.01089	-0.00103
n12	0	-0.03692	0.00407	-0.01198	0.01191	6e-05	-0.00279	0.00199	0.02521	0.00294	-0.00903	0.001	-0.01001	-0.01004	-0.00291	-0.01102	5e-05	0.00095	0.0119	0.00897	0.00603
n13	0	0.01904	-0.00693	-0.00295	0.01006	0.01091	0.00106	0.02215	0.02881	0.01088	-0.01596	-0.0092	-0.01119	-0.04314	-0.01881	0.00301	-0.02504	-0.00819	-0.00106	0.00996	-0.00072
n14	0	0.02102	0.00293	-0.01195	0.00408	-0.00297	-0.02003	-0.01604	0.00208	-0.03407	-0.02991	-0.01477	0.00698	-0.00614	0.00406	0.00803	0.0111	-0.02398	0.01379	-0.01202	0.03501
n15	0	-0.02394	0.01504	-0.0042	0.00696	0.03205	-0.01219	0.00178	0.01517	-0.01997	0.00902	-0.00788	-0.0051	0.00405	0.00016	-0.01904	-0.002	-0.03924	0.01288	-0.00987	0.00395
n16	0	0.00729	0.01097	-0.02102	0.02002	-0.00914	0.01989	-0.00604	0.0069	0.02076	-0.00706	-0.00198	-0.00596	-0.01407	-0.01107	-0.02412	0.01001	0.00699	0.01382	0.02013	0.03388
n17	0	-0.00599	0.02203	0.01414	-0.00206	-0.00891	0.00897	0.02606	0.01309	0.02503	-0.00407	-0.0079	0.00601	-0.00106	-0.00791	-0.00282	-0.01489	0.0069	0.01109	0.04515	-0.01702
n18	0	0.00797	-0.00517	-0.00484	-0.00098	-0.00596	-0.00406	-0.00114	-0.03001	-0.00701	0.02904	0.02585	-0.00407	0.00814	-0.00104	-0.019	0.00897	0.01608	0.02608	-0.01697	-0.00108
n19	0	0.04509	0.01585	-0.02102	0.01004	-0.01906	-0.00705	0.00207	0.01798	-0.0089	-0.01685	-0.01484	-0.02199	-0.01501	-0.02905	-0.02107	-0.00499	-0.02289	0.01308	0.01991	0.02107
n20	0	0.00286	-0.00207	-0.01005	0.01089	-0.01599	-0.01423	-0.00299	-6e-05	0.01495	0.00298	-0.00388	0.00606	0.02498	-0.01505	0.00303	0.05112	0.00591	0.02509	-0.00689	-0.01007
OL
n1	-0.274386	-0.501853	-0.426743	0.77809	-0.566362	-0.330788	-1.01982	0.309603	0.311641	-0.543562	-0.779608	0.974661	-0.012813	0.406611	0.213492	-0.25738	0.179971	0.119576	-0.115569	-0.003835
