HL1
n1	-0.179449	0.469404	0.650513	-0.477792	0.151503	-0.434926
n2	0.566079	-0.48473	0.818075	-0.338183	-0.856343	0.59507
n3	0.55317	0.85377	0.102369	0.171289	0.150383	-0.184843
n4	0.00524044	-0.935233	0.105744	-0.612498	-0.13074	0.961426
n5	0.92884	-0.136978	0.807406	0.64061	-0.582079	-0.241896
n6	0.0553299	-0.517411	-0.880159	0.285081	-0.742194	0.471909
n7	0.663264	-0.949205	-0.515627	-0.369779	-0.594631	-0.222904
n8	0.375057	0.673934	-0.616645	0.885561	-0.581558	-0.895645
n9	-0.786841	-0.72699	0.950771	-0.712913	-0.355805	-0.0185485
n10	-0.575932	-0.678132	0.580438	0.344139	0.109003	0.669574
n11	-0.674372	0.235368	0.306287	0.545248	0.868006	-0.00863344
n12	-0.714077	0.77979	-0.471205	0.468445	0.65773	0.919658
n13	0.676607	-0.246805	0.300982	-0.204809	0.693596	-0.00212041
n14	-0.46063	-0.965682	0.467884	-0.774781	0.572224	0.206439
n15	0.827881	0.723018	0.115766	-0.488968	-0.709417	-0.697132
n16	0.331101	0.526204	0.265935	-0.833	0.860639	0.0085566
n17	0.192468	-0.564347	-0.820435	0.403459	0.657662	0.0515228
n18	0.833558	-0.0781509	-0.275066	-0.29597	0.700829	-0.724131
n19	0.814814	0.74672	-0.446243	0.87469	0.775644	-0.773159
n20	0.385703	-0.303628	0.543272	0.239151	0.445055	-0.939678
HL2
n1	0	-0.01281	0.03283	0.01617	-0.02591	-0.00309	0.01485	-0.00681	0.02188	0.01492	0.04686	0.02502	0.02504	-0.01795	0.01711	-0.01199	-0.00793	-0.01671	-0.01205	0.00315	-0.03081
n2	0	0.03511	0.00207	0.02906	-0.05217	0.00601	0.00502	0.02406	0.01387	0.01083	-0.03003	0.00202	-0.00197	-0.01105	-0.01203	0.00799	-0.01796	-0.0079	0.01087	0.00584	0.00306
n3	0	-0.02186	0.00288	-0.01506	0.0089	0.02391	0.00103	0.01609	-0.00601	0.01719	-0.01508	-0.01095	-0.01599	0.02699	-0.01495	0.01296	-0.01512	0.01501	-0.01015	-0.01081	0.00211
n4	0	0.01892	0.00694	-0.01092	0.00398	0.0268	-0.01493	0.02212	-0.02993	0.00102	-0.00789	0.00991	0.01203	0.00096	0	-0.00895	-0.01108	0.01489	-0.01602	0.00194	-0.00405
n5	0	-0.02618	-0.00497	-1e-05	-0.00098	-0.0112	-0.03192	-0.00686	0.02822	0.00091	-0.00608	-0.00912	-0.02106	0.00101	0.01614	0.01298	0.007	-0.01983	0.00388	-0.00209	0.01576
n6	0	-0.00097	-0.0281	-0.002	-0.00602	-0.00489	0.00596	-0.00695	-0.01709	-0.025	-0.01029	-0.00087	-0.00269	0.00991	0.00607	0.01301	0.00485	0.00281	-0.00697	0.01111	-0.01209
n7	0	0.01775	0.00892	0.00085	-0.03104	-0.02592	-0.02399	0.005	0.00367	0.00306	-0.0041	0.0171	0.00419	-0.00298	0.00601	0.0092	0.01198	0.00092	0.01779	-0.00897	0.01905
n8	0	0.00306	0.00189	0.00896	-0.00491	0.02301	-0.04008	0.01079	0.011	0.03199	0.01301	0.03897	-0.00216	0.01611	0.005	-0.00491	0.01999	-0.00712	-0.02988	0.00109	0.00914
n9	0	-0.026	-0.00595	0.0001	0.00411	-0.03312	-0.00059	0.02891	-0.00283	-0.00202	-0.0069	0.01905	0.01495	0.00495	0.00097	0.02404	0.02412	-0.0061	-0.01399	-0.00516	0.01212
n10	0	-0.00316	0.00696	-0.01299	-0.01872	0.01815	0.02399	0.01397	0.00101	-0.00196	-0.00995	0.02599	-6e-05	0.00205	-0.01503	0.01702	0.03509	0.0169	0.00802	-0.00788	0.02409
n11	0	0.00995	-0.00179	0.00705	0.0211	0.01204	0.00317	-5e-05	-0.012	8e-05	-0.00692	0.00696	-0.00805	-0.02286	0.00399	-0.00399	0.02093	-0.02596	-0.00514	-0.00411	-0.00303
n12	0	-0.03192	0.00507	-0.00498	0.03291	-0.01794	0.00221	0.00199	-0.03479	0.00794	0.01597	-0.013	0.00799	-0.00204	9e-05	-0.01702	0.00505	0.02095	0.0049	0.00497	0.00603
n13	0	0.01704	0.01607	0.00405	-0.00894	-0.00209	-0.02594	-0.01285	0.01681	0.03188	-0.00996	0.0148	-0.01119	0.01686	-0.00581	0.00401	0.00596	0.00181	0.03494	-0.00504	0.01628
n14	0	0.00402	0.00693	-0.00995	0.02508	0.00203	0.00097	-0.03104	0.02008	-0.00807	-0.01491	0.00423	0.00698	0.00786	0.00706	-0.00097	0.0161	0.01602	0.04479	-2e-05	0.02601
n15	0	0.01506	-0.00496	-0.0092	-0.01704	-0.00995	0.01681	-0.01822	0.00217	-0.02097	-0.00798	-0.00088	0.0019	0.02905	0.00716	-4e-05	-0.005	0.00476	0.01388	-0.00187	-0.01705
n16	0	0.02429	0.00397	-0.00802	-0.00598	-0.01314	0.01089	0.00496	-0.0151	0.02076	-0.02006	0.02102	-0.01596	-0.01107	-0.01807	-0.00012	0.01301	0.01099	0.00582	-0.02287	0.00488
n17	0	0.01401	-0.00297	0.00614	-0.06106	0.00909	0.00897	-0.00794	-0.01391	0.00803	-0.00107	-0.0029	0.01801	-0.00106	-0.00091	0.00118	0.00611	-0.0211	0.00409	0.00715	0.00298
n18	0	-0.02803	-0.02017	-0.01684	-0.01498	-0.01096	0.01994	-0.00914	-0.00501	-0.02101	0.02704	-0.02115	-0.00607	0.03814	-0.03004	0.019	-0.00703	-0.01492	-0.00292	-0.00297	0.00392
n19	0	-0.02791	0.00685	0.00798	-0.03796	0.03894	0.00895	0.03007	0.02598	0.0001	-0.00685	0.00416	-0.00799	-0.01901	-0.01405	0.02693	-0.04799	-0.04289	0.01308	-0.03609	0.04107
n20	0	0.01086	-0.00507	0.01495	0.01489	-0.00999	0.01777	-0.01799	-0.00206	-0.00205	0.01998	0.00712	0.02906	0.06398	0.05095	0.00603	0.03912	0.03291	0.00809	-0.01189	-0.01907
OL
n1	-0.268386	-0.512853	-0.482743	0.80509	-0.713362	-0.339788	-1.01982	0.201603	0.508641	-0.538562	-0.926608	0.834661	0.103187	0.261611	0.490492	-0.35738	0.299971	0.0225759	-0.032569	-0.145835
