HL1
n1	-0.179449	0.473404	0.648513	-0.403792	0.130503	-0.375926
n2	0.566079	-0.49973	0.826075	-0.327183	-0.853343	0.66707
n3	0.55317	0.99577	0.0963691	0.229289	0.144383	-0.155843
n4	0.00524044	-0.957233	0.118744	-0.606498	-0.10074	0.943426
n5	0.92884	-0.0909783	0.787406	0.75761	-0.546079	-0.199896
n6	0.0553299	-0.536411	-0.863159	0.274081	-0.689194	0.431909
n7	0.663264	-0.950205	-0.593627	-0.344779	-0.629631	-0.301904
n8	0.375057	0.730934	-0.614645	0.892561	-0.578558	-0.926645
n9	-0.786841	-0.75199	0.946771	-0.726913	-0.333805	-0.0215485
n10	-0.575932	-0.695132	0.486438	0.367139	0.077003	0.659574
n11	-0.674372	0.200368	0.312287	0.429248	0.881006	0.00936656
n12	-0.714077	0.86379	-0.442205	0.380445	0.64473	0.903658
n13	0.676607	-0.315805	0.385982	-0.199809	0.696596	-0.0271204
n14	-0.46063	-0.991682	0.398884	-0.823781	0.701224	0.275439
n15	0.827881	0.780018	0.104766	-0.559968	-0.783417	-0.744132
n16	0.331101	0.552204	0.250935	-0.767	0.837639	-0.107443
n17	0.192468	-0.636347	-0.827435	0.389459	0.741662	-0.0134772
n18	0.833558	-0.0761509	-0.309066	-0.32797	0.741829	-0.688131
n19	0.814814	0.71572	-0.342243	0.82869	0.782644	-0.801159
n20	0.385703	-0.248628	0.533272	0.179151	0.473055	-0.959678
HL2
n1	0	0.01419	0.01283	-0.00983	0.00709	0.01991	0.01785	-0.01581	-0.01912	-0.00908	-0.01314	-0.01398	0.01004	0.00605	0.01011	-0.01299	-0.00593	-0.04071	-0.01105	0.00915	-0.04481
n2	0	0.00311	0.00307	0.02306	0.05083	-0.00899	-0.00098	-0.01094	0.03087	0.02083	-0.00803	-0.02198	0.02603	-0.02005	0.00597	0.00099	-0.03796	0.0061	0.02587	0.01384	-0.00194
n3	0	0.00714	-0.01712	0.00694	-0.0091	-0.01809	-0.01397	0.00109	-1e-05	-0.00281	0.02092	-0.01595	-0.00599	-0.01401	0.01005	0.00896	0.02588	0.00501	-0.00815	-0.02681	-0.01189
n4	0	0.00392	0.00094	0.00108	-0.01402	0.0098	0.00507	0.00712	-0.00693	0.01002	-0.01789	-0.00609	0.01203	0.01196	0.011	-0.00395	-8e-05	0.01189	0.00498	0.00294	0.00095
n5	0	0.01982	-0.00797	-0.01001	0.01402	-0.0172	-0.01492	-0.00086	0.00122	0.00491	-0.00908	-0.01012	0.00894	-0.02199	-0.00186	0.00798	0.024	-0.00183	-0.00912	-0.00209	-0.00924
n6	0	0.00503	-0.0241	0.003	-0.03002	0.02111	0.02196	-0.00495	0.02691	-0.003	-0.00229	-0.01487	0.01131	-0.01309	0.00707	0.01401	0.00485	-0.02419	-0.01297	-0.01489	-0.00809
n7	0	0.00975	0.00092	0.00585	-0.01704	0.00108	-0.01599	-0.004	-0.02133	-0.00994	0.0039	0.0031	0.00319	0.01302	0.00901	-0.0088	-0.01002	0.01292	-0.01321	0.00503	0.00205
n8	0	-0.00294	0.02689	0.02696	0.02109	0.00301	0.00592	-0.00121	0	0.00699	0.00901	-0.02803	-0.02916	-0.02089	-0.013	0.00709	-0.02101	0.02488	0.02312	0.01309	-0.02586
n9	0	0.001	0.01705	-0.0069	0.01011	0.02388	-0.01759	0.00991	-0.01783	0.00798	-0.0149	-0.00195	0.00795	-0.00605	-0.00603	-0.00996	0.01312	0.0189	-0.01299	-0.00916	0.00412
n10	0	-0.00216	0.00396	0.01001	0.00428	0.00515	-0.00901	0.00497	-0.00799	0.01204	-0.00995	-0.00901	-0.01906	-0.00595	0.00197	0.03102	-0.00591	0.0029	-0.02698	0.02312	-0.00891
n11	0	-0.02705	-0.00879	-0.01195	-0.0279	0.00304	0.01817	0.00495	-0.009	0.00208	0.00108	0.00996	-0.00605	-0.00586	0.00199	-0.00499	-0.02007	-0.01496	-0.01514	-0.00811	0.01097
n12	0	-0.01092	-0.00293	-0.00198	0.01191	-0.02794	-0.00079	0.00599	-0.01279	-0.00606	0.01297	-0.001	-0.00301	-0.01704	-0.00991	0.00098	0.00305	-0.00405	-0.0391	-0.00703	3e-05
n13	0	0.00504	-0.02093	-0.00495	0.02206	0.02891	0.03606	-0.03085	-0.01619	0.00088	-0.00396	-0.0072	0.03381	-0.00414	-0.00781	0.02901	-0.01204	0.03381	0.00994	0.00196	0.01528
n14	0	-0.01798	0.03493	0.01505	0.02108	0.00103	-0.00103	0.00296	0.00808	0.01893	0.00509	0.01923	0.00598	0.01586	0.02406	0.01103	0.0051	-0.00698	0.01979	-0.01802	-0.01199
n15	0	-0.00194	0.02504	-0.0092	0.01296	-0.01095	0.01281	-0.01322	-0.01583	-0.01697	0.02502	-0.01588	0.0039	0.01605	0.00316	-0.03204	-0.006	0.00176	0.00288	0.01013	-0.00305
n16	0	-0.01271	-0.00903	-0.00502	-0.01598	0.00486	-0.02711	-0.01804	-0.0051	-0.01124	-0.00606	0.01502	0.01704	-0.03307	0.00893	-0.01912	-0.00799	0.01599	0.02982	-0.00287	0.00488
n17	0	0.00701	-0.02497	-0.00886	0.00294	0.02309	0.01697	-0.00094	0.01409	0.01003	-0.00107	0.0101	0.01801	-0.01006	0.00509	0.01218	-0.01489	-0.0181	0.00509	0.01515	0.01998
n18	0	-0.00803	0.00583	0.00416	0.00102	-0.01196	0.01594	0.01186	-0.00501	-0.01201	4e-05	-0.01715	0.00893	0.00814	-0.07304	0.036	0.00397	-0.04392	-0.02092	0.02803	-8e-05
n19	0	0.01409	-0.01415	-0.00102	0.01904	-0.00206	-0.02505	0.02607	-0.00602	0.0301	-0.00085	0.01616	-0.03199	0.01399	-0.01705	0.03493	-0.01599	0.01511	8e-05	0.01191	7e-05
n20	0	-0.01614	-0.00707	0.02995	0.00489	0.00301	-0.00923	0.02901	0.02494	-0.00805	0.00598	0.00712	0.01406	0.01598	-0.02305	-0.01297	-0.01188	-0.01109	0.03909	0.01611	0.00193
OL
n1	-0.273386	-0.565853	-0.454743	0.65409	-0.764362	-0.561788	-1.01982	0.174603	0.389641	-0.621562	-0.905608	0.836661	-0.138813	0.513611	0.398492	-0.40738	0.438971	0.0275759	-0.154569	-0.007835
