HL1
n1	-0.179449	0.513404	0.675513	-0.470792	0.129503	-0.358926
n2	0.566079	-0.46273	0.838075	-0.395183	-0.839343	0.68507
n3	0.55317	0.98477	0.116369	0.128289	0.148383	-0.136843
n4	0.00524044	-0.937233	0.096744	-0.612498	-0.13774	0.955426
n5	0.92884	-0.0029783	0.713406	0.68861	-0.507079	-0.310896
n6	0.0553299	-0.547411	-0.865159	0.279081	-0.730194	0.430909
n7	0.663264	-0.965205	-0.538627	-0.394779	-0.597631	-0.347904
n8	0.375057	0.615934	-0.595645	0.924561	-0.596558	-0.891645
n9	-0.786841	-0.70199	0.951771	-0.656913	-0.425805	-0.00554851
n10	-0.575932	-0.682132	0.621438	0.357139	0.100003	0.743574
n11	-0.674372	0.205368	0.276287	0.404248	0.859006	0.00636656
n12	-0.714077	0.76279	-0.521205	0.401445	0.69073	0.976658
n13	0.676607	-0.391805	0.314982	-0.236809	0.690596	0.0398796
n14	-0.46063	-0.969682	0.427884	-0.839781	0.634224	0.248439
n15	0.827881	0.782018	0.106766	-0.473968	-0.693417	-0.718132
n16	0.331101	0.528204	0.294935	-0.841	0.953639	-0.0864434
n17	0.192468	-0.506347	-0.821435	0.344459	0.662662	0.0335228
n18	0.833558	-0.0061509	-0.404066	-0.33497	0.711829	-0.724131
n19	0.814814	0.68772	-0.413243	0.88469	0.744644	-0.790159
n20	0.385703	-0.267628	0.593272	0.172151	0.478055	-0.963678
HL2
n1	0	0.05519	-0.00217	0.00017	-0.01891	0.02091	0.01285	-0.01381	0.01388	0.00492	-0.01914	-0.02198	0.02304	-0.01695	-0.00689	-0.00599	0.00207	-0.01871	0.01495	0.01115	0.00419
n2	0	0.01311	-0.01893	-0.02294	0.00483	0.02301	0.04602	-0.01094	0.02587	-0.00817	0.01497	0.01902	-0.01897	-5e-05	-0.00503	-1e-05	4e-05	0.0031	-0.01813	-0.00916	6e-05
n3	0	-0.02786	0.01588	-0.03006	0.0319	0.01191	0.01103	0.01409	0.03199	-0.00181	0.00892	5e-05	0.00701	-0.02301	0.01105	-0.00704	-0.01112	-0.01399	0.01885	-0.01081	0.02111
n4	0	0.02692	-0.00906	-0.01992	0.02298	-0.0082	0.03007	-0.00888	-0.01393	2e-05	0.00811	-0.00209	0.00103	0.02396	0.002	-0.00295	-0.00708	-0.02111	0.02198	-0.02206	0.00495
n5	0	0.02182	-0.01197	-0.00301	-0.00598	0.0198	8e-05	-0.00086	-0.00878	-0.00209	0.02192	-0.01512	-0.00206	0.00701	-0.01586	0.00798	0.017	0.01017	0.00388	0.00991	-0.00324
n6	0	0.01303	0.0029	0.002	0.01398	-0.01089	0.00296	-0.01595	-0.00809	0.014	0.00871	-0.01787	-0.00869	0.00491	-0.00693	0.01501	-0.01715	0.00781	0.00303	0.01511	0.02191
n7	0	-0.00525	0.00992	-0.00215	0.01696	0.00308	0.02301	0	0.00867	-0.00294	0.0079	-0.0159	-0.00181	0.01402	0.00801	-0.0228	-0.00202	0.02292	0.00479	0.00303	-0.00495
n8	0	0.00106	0.02889	-0.00704	-0.00691	0.02101	0.00092	-0.04321	-0.007	-0.00901	-0.01199	-0.01903	0.01684	-0.02589	0.003	0.00809	-0.01001	0.03688	-0.00988	-0.01391	-0.01586
n9	0	0.023	0.00105	0.0091	0.04311	0.00088	0.00141	-0.00209	-0.01183	0.01998	0.0071	0.01005	-0.00205	-0.01305	-0.00503	0.00304	0.02712	0.0189	0.02601	0.00684	-0.00388
n10	0	0.00184	0.00896	-0.01299	-0.00772	-0.01485	-0.01701	-0.00903	-0.02499	-0.00696	-0.02395	-0.00601	0.00594	0.02305	0.00797	-0.00398	0.00109	-0.0301	-0.01298	-0.00388	-0.03391
n11	0	-0.01905	-0.01079	0.00105	-0.0179	0.00704	0.01517	0.01195	0.042	0.01608	0.01208	-0.00904	-5e-05	-0.01386	0.01899	0.01001	0.00593	4e-05	-0.03214	0.01289	-0.00203
n12	0	0.00808	-0.01093	-0.00298	-0.01009	0.00906	-0.03679	0.01599	0.00921	0.00294	-0.01903	0.007	-0.00801	-0.01104	0.00709	-0.00202	0.01805	0.00895	0.0179	0.00997	-0.03097
n13	0	-0.03496	0.04307	-0.02695	-0.00294	-0.00109	-0.01494	-0.02985	-0.00619	0.00988	0.02404	0.0048	-0.03119	0.02686	0.03919	-0.01499	0.01296	-0.00219	0.01894	0.00696	0.01328
n14	0	-0.00198	0.01193	5e-05	-0.01992	-0.02397	-0.02003	0.02096	-0.00392	-0.00907	-0.00591	0.00123	0.02198	-0.01214	0.00106	-0.01097	-0.0159	0.00602	-0.05621	-2e-05	0.02501
n15	0	-0.02094	-0.00996	0.0088	0.01796	-0.01795	0.02681	-0.00022	0.01217	-0.01197	-0.01398	-0.00888	-0.0141	5e-05	-0.00584	0.00396	0.018	-0.02724	0.03888	0.02213	-0.00605
n16	0	-0.00471	0.00997	-0.01802	0.00702	0.01786	-0.00211	-0.00504	-0.0251	-0.00124	-0.00406	0.03402	-0.01596	-0.01407	-0.02807	-0.00012	0.01301	0.01099	0.03782	-0.00487	0.00388
n17	0	-0.01599	-0.01097	-0.04186	0.00894	-0.00191	-0.02503	0.01706	-0.00191	-0.00197	-0.03107	0.0321	-0.00299	-0.01806	0.00109	0.01018	-0.01989	-0.0341	-0.01291	0.01315	-0.00702
n18	0	0.01497	0.00983	0.01816	0.00602	0.00804	0.01294	-0.05414	0.01399	0.01499	-0.00396	-0.01115	0.00493	-0.04386	0.02096	-0.01	-0.00803	0.01308	-0.00192	-0.03097	-0.02508
n19	0	-0.00691	-0.00115	-0.01302	-0.00696	-0.00406	0.01895	-0.00093	-0.01002	-0.0179	0.00515	-0.02684	0.02201	0.04299	-0.02005	0.00393	0.03701	0.02811	0.01708	0.02591	-0.00493
n20	0	-0.00414	-0.00907	0.01495	-0.00511	-0.00699	-0.02223	0.00101	-0.01106	0.02495	-0.03702	-0.01688	0.01006	-0.00102	0.00795	0.01103	0.00212	0.01891	0.05309	-0.03189	0.01793
OL
n1	-0.370386	-0.317853	-0.551743	0.85609	-0.781362	-0.292788	-1.01982	0.175603	0.535641	-0.631562	-0.867608	0.916661	0.094187	0.329611	0.300492	-0.37138	0.190971	-0.0004241	0.093431	0.031165
