HL1
n1	-0.179449	0.508404	0.640513	-0.468792	-0.0124973	-0.376926
n2	0.566079	-0.46373	0.904075	-0.372183	-0.920343	0.73307
n3	0.55317	0.98177	0.0313691	0.161289	0.156383	-0.129843
n4	0.00524044	-0.887233	0.077744	-0.566498	-0.14474	0.964426
n5	0.92884	-0.104978	0.770406	0.69261	-0.490079	-0.177896
n6	0.0553299	-0.478411	-0.895159	0.324081	-0.705194	0.338909
n7	0.663264	-0.999205	-0.630627	-0.334779	-0.642631	-0.239904
n8	0.375057	0.681934	-0.683645	0.859561	-0.564558	-0.853645
n9	-0.786841	-0.73999	0.996771	-0.732913	-0.415805	0.00745149
n10	-0.575932	-0.616132	0.541438	0.331139	0.091003	0.668574
n11	-0.674372	0.122368	0.384287	0.428248	0.876006	-0.0426334
n12	-0.714077	0.80479	-0.539205	0.490445	0.64473	0.947658
n13	0.676607	-0.250805	0.298982	-0.108809	0.679596	-0.0291204
n14	-0.46063	-0.903682	0.422884	-0.816781	0.593224	0.209439
n15	0.827881	0.689018	0.146766	-0.447968	-0.744417	-0.670132
n16	0.331101	0.559204	0.269935	-0.885	0.898639	-0.0684434
n17	0.192468	-0.657347	-0.846435	0.448459	0.601662	0.0065228
n18	0.833558	-0.0741509	-0.314066	-0.31897	0.696829	-0.687131
n19	0.814814	0.75872	-0.464243	0.80269	0.783644	-0.822159
n20	0.385703	-0.316628	0.522272	0.167151	0.493055	-0.984678
HL2
n1	0	-0.00281	-0.01517	0.02017	-0.00391	-0.00809	-0.02715	-0.04981	-0.00412	-0.00508	0.00186	-0.00998	0.00504	0.03005	-0.01289	0.00801	-0.01293	-0.04371	-0.03605	0.01715	0.00519
n2	0	0.02411	-0.00393	0.00706	0.04183	-0.01099	0.01302	-0.01494	-0.00313	-0.00617	-0.00103	-0.00198	0.01103	-0.01105	-0.00103	-0.01601	-0.02096	0.0141	0.00187	-0.00516	0.01206
n3	0	-0.01486	0.02688	-0.00606	-0.0041	0.00791	0.00603	0.00909	0.01799	0.01219	0.00992	0.00505	0.01101	0.00199	0.00205	-0.00904	-0.00012	0.01301	0.01885	0.01319	-0.00889
n4	0	-0.02408	0.01694	0.00508	-0.00502	0.0238	-0.00293	0.00212	-0.01593	0.00702	-0.00289	0.01691	-0.00797	-0.00304	-0.015	0.00405	0.00992	-0.00111	0.01898	-0.00206	0.01595
n5	0	-0.00718	-0.00197	0.00499	0.00702	0.0108	0.01808	-0.01386	-0.01178	-0.00809	0.00592	-0.00412	-0.00706	0.01201	0.00914	0.00598	0.007	-0.01283	-0.00212	-0.00609	-0.01424
n6	0	-0.00997	-0.0021	-0.009	-0.01902	-0.00689	0.01296	-0.00795	0.00391	0.023	-0.00229	-0.01987	-0.00669	-0.00209	0.00107	-0.01599	-0.01315	0.01681	0.01803	-0.00489	-0.01209
n7	0	-0.01425	-0.00508	-0.00515	0.02496	0.00708	-0.01399	0.003	-0.00133	-0.00394	0.0119	-0.0099	-0.00681	-0.00398	-0.01099	-0.0018	0.00498	-0.01708	-0.01921	0.00103	-0.00295
n8	0	-0.00394	0.01789	0.00696	-0.00191	0.01101	-0.00908	-0.02021	-0.005	0.02499	-0.00099	0.01797	-0.01216	0.00711	-0.012	0.03009	-0.00401	0.00388	0.00612	-0.01091	0.00314
n9	0	0.012	-0.03095	-0.0099	0.03411	-0.02512	0.00441	0.00391	-0.02383	0.00898	-0.0029	0.00305	0.00995	0.01895	-0.02603	0.00604	-0.00788	-0.0481	-0.00499	0.00984	-0.01988
n10	0	0.01184	0.01696	0.00701	-0.00972	-0.01085	-0.02101	0.00097	0.00501	4e-05	0.02005	-0.00401	-0.01706	-0.00295	-0.00303	-0.01198	0.01609	-0.0221	-0.01398	0.00812	-0.00591
n11	0	0.01095	-0.01079	0.00105	-0.0029	-0.01196	-0.00983	-0.00405	0.001	0.00208	-0.01592	0.02096	0.00395	-0.01386	-0.01401	0.00901	0.01793	-0.00396	0.00486	0.00189	-0.00703
n12	0	-0.02692	0.01307	-0.00398	0.00391	0.00106	-0.00979	-0.01301	0.00321	0.00794	0.01697	0.001	0.00299	0.00596	0.00709	-0.00702	-0.00195	-0.02605	0.0039	-0.00703	-0.00297
n13	0	0.00104	0.02107	-0.00195	-0.00794	-0.01509	-0.02394	-0.02785	0.00281	0.00488	0.01104	0.0138	0.01381	0.00186	-0.00881	0.00901	0.02696	0.00881	0.00294	-0.00504	-0.02172
n14	0	-0.03898	0.01893	-0.01595	-0.00292	0.00703	-0.01703	-0.01304	0.00708	-0.02807	0.00709	0.00323	-0.00802	-0.00514	-0.02694	0.01403	-0.0049	0.02102	0.00079	-0.01502	0.00401
n15	0	-0.01194	-0.00996	-0.0022	0.00896	-0.00695	-0.01619	-0.02122	-0.00683	0.01403	0.00302	0.01012	-0.0021	0.02605	0.01516	-0.02004	-0.012	0.00376	-0.00312	-0.00187	0.01595
n16	0	0.02529	0.01697	0.01598	-0.00798	-0.01514	0.01089	-0.01404	-0.0351	-0.00524	-0.02206	2e-05	-0.02096	-0.02807	0.01893	0.00288	0.00201	-0.02201	0.00482	-0.00887	-0.03012
n17	0	-0.00799	0.01603	0.00014	0.02394	-0.01491	-0.03703	0.01206	9e-05	0.02103	-0.00707	-0.0019	0.00101	0.02094	-0.00291	-0.00082	-0.01389	-0.0091	0.02909	0.00015	0.00798
n18	0	-0.02903	0.00083	0.00716	0.01902	0.01404	0.03494	0.01886	-0.00701	0.02099	0.00204	0.00585	0.01793	-0.01686	0.00196	0.004	-0.01203	-0.02992	-0.00292	-0.00397	0.04392
n19	0	9e-05	0.00285	-0.03202	-0.00296	-0.00706	0.01495	-0.01993	-0.02302	0.0051	0.01215	0.00716	0.01101	-0.01501	-0.02405	-0.00807	0.00401	0.02511	0.00408	-0.02809	0.02307
n20	0	0.00486	0.01493	0.00795	0.03889	-0.01599	0.00377	-0.04799	0.01394	-0.00805	-0.00202	0.00312	0.01806	-0.01302	0.00795	0.01103	0.00612	-0.01009	0.04509	-0.00589	-0.02107
OL
n1	-0.224386	-0.443853	-0.558743	0.71309	-0.640362	-0.595788	-1.01982	0.056603	0.344641	-0.494562	-0.925608	0.988661	0.223187	0.420611	0.184492	-0.22238	0.290971	-0.0214241	-0.172569	0.058165
