HL1
n1	-0.00868985	0.0112656
n2	0.0604121	-0.0274703
n3	0.0183386	-0.0113303
n4	-0.012127	0.0112965
n5	0.0579506	-0.0274439
n6	0.00943086	-0.0112831
n7	-0.00269756	0.011238
n8	0.00717028	-0.0112703
n9	0.0201498	-0.0113394
n10	0.0124946	-0.0112999
n11	-0.0582241	0.0274465
n12	0.0572869	-0.0274364
n13	0.011251	-0.0112931
n14	0.00707319	-0.0112698
n15	-0.059118	0.0274562
n16	0.00988215	-0.0112856
n17	-0.0169447	0.0113218
n18	0.0168439	-0.0113226
n19	-0.0747524	0.0276128
n20	-0.018516	0.0113298
OL
n1	0.171363	0.172205	-0.172707	0.172266	0.171154	-0.172057	0.171137	-0.17185	-0.172816	-0.172308	-0.171316	0.170742	-0.17221	-0.171841	-0.171734	-0.172096	0.172607	-0.172613	-0.173962	0.172707
