HL1
n1	-0.0704628	0.00428375
n2	-0.0574498	0.00416547
n3	0.0853448	-0.0044286
n4	-0.0767223	0.0043462
n5	-0.0596074	0.00418559
n6	0.0728733	-0.0043107
n7	-0.0624849	0.00421247
n8	0.069604	-0.00427994
n9	0.0878239	-0.00445215
n10	0.0772269	-0.00435175
n11	0.0594055	-0.00418442
n12	-0.0599949	0.00418921
n13	0.0754688	-0.00433516
n14	0.0694627	-0.00427862
n15	0.0586756	-0.00417761
n16	0.0735195	-0.00431678
n17	-0.0834418	0.00440974
n18	0.0832875	-0.00440909
n19	0.0386337	-0.00399177
n20	-0.0856048	0.00443025
OL
n1	0.125287	0.115191	-0.139445	0.132077	0.117108	-0.128738	0.119654	-0.125893	-0.141548	-0.132501	-0.116921	0.117452	-0.130984	-0.12577	-0.116273	-0.129298	0.137838	-0.137694	-0.0981816	0.13968
