2	1
3	1
4	1
5	1
6	1
7	1
8	1
9	1
10	1
11	1
12	1
13	1
14	1
15	1
16	1
17	1
18	1
19	1
20	1
21	1
22	1
23	1
24	1
25	1
26	1
27	1
28	1
29	1
30	1
31	1
32	1
33	1
34	1
35	1
36	1
37	1
38	1
39	1
40	1
41	1
42	1
43	1
44	1
45	1
46	1
47	1
48	1
49	1
50	1
51	1
52	1
53	1
54	1
55	1
56	1
57	1
58	1
59	1
60	1
61	1
62	1
63	1
64	1
65	1
66	1
67	1
68	1
69	1
70	1
71	1
72	1
73	1
74	1
75	1
76	1
77	1
78	1
79	1
80	1
81	1
82	1
83	1
84	1
85	1
86	1
87	1
88	1
89	1
90	1
91	1
92	1
93	1
94	1
95	1
96	1
97	1
98	1
99	1
100	1
101	1
102	1
103	1
104	1
105	1
106	1
107	1
108	1
109	1
110	1
111	1
112	1
113	1
114	1
115	1
116	1
117	1
118	1
119	1
120	1
121	1
122	1
123	1
124	1
125	1
126	1
127	1
128	1
129	1
130	1
131	1
132	1
133	1
134	1
135	1
136	1
137	1
138	1
139	1
140	1
141	1
142	1
143	1
144	1
145	1
146	1
147	1
148	1
149	1
150	1
151	1
152	1
153	1
154	1
155	1
156	1
157	1
158	1
159	1
160	1
161	1
162	1
163	1
164	1
165	1
166	1
167	1
168	1
169	1
170	1
171	1
172	1
173	1
174	1
175	1
176	1
177	1
178	1
179	1
180	1
181	1
182	1
183	1
184	1
185	1
186	1
187	1
188	1
189	1
190	1
191	1
192	1
193	1
194	1
195	1
196	1
197	1
198	1
199	1
200	1
201	1
202	1
203	1
204	1
205	1
206	1
207	1
208	1
209	1
210	1
211	1
212	1
213	1
214	1
215	1
216	1
217	1
218	1
219	1
220	1
221	1
222	1
223	1
224	1
225	1
226	1
227	1
228	1
229	1
230	1
231	1
232	1
233	1
234	1
235	1
236	1
237	1
238	1
239	1
240	1
241	1
242	1
243	1
244	1
245	1
246	1
247	1
248	1
249	1
250	1
251	1
252	1
253	1
254	1
255	1
256	1
257	1
258	1
259	1
260	1
261	1
262	1
263	1
264	1
265	1
266	1
267	1
268	1
269	1
270	1
271	1
272	1
273	1
274	1
275	1
276	1
277	1
278	1
279	1
280	1
281	1
282	1
283	1
284	1
285	1
286	1
287	1
288	1
289	1
290	1
291	1
292	1
293	1
294	1
295	1
296	1
297	1
298	1
299	1
300	1
301	1
302	1
303	1
304	1
305	1
306	1
307	1
308	1
309	1
310	1
311	1
312	1
313	1
314	1
315	1
316	1
317	1
318	1
319	1
320	1
321	1
322	1
323	1
324	1
325	1
326	1
327	1
328	1
329	1
330	1
331	1
332	1
333	1
334	1
335	1
336	1
337	1
338	1
339	1
340	1
341	1
342	1
343	1
344	1
345	1
346	1
347	1
348	1
349	1
350	1
351	1
352	1
353	1
354	1
355	1
356	1
357	1
358	1
359	1
360	1
361	1
362	1
363	1
364	1
365	1
366	1
367	1
368	1
369	1
370	1
371	1
372	1
373	1
374	1
375	1
376	1
377	1
378	1
379	1
380	1
381	1
382	1
383	1
384	1
385	1
386	1
387	1
388	1
389	1
390	1
391	1
392	1
393	1
394	1
395	1
396	1
397	1
398	1
399	1
400	1
401	1
402	1
403	1
404	1
405	1
406	1
407	1
408	1
409	1
410	1
411	1
412	1
413	1
414	1
415	1
416	1
417	1
418	1
419	1
420	1
421	1
422	1
423	1
424	1
425	1
426	1
427	1
428	1
429	1
430	1
431	1
432	1
433	1
434	1
435	1
436	1
437	1
438	1
439	1
440	1
441	1
442	1
443	1
444	1
445	1
446	1
447	1
448	1
449	1
450	1
451	1
452	1
453	1
454	1
455	1
456	1
457	1
458	1
459	1
460	1
461	1
462	1
463	1
464	1
465	1
466	1
467	1
468	1
469	1
470	1
471	1
472	1
473	1
474	1
475	1
476	1
477	1
478	1
479	1
480	1
481	1
482	1
483	1
484	1
485	1
486	1
487	1
488	1
489	1
490	1
491	1
492	1
493	1
494	1
495	1
496	1
497	1
498	1
499	1
500	1
501	1
502	1
503	1
504	1
505	1
506	1
507	1
508	1
509	1
510	1
511	1
512	1
513	1
514	1
515	1
516	1
517	1
518	1
519	1
520	1
521	1
522	1
523	1
524	1
525	1
526	1
527	1
528	1
529	1
530	1
531	1
532	1
533	1
534	1
535	1
536	1
537	1
538	1
539	1
540	1
541	1
542	1
543	1
544	1
545	1
546	1
547	1
548	1
549	1
550	1
551	1
552	1
553	1
554	1
555	1
556	1
557	1
558	1
559	1
560	1
561	1
562	1
563	1
564	0.999999
565	0.999999
566	0.999999
567	0.999999
568	0.999999
569	0.999999
570	0.999999
571	0.999999
572	0.999999
573	0.999999
574	0.999999
575	0.999999
576	0.999999
577	0.999999
578	0.999999
579	0.999999
580	0.999999
581	0.999999
582	0.999999
583	0.999999
584	0.999999
585	0.999999
586	0.999999
587	0.999999
588	0.999999
589	0.999999
590	0.999999
591	0.999999
592	0.999999
593	0.999999
594	0.999999
595	0.999999
596	0.999999
597	0.999999
598	0.999999
599	0.999999
600	0.999999
601	0.999999
602	0.999999
603	0.999999
604	0.999999
605	0.999999
606	0.999999
607	0.999998
608	0.999998
609	0.999998
610	0.999998
611	0.999998
612	0.999998
613	0.999998
614	0.999998
615	0.999998
616	0.999998
617	0.999998
618	0.999998
619	0.999998
620	0.999998
621	0.999998
622	0.999998
623	0.999998
624	0.999998
625	0.999998
626	0.999998
627	0.999998
628	0.999997
629	0.999997
630	0.999997
631	0.999997
632	0.999997
633	0.999997
634	0.999997
635	0.999997
636	0.999997
637	0.999997
638	0.999997
639	0.999997
640	0.999997
641	0.999997
642	0.999997
643	0.999996
644	0.999996
645	0.999996
646	0.999996
647	0.999996
648	0.999996
649	0.999996
650	0.999996
651	0.999996
652	0.999996
653	0.999996
654	0.999996
655	0.999995
656	0.999995
657	0.999995
658	0.999995
659	0.999995
660	0.999995
661	0.999995
662	0.999995
663	0.999995
664	0.999994
665	0.999994
666	0.999994
667	0.999994
668	0.999994
669	0.999994
670	0.999994
671	0.999994
672	0.999993
673	0.999993
674	0.999993
675	0.999993
676	0.999993
677	0.999993
678	0.999993
679	0.999992
680	0.999992
681	0.999992
682	0.999992
683	0.999992
684	0.999992
685	0.999991
686	0.999991
687	0.999991
688	0.999991
689	0.999991
690	0.999991
691	0.99999
692	0.99999
693	0.99999
694	0.99999
695	0.99999
696	0.999989
697	0.999989
698	0.999989
699	0.999989
700	0.999988
701	0.999988
702	0.999988
703	0.999988
704	0.999988
705	0.999987
706	0.999987
707	0.999987
708	0.999987
709	0.999986
710	0.999986
711	0.999986
712	0.999986
713	0.999985
714	0.999985
715	0.999985
716	0.999984
717	0.999984
718	0.999984
719	0.999983
720	0.999983
721	0.999983
722	0.999983
723	0.999982
724	0.999982
725	0.999982
726	0.999981
727	0.999981
728	0.99998
729	0.99998
730	0.99998
731	0.999979
732	0.999979
733	0.999979
734	0.999978
735	0.999978
736	0.999977
737	0.999977
738	0.999977
739	0.999976
740	0.999976
741	0.999975
742	0.999975
743	0.999974
744	0.999974
745	0.999974
746	0.999973
747	0.999973
748	0.999972
749	0.999972
750	0.999971
751	0.999971
752	0.99997
753	0.99997
754	0.999969
755	0.999968
756	0.999968
757	0.999967
758	0.999967
759	0.999966
760	0.999966
761	0.999965
762	0.999964
763	0.999964
764	0.999963
765	0.999963
766	0.999962
767	0.999961
768	0.999961
769	0.99996
770	0.999959
771	0.999959
772	0.999958
773	0.999957
774	0.999956
775	0.999956
776	0.999955
777	0.999954
778	0.999953
779	0.999953
780	0.999952
781	0.999951
782	0.99995
783	0.999949
784	0.999949
785	0.999948
786	0.999947
787	0.999946
788	0.999945
789	0.999944
790	0.999943
791	0.999942
792	0.999941
793	0.99994
794	0.999939
795	0.999939
796	0.999938
797	0.999937
798	0.999935
799	0.999934
800	0.999933
801	0.999932
802	0.999931
803	0.99993
804	0.999929
805	0.999928
806	0.999927
807	0.999926
808	0.999924
809	0.999923
810	0.999922
811	0.999921
812	0.99992
813	0.999918
814	0.999917
815	0.999916
816	0.999914
817	0.999913
818	0.999912
819	0.99991
820	0.999909
821	0.999908
822	0.999906
823	0.999905
824	0.999903
825	0.999902
826	0.9999
827	0.999899
828	0.999897
829	0.999896
830	0.999894
831	0.999892
832	0.999891
833	0.999889
834	0.999887
835	0.999886
836	0.999884
837	0.999882
838	0.99988
839	0.999879
840	0.999877
841	0.999875
842	0.999873
843	0.999871
844	0.999869
845	0.999867
846	0.999865
847	0.999863
848	0.999861
849	0.999859
850	0.999857
851	0.999855
852	0.999853
853	0.999851
854	0.999849
855	0.999847
856	0.999844
857	0.999842
858	0.99984
859	0.999837
860	0.999835
861	0.999833
862	0.99983
863	0.999828
864	0.999825
865	0.999823
866	0.99982
867	0.999818
868	0.999815
869	0.999812
870	0.99981
871	0.999807
872	0.999804
873	0.999802
874	0.999799
875	0.999796
876	0.999793
877	0.99979
878	0.999787
879	0.999784
880	0.999781
881	0.999778
882	0.999775
883	0.999772
884	0.999769
885	0.999766
886	0.999762
887	0.999759
888	0.999756
889	0.999752
890	0.999749
891	0.999745
892	0.999742
893	0.999738
894	0.999735
895	0.999731
896	0.999728
897	0.999724
898	0.99972
899	0.999716
900	0.999712
901	0.999709
902	0.999705
903	0.999701
904	0.999697
905	0.999693
906	0.999688
907	0.999684
908	0.99968
909	0.999676
910	0.999671
911	0.999667
912	0.999663
913	0.999658
914	0.999654
915	0.999649
916	0.999644
917	0.99964
918	0.999635
919	0.99963
920	0.999625
921	0.99962
922	0.999615
923	0.99961
924	0.999605
925	0.9996
926	0.999595
927	0.99959
928	0.999584
929	0.999579
930	0.999573
931	0.999568
932	0.999562
933	0.999557
934	0.999551
935	0.999545
936	0.999539
937	0.999534
938	0.999528
939	0.999522
940	0.999515
941	0.999509
942	0.999503
943	0.999497
944	0.99949
945	0.999484
946	0.999477
947	0.999471
948	0.999464
949	0.999457
950	0.999451
951	0.999444
952	0.999437
953	0.99943
954	0.999423
955	0.999415
956	0.999408
957	0.999401
958	0.999393
959	0.999386
960	0.999378
961	0.999371
962	0.999363
963	0.999355
964	0.999347
965	0.999339
966	0.999331
967	0.999323
968	0.999315
969	0.999306
970	0.999298
971	0.999289
972	0.999281
973	0.999272
974	0.999263
975	0.999254
976	0.999245
977	0.999236
978	0.999227
979	0.999218
980	0.999208
981	0.999199
982	0.999189
983	0.999179
984	0.99917
985	0.99916
986	0.99915
987	0.99914
988	0.99913
989	0.999119
990	0.999109
991	0.999098
992	0.999088
993	0.999077
994	0.999066
995	0.999055
996	0.999044
997	0.999033
998	0.999022
999	0.99901
1000	0.998999
1001	0.998987
1002	0.998975
1003	0.998963
1004	0.998951
1005	0.998939
1006	0.998927
1007	0.998915
1008	0.998902
1009	0.998889
1010	0.998877
1011	0.998864
1012	0.998851
1013	0.998838
1014	0.998824
1015	0.998811
1016	0.998797
1017	0.998784
1018	0.99877
1019	0.998756
1020	0.998742
1021	0.998728
1022	0.998713
1023	0.998699
1024	0.998684
1025	0.99867
1026	0.998655
1027	0.99864
1028	0.998624
1029	0.998609
1030	0.998593
1031	0.998578
1032	0.998562
1033	0.998546
1034	0.99853
1035	0.998514
1036	0.998497
1037	0.998481
1038	0.998464
1039	0.998447
1040	0.99843
1041	0.998413
1042	0.998395
1043	0.998378
1044	0.99836
1045	0.998342
1046	0.998324
1047	0.998306
1048	0.998287
1049	0.998269
1050	0.99825
1051	0.998231
1052	0.998212
1053	0.998193
1054	0.998173
1055	0.998154
1056	0.998134
1057	0.998114
1058	0.998093
1059	0.998073
1060	0.998052
1061	0.998032
1062	0.998011
1063	0.99799
1064	0.997968
1065	0.997947
1066	0.997925
1067	0.997903
1068	0.997881
1069	0.997859
1070	0.997836
1071	0.997813
1072	0.99779
1073	0.997767
1074	0.997744
1075	0.99772
1076	0.997696
1077	0.997672
1078	0.997648
1079	0.997624
1080	0.997599
1081	0.997574
1082	0.997549
1083	0.997524
1084	0.997498
1085	0.997472
1086	0.997446
1087	0.99742
1088	0.997394
1089	0.997367
1090	0.99734
1091	0.997313
1092	0.997286
1093	0.997258
1094	0.99723
1095	0.997202
1096	0.997174
1097	0.997145
1098	0.997116
1099	0.997087
1100	0.997058
1101	0.997028
1102	0.996998
1103	0.996968
1104	0.996938
1105	0.996907
1106	0.996876
1107	0.996845
1108	0.996813
1109	0.996782
1110	0.99675
1111	0.996717
1112	0.996685
1113	0.996652
1114	0.996619
1115	0.996586
1116	0.996552
1117	0.996518
1118	0.996484
1119	0.996449
1120	0.996415
1121	0.99638
1122	0.996344
1123	0.996309
1124	0.996273
1125	0.996236
1126	0.9962
1127	0.996163
1128	0.996126
1129	0.996088
1130	0.996051
1131	0.996013
1132	0.995974
1133	0.995936
1134	0.995897
1135	0.995857
1136	0.995818
1137	0.995778
1138	0.995737
1139	0.995697
1140	0.995656
1141	0.995615
1142	0.995573
1143	0.995531
1144	0.995489
1145	0.995446
1146	0.995403
1147	0.99536
1148	0.995317
1149	0.995273
1150	0.995228
1151	0.995184
1152	0.995139
1153	0.995093
1154	0.995048
1155	0.995002
1156	0.994955
1157	0.994908
1158	0.994861
1159	0.994814
1160	0.994766
1161	0.994718
1162	0.994669
1163	0.99462
1164	0.994571
1165	0.994521
1166	0.994471
1167	0.99442
1168	0.994369
1169	0.994318
1170	0.994266
1171	0.994214
1172	0.994162
1173	0.994109
1174	0.994056
1175	0.994002
1176	0.993948
1177	0.993894
1178	0.993839
1179	0.993784
1180	0.993728
1181	0.993672
1182	0.993615
1183	0.993559
1184	0.993501
1185	0.993443
1186	0.993385
1187	0.993327
1188	0.993268
1189	0.993208
1190	0.993148
1191	0.993088
1192	0.993027
1193	0.992966
1194	0.992904
1195	0.992842
1196	0.99278
1197	0.992717
1198	0.992653
1199	0.992589
1200	0.992525
1201	0.99246
1202	0.992395
1203	0.992329
1204	0.992263
1205	0.992197
1206	0.992129
1207	0.992062
1208	0.991994
1209	0.991925
1210	0.991856
1211	0.991787
1212	0.991717
1213	0.991646
1214	0.991576
1215	0.991504
1216	0.991432
1217	0.99136
1218	0.991287
1219	0.991214
1220	0.99114
1221	0.991065
1222	0.99099
1223	0.990915
1224	0.990839
1225	0.990763
1226	0.990686
1227	0.990608
1228	0.99053
1229	0.990452
1230	0.990373
1231	0.990293
1232	0.990213
1233	0.990133
1234	0.990052
1235	0.98997
1236	0.989888
1237	0.989805
1238	0.989722
1239	0.989638
1240	0.989554
1241	0.989469
1242	0.989383
1243	0.989297
1244	0.989211
1245	0.989124
1246	0.989036
1247	0.988948
1248	0.988859
1249	0.98877
1250	0.98868
1251	0.98859
1252	0.988499
1253	0.988407
1254	0.988315
1255	0.988222
1256	0.988129
1257	0.988035
1258	0.98794
1259	0.987845
1260	0.98775
1261	0.987654
1262	0.987557
1263	0.987459
1264	0.987361
1265	0.987263
1266	0.987164
1267	0.987064
1268	0.986963
1269	0.986862
1270	0.986761
1271	0.986659
1272	0.986556
1273	0.986452
1274	0.986348
1275	0.986244
1276	0.986139
1277	0.986033
1278	0.985926
1279	0.985819
1280	0.985711
1281	0.985603
1282	0.985494
1283	0.985384
1284	0.985274
1285	0.985163
1286	0.985052
1287	0.98494
1288	0.984827
1289	0.984713
1290	0.984599
1291	0.984485
1292	0.984369
1293	0.984253
1294	0.984137
1295	0.984019
1296	0.983901
1297	0.983783
1298	0.983664
1299	0.983544
1300	0.983423
1301	0.983302
1302	0.98318
1303	0.983057
1304	0.982934
1305	0.98281
1306	0.982686
1307	0.982561
1308	0.982435
1309	0.982308
1310	0.982181
1311	0.982053
1312	0.981925
1313	0.981795
1314	0.981665
1315	0.981535
1316	0.981404
1317	0.981272
1318	0.981139
1319	0.981006
1320	0.980872
1321	0.980737
1322	0.980602
1323	0.980466
1324	0.980329
1325	0.980191
1326	0.980053
1327	0.979915
1328	0.979775
1329	0.979635
1330	0.979494
1331	0.979352
1332	0.97921
1333	0.979067
1334	0.978923
1335	0.978779
1336	0.978634
1337	0.978488
1338	0.978342
1339	0.978195
1340	0.978047
1341	0.977898
1342	0.977749
1343	0.977599
1344	0.977448
1345	0.977297
1346	0.977144
1347	0.976992
1348	0.976838
1349	0.976684
1350	0.976529
1351	0.976373
1352	0.976217
1353	0.97606
1354	0.975902
1355	0.975743
1356	0.975584
1357	0.975424
1358	0.975264
1359	0.975102
1360	0.97494
1361	0.974777
1362	0.974614
1363	0.97445
1364	0.974285
1365	0.974119
1366	0.973953
1367	0.973786
1368	0.973618
1369	0.973449
1370	0.97328
1371	0.97311
1372	0.97294
1373	0.972768
1374	0.972596
1375	0.972424
1376	0.97225
1377	0.972076
1378	0.971901
1379	0.971725
1380	0.971549
1381	0.971372
1382	0.971194
1383	0.971016
1384	0.970836
1385	0.970657
1386	0.970476
1387	0.970295
1388	0.970113
1389	0.96993
1390	0.969746
1391	0.969562
1392	0.969377
1393	0.969192
1394	0.969006
1395	0.968819
1396	0.968631
1397	0.968443
1398	0.968253
1399	0.968064
1400	0.967873
1401	0.967682
1402	0.96749
1403	0.967298
1404	0.967104
1405	0.96691
1406	0.966716
1407	0.96652
1408	0.966324
1409	0.966128
1410	0.96593
1411	0.965732
1412	0.965533
1413	0.965334
1414	0.965134
1415	0.964933
1416	0.964731
1417	0.964529
1418	0.964326
1419	0.964122
1420	0.963918
1421	0.963713
1422	0.963508
1423	0.963301
1424	0.963095
1425	0.962887
1426	0.962679
1427	0.96247
1428	0.96226
1429	0.96205
1430	0.961839
1431	0.961627
1432	0.961415
1433	0.961202
1434	0.960989
1435	0.960774
1436	0.96056
1437	0.960344
1438	0.960128
1439	0.959911
1440	0.959694
1441	0.959476
1442	0.959257
1443	0.959038
1444	0.958818
1445	0.958597
1446	0.958376
1447	0.958154
1448	0.957932
1449	0.957709
1450	0.957485
1451	0.957261
1452	0.957036
1453	0.95681
1454	0.956584
1455	0.956357
1456	0.95613
1457	0.955902
1458	0.955673
1459	0.955444
1460	0.955215
1461	0.954984
1462	0.954753
1463	0.954522
1464	0.95429
1465	0.954057
1466	0.953824
1467	0.95359
1468	0.953356
1469	0.953121
1470	0.952885
1471	0.952649
1472	0.952413
1473	0.952175
1474	0.951938
1475	0.951699
1476	0.95146
1477	0.951221
1478	0.950981
1479	0.950741
1480	0.9505
1481	0.950258
1482	0.950016
1483	0.949774
1484	0.94953
1485	0.949287
1486	0.949043
1487	0.948798
1488	0.948553
1489	0.948307
1490	0.948061
1491	0.947814
1492	0.947567
1493	0.947319
1494	0.947071
1495	0.946823
1496	0.946574
1497	0.946324
1498	0.946074
1499	0.945823
1500	0.945572
1501	0.945321
1502	0.945069
1503	0.944817
1504	0.944564
1505	0.94431
1506	0.944057
1507	0.943803
1508	0.943548
1509	0.943293
1510	0.943037
1511	0.942781
1512	0.942525
1513	0.942268
1514	0.942011
1515	0.941754
1516	0.941495
1517	0.941237
1518	0.940978
1519	0.940719
1520	0.940459
1521	0.940199
1522	0.939939
1523	0.939678
1524	0.939417
1525	0.939156
1526	0.938894
1527	0.938631
1528	0.938369
1529	0.938106
1530	0.937843
1531	0.937579
1532	0.937315
1533	0.93705
1534	0.936786
1535	0.936521
1536	0.936255
1537	0.93599
1538	0.935724
1539	0.935457
1540	0.935191
1541	0.934924
1542	0.934656
1543	0.934389
1544	0.934121
1545	0.933853
1546	0.933584
1547	0.933315
1548	0.933046
1549	0.932777
1550	0.932507
1551	0.932238
1552	0.931967
1553	0.931697
1554	0.931426
1555	0.931156
1556	0.930884
1557	0.930613
1558	0.930341
1559	0.930069
1560	0.929797
1561	0.929525
1562	0.929252
1563	0.92898
1564	0.928707
1565	0.928433
1566	0.92816
1567	0.927886
1568	0.927612
1569	0.927338
1570	0.927064
1571	0.92679
1572	0.926515
1573	0.92624
1574	0.925966
1575	0.92569
1576	0.925415
1577	0.92514
1578	0.924864
1579	0.924588
1580	0.924312
1581	0.924036
1582	0.92376
1583	0.923484
1584	0.923207
1585	0.922931
1586	0.922654
1587	0.922377
1588	0.9221
1589	0.921823
1590	0.921546
1591	0.921269
1592	0.920991
1593	0.920714
1594	0.920436
1595	0.920158
1596	0.919881
1597	0.919603
1598	0.919325
1599	0.919047
1600	0.918769
1601	0.918491
1602	0.918212
1603	0.917934
1604	0.917656
1605	0.917377
1606	0.917099
1607	0.916821
1608	0.916542
1609	0.916264
1610	0.915985
1611	0.915706
1612	0.915428
1613	0.915149
1614	0.914871
1615	0.914592
1616	0.914313
1617	0.914035
1618	0.913756
1619	0.913477
1620	0.913199
1621	0.91292
1622	0.912641
1623	0.912363
1624	0.912084
1625	0.911806
1626	0.911527
1627	0.911249
1628	0.91097
1629	0.910692
1630	0.910413
1631	0.910135
1632	0.909857
1633	0.909578
1634	0.9093
1635	0.909022
1636	0.908744
1637	0.908466
1638	0.908188
1639	0.907911
1640	0.907633
1641	0.907355
1642	0.907078
1643	0.9068
1644	0.906523
1645	0.906245
1646	0.905968
1647	0.905691
1648	0.905414
1649	0.905137
1650	0.904861
1651	0.904584
1652	0.904308
1653	0.904031
1654	0.903755
1655	0.903479
1656	0.903203
1657	0.902927
1658	0.902651
1659	0.902376
1660	0.9021
1661	0.901825
1662	0.90155
1663	0.901275
1664	0.901
1665	0.900725
1666	0.900451
1667	0.900177
1668	0.899902
1669	0.899628
1670	0.899355
1671	0.899081
1672	0.898808
1673	0.898534
1674	0.898261
1675	0.897988
1676	0.897716
1677	0.897443
1678	0.897171
1679	0.896899
1680	0.896627
1681	0.896355
1682	0.896084
1683	0.895813
1684	0.895542
1685	0.895271
1686	0.895
1687	0.89473
1688	0.89446
1689	0.89419
1690	0.89392
1691	0.893651
1692	0.893382
1693	0.893113
1694	0.892844
1695	0.892575
1696	0.892307
1697	0.892039
1698	0.891771
1699	0.891504
1700	0.891237
1701	0.89097
1702	0.890703
1703	0.890437
1704	0.89017
1705	0.889905
1706	0.889639
1707	0.889374
1708	0.889108
1709	0.888844
1710	0.888579
1711	0.888315
1712	0.888051
1713	0.887787
1714	0.887524
1715	0.887261
1716	0.886998
1717	0.886735
1718	0.886473
1719	0.886211
1720	0.885949
1721	0.885688
1722	0.885427
1723	0.885166
1724	0.884906
1725	0.884646
1726	0.884386
1727	0.884127
1728	0.883867
1729	0.883609
1730	0.88335
1731	0.883092
1732	0.882834
1733	0.882576
1734	0.882319
1735	0.882062
1736	0.881805
1737	0.881549
1738	0.881293
1739	0.881038
1740	0.880782
1741	0.880527
1742	0.880273
1743	0.880019
1744	0.879765
1745	0.879511
1746	0.879258
1747	0.879005
1748	0.878752
1749	0.8785
1750	0.878248
1751	0.877997
1752	0.877746
1753	0.877495
1754	0.877244
1755	0.876994
1756	0.876745
1757	0.876495
1758	0.876246
1759	0.875998
1760	0.875749
1761	0.875501
1762	0.875254
1763	0.875007
1764	0.87476
1765	0.874513
1766	0.874267
1767	0.874022
1768	0.873776
1769	0.873531
1770	0.873287
1771	0.873042
1772	0.872799
1773	0.872555
1774	0.872312
1775	0.872069
1776	0.871827
1777	0.871585
1778	0.871343
1779	0.871102
1780	0.870861
1781	0.870621
1782	0.870381
1783	0.870141
1784	0.869902
1785	0.869663
1786	0.869424
1787	0.869186
1788	0.868948
1789	0.868711
1790	0.868474
1791	0.868238
1792	0.868001
1793	0.867766
1794	0.86753
1795	0.867295
1796	0.867061
1797	0.866826
1798	0.866593
1799	0.866359
1800	0.866126
1801	0.865894
1802	0.865661
1803	0.865429
1804	0.865198
1805	0.864967
1806	0.864736
1807	0.864506
1808	0.864276
1809	0.864047
1810	0.863818
1811	0.863589
1812	0.863361
1813	0.863133
1814	0.862906
1815	0.862679
1816	0.862452
1817	0.862226
1818	0.862
1819	0.861775
1820	0.86155
1821	0.861325
1822	0.861101
1823	0.860877
1824	0.860654
1825	0.860431
1826	0.860208
1827	0.859986
1828	0.859764
1829	0.859543
1830	0.859322
1831	0.859101
1832	0.858881
1833	0.858661
1834	0.858442
1835	0.858223
1836	0.858004
1837	0.857786
1838	0.857569
1839	0.857351
1840	0.857135
1841	0.856918
1842	0.856702
1843	0.856486
1844	0.856271
1845	0.856056
1846	0.855842
1847	0.855628
1848	0.855414
1849	0.855201
1850	0.854988
1851	0.854776
1852	0.854564
1853	0.854352
1854	0.854141
1855	0.85393
1856	0.85372
1857	0.85351
1858	0.8533
1859	0.853091
1860	0.852882
1861	0.852674
1862	0.852466
1863	0.852259
1864	0.852051
1865	0.851845
1866	0.851638
1867	0.851432
1868	0.851227
1869	0.851022
1870	0.850817
1871	0.850613
1872	0.850409
1873	0.850206
1874	0.850002
1875	0.8498
1876	0.849597
1877	0.849396
1878	0.849194
1879	0.848993
1880	0.848792
1881	0.848592
1882	0.848392
1883	0.848193
1884	0.847994
1885	0.847795
1886	0.847597
1887	0.847399
1888	0.847201
1889	0.847004
1890	0.846808
1891	0.846611
1892	0.846416
1893	0.84622
1894	0.846025
1895	0.84583
1896	0.845636
1897	0.845442
1898	0.845249
1899	0.845055
1900	0.844863
1901	0.84467
1902	0.844479
1903	0.844287
1904	0.844096
1905	0.843905
1906	0.843715
1907	0.843525
1908	0.843335
1909	0.843146
1910	0.842957
1911	0.842769
1912	0.842581
1913	0.842393
1914	0.842206
1915	0.842019
1916	0.841832
1917	0.841646
1918	0.841461
1919	0.841275
1920	0.84109
1921	0.840906
1922	0.840722
1923	0.840538
1924	0.840354
1925	0.840171
1926	0.839989
1927	0.839806
1928	0.839624
1929	0.839443
1930	0.839262
1931	0.839081
1932	0.838901
1933	0.838721
1934	0.838541
1935	0.838362
1936	0.838183
1937	0.838004
1938	0.837826
1939	0.837648
1940	0.837471
1941	0.837294
1942	0.837117
1943	0.836941
1944	0.836765
1945	0.836589
1946	0.836414
1947	0.836239
1948	0.836065
1949	0.835891
1950	0.835717
1951	0.835544
1952	0.835371
1953	0.835198
1954	0.835026
1955	0.834854
1956	0.834682
1957	0.834511
1958	0.83434
1959	0.83417
1960	0.834
1961	0.83383
1962	0.833661
1963	0.833492
1964	0.833323
1965	0.833155
1966	0.832987
1967	0.832819
1968	0.832652
1969	0.832485
1970	0.832318
1971	0.832152
1972	0.831986
1973	0.831821
1974	0.831655
1975	0.831491
1976	0.831326
1977	0.831162
1978	0.830998
1979	0.830835
1980	0.830672
1981	0.830509
1982	0.830347
1983	0.830184
1984	0.830023
1985	0.829861
1986	0.8297
1987	0.82954
1988	0.829379
1989	0.829219
1990	0.829059
1991	0.8289
1992	0.828741
1993	0.828582
1994	0.828424
1995	0.828266
1996	0.828108
1997	0.827951
1998	0.827794
1999	0.827637
2000	0.827481
2001	0.827325
2002	0.827169
2003	0.827014
2004	0.826859
2005	0.826704
2006	0.82655
2007	0.826396
2008	0.826242
2009	0.826088
2010	0.825935
2011	0.825782
2012	0.82563
2013	0.825478
2014	0.825326
2015	0.825174
2016	0.825023
2017	0.824872
2018	0.824722
2019	0.824572
2020	0.824422
2021	0.824272
2022	0.824123
2023	0.823974
2024	0.823825
2025	0.823677
2026	0.823529
2027	0.823381
2028	0.823233
2029	0.823086
2030	0.822939
2031	0.822793
2032	0.822647
2033	0.822501
2034	0.822355
2035	0.82221
2036	0.822065
2037	0.82192
2038	0.821776
2039	0.821632
2040	0.821488
2041	0.821344
2042	0.821201
2043	0.821058
2044	0.820916
2045	0.820773
2046	0.820631
2047	0.820489
2048	0.820348
2049	0.820207
2050	0.820066
2051	0.819925
2052	0.819785
2053	0.819645
2054	0.819506
2055	0.819366
2056	0.819227
2057	0.819088
2058	0.81895
2059	0.818811
2060	0.818673
2061	0.818536
2062	0.818398
2063	0.818261
2064	0.818124
2065	0.817988
2066	0.817852
2067	0.817716
2068	0.81758
2069	0.817444
2070	0.817309
2071	0.817174
2072	0.81704
2073	0.816905
2074	0.816771
2075	0.816637
2076	0.816504
2077	0.816371
2078	0.816238
2079	0.816105
2080	0.815973
2081	0.81584
2082	0.815709
2083	0.815577
2084	0.815446
2085	0.815314
2086	0.815184
2087	0.815053
2088	0.814923
2089	0.814793
2090	0.814663
2091	0.814533
2092	0.814404
2093	0.814275
2094	0.814146
2095	0.814018
2096	0.81389
2097	0.813762
2098	0.813634
2099	0.813507
2100	0.813379
2101	0.813252
2102	0.813126
2103	0.812999
2104	0.812873
2105	0.812747
2106	0.812622
2107	0.812496
2108	0.812371
2109	0.812246
2110	0.812121
2111	0.811997
2112	0.811873
2113	0.811749
2114	0.811625
2115	0.811502
2116	0.811379
2117	0.811256
2118	0.811133
2119	0.81101
2120	0.810888
2121	0.810766
2122	0.810645
2123	0.810523
2124	0.810402
2125	0.810281
2126	0.81016
2127	0.810039
2128	0.809919
2129	0.809799
2130	0.809679
2131	0.80956
2132	0.80944
2133	0.809321
2134	0.809202
2135	0.809084
2136	0.808965
2137	0.808847
2138	0.808729
2139	0.808611
2140	0.808494
2141	0.808376
2142	0.808259
2143	0.808142
2144	0.808026
2145	0.807909
2146	0.807793
2147	0.807677
2148	0.807562
2149	0.807446
2150	0.807331
2151	0.807216
2152	0.807101
2153	0.806986
2154	0.806872
2155	0.806758
2156	0.806644
2157	0.80653
2158	0.806417
2159	0.806303
2160	0.80619
2161	0.806077
2162	0.805965
2163	0.805852
2164	0.80574
2165	0.805628
2166	0.805516
2167	0.805405
2168	0.805293
2169	0.805182
2170	0.805071
2171	0.804961
2172	0.80485
2173	0.80474
2174	0.80463
2175	0.80452
2176	0.80441
2177	0.804301
2178	0.804191
2179	0.804082
2180	0.803973
2181	0.803865
2182	0.803756
2183	0.803648
2184	0.80354
2185	0.803432
2186	0.803324
2187	0.803217
2188	0.80311
2189	0.803002
2190	0.802896
2191	0.802789
2192	0.802682
2193	0.802576
2194	0.80247
2195	0.802364
2196	0.802259
2197	0.802153
2198	0.802048
2199	0.801943
2200	0.801838
2201	0.801733
2202	0.801629
2203	0.801524
2204	0.80142
2205	0.801316
2206	0.801212
2207	0.801109
2208	0.801005
2209	0.800902
2210	0.800799
2211	0.800696
2212	0.800594
2213	0.800491
2214	0.800389
2215	0.800287
2216	0.800185
2217	0.800083
2218	0.799982
2219	0.79988
2220	0.799779
2221	0.799678
2222	0.799577
2223	0.799477
2224	0.799376
2225	0.799276
2226	0.799176
2227	0.799076
2228	0.798976
2229	0.798877
2230	0.798777
2231	0.798678
2232	0.798579
2233	0.79848
2234	0.798382
2235	0.798283
2236	0.798185
2237	0.798087
2238	0.797989
2239	0.797891
2240	0.797793
2241	0.797696
2242	0.797599
2243	0.797502
2244	0.797405
2245	0.797308
2246	0.797211
2247	0.797115
2248	0.797018
2249	0.796922
2250	0.796826
2251	0.796731
2252	0.796635
2253	0.79654
2254	0.796444
2255	0.796349
2256	0.796254
2257	0.79616
2258	0.796065
2259	0.79597
2260	0.795876
2261	0.795782
2262	0.795688
2263	0.795594
2264	0.795501
2265	0.795407
2266	0.795314
2267	0.795221
2268	0.795128
2269	0.795035
2270	0.794942
2271	0.79485
2272	0.794757
2273	0.794665
2274	0.794573
2275	0.794481
2276	0.794389
2277	0.794298
2278	0.794206
2279	0.794115
2280	0.794024
2281	0.793933
2282	0.793842
2283	0.793751
2284	0.793661
2285	0.793571
2286	0.79348
2287	0.79339
2288	0.7933
2289	0.793211
2290	0.793121
2291	0.793031
2292	0.792942
2293	0.792853
2294	0.792764
2295	0.792675
2296	0.792586
2297	0.792498
2298	0.792409
2299	0.792321
2300	0.792233
2301	0.792145
2302	0.792057
2303	0.791969
2304	0.791882
2305	0.791794
2306	0.791707
2307	0.79162
2308	0.791533
2309	0.791446
2310	0.791359
2311	0.791273
2312	0.791186
2313	0.7911
2314	0.791014
2315	0.790928
2316	0.790842
2317	0.790756
2318	0.790671
2319	0.790585
2320	0.7905
2321	0.790415
2322	0.79033
2323	0.790245
2324	0.79016
2325	0.790075
2326	0.789991
2327	0.789906
2328	0.789822
2329	0.789738
2330	0.789654
2331	0.78957
2332	0.789486
2333	0.789403
2334	0.789319
2335	0.789236
2336	0.789153
2337	0.78907
2338	0.788987
2339	0.788904
2340	0.788822
2341	0.788739
2342	0.788657
2343	0.788574
2344	0.788492
2345	0.78841
2346	0.788328
2347	0.788247
2348	0.788165
2349	0.788083
2350	0.788002
2351	0.787921
2352	0.78784
2353	0.787759
2354	0.787678
2355	0.787597
2356	0.787516
2357	0.787436
2358	0.787356
2359	0.787275
2360	0.787195
2361	0.787115
2362	0.787035
2363	0.786956
2364	0.786876
2365	0.786796
2366	0.786717
2367	0.786638
2368	0.786559
2369	0.786479
2370	0.786401
2371	0.786322
2372	0.786243
2373	0.786165
2374	0.786086
2375	0.786008
2376	0.78593
2377	0.785851
2378	0.785773
2379	0.785696
2380	0.785618
2381	0.78554
2382	0.785463
2383	0.785385
2384	0.785308
2385	0.785231
2386	0.785154
2387	0.785077
2388	0.785
2389	0.784923
2390	0.784847
2391	0.78477
2392	0.784694
2393	0.784618
2394	0.784542
2395	0.784466
2396	0.78439
2397	0.784314
2398	0.784238
2399	0.784163
2400	0.784087
2401	0.784012
2402	0.783937
2403	0.783861
2404	0.783786
2405	0.783711
2406	0.783637
2407	0.783562
2408	0.783487
2409	0.783413
2410	0.783338
2411	0.783264
2412	0.78319
2413	0.783116
2414	0.783042
2415	0.782968
2416	0.782894
2417	0.782821
2418	0.782747
2419	0.782674
2420	0.782601
2421	0.782527
2422	0.782454
2423	0.782381
2424	0.782308
2425	0.782235
2426	0.782163
2427	0.78209
2428	0.782018
2429	0.781945
2430	0.781873
2431	0.781801
2432	0.781729
2433	0.781657
2434	0.781585
2435	0.781513
2436	0.781441
2437	0.78137
2438	0.781298
2439	0.781227
2440	0.781156
2441	0.781085
2442	0.781013
2443	0.780943
2444	0.780872
2445	0.780801
2446	0.78073
2447	0.78066
2448	0.780589
2449	0.780519
2450	0.780448
2451	0.780378
2452	0.780308
2453	0.780238
2454	0.780168
2455	0.780098
2456	0.780029
2457	0.779959
2458	0.77989
2459	0.77982
2460	0.779751
2461	0.779682
2462	0.779612
2463	0.779543
2464	0.779474
2465	0.779405
2466	0.779337
2467	0.779268
2468	0.779199
2469	0.779131
2470	0.779063
2471	0.778994
2472	0.778926
2473	0.778858
2474	0.77879
2475	0.778722
2476	0.778654
2477	0.778586
2478	0.778519
2479	0.778451
2480	0.778384
2481	0.778316
2482	0.778249
2483	0.778182
2484	0.778114
2485	0.778047
2486	0.77798
2487	0.777914
2488	0.777847
2489	0.77778
2490	0.777714
2491	0.777647
2492	0.777581
2493	0.777514
2494	0.777448
2495	0.777382
2496	0.777316
2497	0.77725
2498	0.777184
2499	0.777118
2500	0.777052
2501	0.776987
2502	0.776921
2503	0.776856
2504	0.77679
2505	0.776725
2506	0.77666
2507	0.776595
2508	0.776529
2509	0.776464
2510	0.7764
2511	0.776335
2512	0.77627
2513	0.776205
2514	0.776141
2515	0.776076
2516	0.776012
2517	0.775948
2518	0.775883
2519	0.775819
2520	0.775755
2521	0.775691
2522	0.775627
2523	0.775564
2524	0.7755
2525	0.775436
2526	0.775373
2527	0.775309
2528	0.775246
2529	0.775182
2530	0.775119
2531	0.775056
2532	0.774993
2533	0.77493
2534	0.774867
2535	0.774804
2536	0.774741
2537	0.774678
2538	0.774616
2539	0.774553
2540	0.774491
2541	0.774428
2542	0.774366
2543	0.774304
2544	0.774242
2545	0.77418
2546	0.774118
2547	0.774056
2548	0.773994
2549	0.773932
2550	0.77387
2551	0.773809
2552	0.773747
2553	0.773686
2554	0.773624
2555	0.773563
2556	0.773502
2557	0.773441
2558	0.77338
2559	0.773318
2560	0.773258
2561	0.773197
2562	0.773136
2563	0.773075
2564	0.773014
2565	0.772954
2566	0.772893
2567	0.772833
2568	0.772773
2569	0.772712
2570	0.772652
2571	0.772592
2572	0.772532
2573	0.772472
2574	0.772412
2575	0.772352
2576	0.772292
2577	0.772233
2578	0.772173
2579	0.772113
2580	0.772054
2581	0.771994
2582	0.771935
2583	0.771876
2584	0.771817
2585	0.771757
2586	0.771698
2587	0.771639
2588	0.77158
2589	0.771522
2590	0.771463
2591	0.771404
2592	0.771345
2593	0.771287
2594	0.771228
2595	0.77117
2596	0.771111
2597	0.771053
2598	0.770995
2599	0.770937
2600	0.770879
2601	0.770821
2602	0.770763
2603	0.770705
2604	0.770647
2605	0.770589
2606	0.770531
2607	0.770474
2608	0.770416
2609	0.770359
2610	0.770301
2611	0.770244
2612	0.770187
2613	0.770129
2614	0.770072
2615	0.770015
2616	0.769958
2617	0.769901
2618	0.769844
2619	0.769787
2620	0.769731
2621	0.769674
2622	0.769617
2623	0.769561
2624	0.769504
2625	0.769448
2626	0.769391
2627	0.769335
2628	0.769279
2629	0.769222
2630	0.769166
2631	0.76911
2632	0.769054
2633	0.768998
2634	0.768942
2635	0.768886
2636	0.768831
2637	0.768775
2638	0.768719
2639	0.768664
2640	0.768608
2641	0.768553
2642	0.768497
2643	0.768442
2644	0.768387
2645	0.768332
2646	0.768277
2647	0.768221
2648	0.768166
2649	0.768112
2650	0.768057
2651	0.768002
2652	0.767947
2653	0.767892
2654	0.767838
2655	0.767783
2656	0.767729
2657	0.767674
2658	0.76762
2659	0.767565
2660	0.767511
2661	0.767457
2662	0.767403
2663	0.767348
2664	0.767294
2665	0.76724
2666	0.767187
2667	0.767133
2668	0.767079
2669	0.767025
2670	0.766971
2671	0.766918
2672	0.766864
2673	0.766811
2674	0.766757
2675	0.766704
2676	0.76665
2677	0.766597
2678	0.766544
2679	0.766491
2680	0.766438
2681	0.766384
2682	0.766331
2683	0.766278
2684	0.766226
2685	0.766173
2686	0.76612
2687	0.766067
2688	0.766015
2689	0.765962
2690	0.765909
2691	0.765857
2692	0.765804
2693	0.765752
2694	0.7657
2695	0.765647
2696	0.765595
2697	0.765543
2698	0.765491
2699	0.765439
2700	0.765387
2701	0.765335
2702	0.765283
2703	0.765231
2704	0.765179
2705	0.765128
2706	0.765076
2707	0.765024
2708	0.764973
2709	0.764921
2710	0.76487
2711	0.764818
2712	0.764767
2713	0.764716
2714	0.764665
2715	0.764613
2716	0.764562
2717	0.764511
2718	0.76446
2719	0.764409
2720	0.764358
2721	0.764307
2722	0.764257
2723	0.764206
2724	0.764155
2725	0.764104
2726	0.764054
2727	0.764003
2728	0.763953
2729	0.763902
2730	0.763852
2731	0.763802
2732	0.763751
2733	0.763701
2734	0.763651
2735	0.763601
2736	0.763551
2737	0.763501
2738	0.763451
2739	0.763401
2740	0.763351
2741	0.763301
2742	0.763251
2743	0.763201
2744	0.763152
2745	0.763102
2746	0.763052
2747	0.763003
2748	0.762953
2749	0.762904
2750	0.762855
2751	0.762805
2752	0.762756
2753	0.762707
2754	0.762658
2755	0.762608
2756	0.762559
2757	0.76251
2758	0.762461
2759	0.762412
2760	0.762363
2761	0.762315
2762	0.762266
2763	0.762217
2764	0.762168
2765	0.76212
2766	0.762071
2767	0.762023
2768	0.761974
2769	0.761926
2770	0.761877
2771	0.761829
2772	0.761781
2773	0.761732
2774	0.761684
2775	0.761636
2776	0.761588
2777	0.76154
2778	0.761492
2779	0.761444
2780	0.761396
2781	0.761348
2782	0.7613
2783	0.761252
2784	0.761205
2785	0.761157
2786	0.761109
2787	0.761062
2788	0.761014
2789	0.760967
2790	0.760919
2791	0.760872
2792	0.760824
2793	0.760777
2794	0.76073
2795	0.760682
2796	0.760635
2797	0.760588
2798	0.760541
2799	0.760494
2800	0.760447
2801	0.7604
2802	0.760353
2803	0.760306
2804	0.760259
2805	0.760213
2806	0.760166
2807	0.760119
2808	0.760072
2809	0.760026
2810	0.759979
2811	0.759933
2812	0.759886
2813	0.75984
2814	0.759794
2815	0.759747
2816	0.759701
2817	0.759655
2818	0.759608
2819	0.759562
2820	0.759516
2821	0.75947
2822	0.759424
2823	0.759378
2824	0.759332
2825	0.759286
2826	0.75924
2827	0.759195
2828	0.759149
2829	0.759103
2830	0.759057
2831	0.759012
2832	0.758966
2833	0.758921
2834	0.758875
2835	0.75883
2836	0.758784
2837	0.758739
2838	0.758694
2839	0.758648
2840	0.758603
2841	0.758558
2842	0.758513
2843	0.758467
2844	0.758422
2845	0.758377
2846	0.758332
2847	0.758287
2848	0.758242
2849	0.758198
2850	0.758153
2851	0.758108
2852	0.758063
2853	0.758019
2854	0.757974
2855	0.757929
2856	0.757885
2857	0.75784
2858	0.757796
2859	0.757751
2860	0.757707
2861	0.757662
2862	0.757618
2863	0.757574
2864	0.757529
2865	0.757485
2866	0.757441
2867	0.757397
2868	0.757353
2869	0.757309
2870	0.757265
2871	0.757221
2872	0.757177
2873	0.757133
2874	0.757089
2875	0.757045
2876	0.757001
2877	0.756958
2878	0.756914
2879	0.75687
2880	0.756827
2881	0.756783
2882	0.75674
2883	0.756696
2884	0.756653
2885	0.756609
2886	0.756566
2887	0.756523
2888	0.756479
2889	0.756436
2890	0.756393
2891	0.75635
2892	0.756306
2893	0.756263
2894	0.75622
2895	0.756177
2896	0.756134
2897	0.756091
2898	0.756048
2899	0.756005
2900	0.755963
2901	0.75592
2902	0.755877
2903	0.755834
2904	0.755792
2905	0.755749
2906	0.755706
2907	0.755664
2908	0.755621
2909	0.755579
2910	0.755536
2911	0.755494
2912	0.755451
2913	0.755409
2914	0.755367
2915	0.755325
2916	0.755282
2917	0.75524
2918	0.755198
2919	0.755156
2920	0.755114
2921	0.755072
2922	0.75503
2923	0.754988
2924	0.754946
2925	0.754904
2926	0.754862
2927	0.75482
2928	0.754778
2929	0.754737
2930	0.754695
2931	0.754653
2932	0.754611
2933	0.75457
2934	0.754528
2935	0.754487
2936	0.754445
2937	0.754404
2938	0.754362
2939	0.754321
2940	0.75428
2941	0.754238
2942	0.754197
2943	0.754156
2944	0.754115
2945	0.754073
2946	0.754032
2947	0.753991
2948	0.75395
2949	0.753909
2950	0.753868
2951	0.753827
2952	0.753786
2953	0.753745
2954	0.753704
2955	0.753663
2956	0.753623
2957	0.753582
2958	0.753541
2959	0.7535
2960	0.75346
2961	0.753419
2962	0.753379
2963	0.753338
2964	0.753298
2965	0.753257
2966	0.753217
2967	0.753176
2968	0.753136
2969	0.753095
2970	0.753055
2971	0.753015
2972	0.752975
2973	0.752934
2974	0.752894
2975	0.752854
2976	0.752814
2977	0.752774
2978	0.752734
2979	0.752694
2980	0.752654
2981	0.752614
2982	0.752574
2983	0.752534
2984	0.752494
2985	0.752455
2986	0.752415
2987	0.752375
2988	0.752335
2989	0.752296
2990	0.752256
2991	0.752216
2992	0.752177
2993	0.752137
2994	0.752098
2995	0.752058
2996	0.752019
2997	0.75198
2998	0.75194
2999	0.751901
3000	0.751862
3001	0.751822
3002	0.751783
3003	0.751744
3004	0.751705
3005	0.751665
3006	0.751626
3007	0.751587
3008	0.751548
3009	0.751509
3010	0.75147
3011	0.751431
3012	0.751392
3013	0.751353
3014	0.751315
3015	0.751276
3016	0.751237
3017	0.751198
3018	0.75116
3019	0.751121
3020	0.751082
3021	0.751044
3022	0.751005
3023	0.750966
3024	0.750928
3025	0.750889
3026	0.750851
3027	0.750812
3028	0.750774
3029	0.750736
3030	0.750697
3031	0.750659
3032	0.750621
3033	0.750582
3034	0.750544
3035	0.750506
3036	0.750468
3037	0.75043
3038	0.750392
3039	0.750354
3040	0.750315
3041	0.750277
3042	0.75024
3043	0.750202
3044	0.750164
3045	0.750126
3046	0.750088
3047	0.75005
3048	0.750012
3049	0.749975
3050	0.749937
3051	0.749899
3052	0.749861
3053	0.749824
3054	0.749786
3055	0.749749
3056	0.749711
3057	0.749674
3058	0.749636
3059	0.749599
3060	0.749561
3061	0.749524
3062	0.749486
3063	0.749449
3064	0.749412
3065	0.749374
3066	0.749337
3067	0.7493
3068	0.749263
3069	0.749226
3070	0.749188
3071	0.749151
3072	0.749114
3073	0.749077
3074	0.74904
3075	0.749003
3076	0.748966
3077	0.748929
3078	0.748892
3079	0.748856
3080	0.748819
3081	0.748782
3082	0.748745
3083	0.748708
3084	0.748672
3085	0.748635
3086	0.748598
3087	0.748562
3088	0.748525
3089	0.748489
3090	0.748452
3091	0.748415
3092	0.748379
3093	0.748343
3094	0.748306
3095	0.74827
3096	0.748233
3097	0.748197
3098	0.748161
3099	0.748124
3100	0.748088
3101	0.748052
3102	0.748016
3103	0.747979
3104	0.747943
3105	0.747907
3106	0.747871
3107	0.747835
3108	0.747799
3109	0.747763
3110	0.747727
3111	0.747691
3112	0.747655
3113	0.747619
3114	0.747583
3115	0.747547
3116	0.747512
3117	0.747476
3118	0.74744
3119	0.747404
3120	0.747369
3121	0.747333
3122	0.747297
3123	0.747262
3124	0.747226
3125	0.747191
3126	0.747155
3127	0.747119
3128	0.747084
3129	0.747049
3130	0.747013
3131	0.746978
3132	0.746942
3133	0.746907
3134	0.746872
3135	0.746836
3136	0.746801
3137	0.746766
3138	0.746731
3139	0.746695
3140	0.74666
3141	0.746625
3142	0.74659
3143	0.746555
3144	0.74652
3145	0.746485
3146	0.74645
3147	0.746415
3148	0.74638
3149	0.746345
3150	0.74631
3151	0.746275
3152	0.74624
3153	0.746206
3154	0.746171
3155	0.746136
3156	0.746101
3157	0.746067
3158	0.746032
3159	0.745997
3160	0.745963
3161	0.745928
3162	0.745893
3163	0.745859
3164	0.745824
3165	0.74579
3166	0.745755
3167	0.745721
3168	0.745687
3169	0.745652
3170	0.745618
3171	0.745583
3172	0.745549
3173	0.745515
3174	0.745481
3175	0.745446
3176	0.745412
3177	0.745378
3178	0.745344
3179	0.74531
3180	0.745275
3181	0.745241
3182	0.745207
3183	0.745173
3184	0.745139
3185	0.745105
3186	0.745071
3187	0.745037
3188	0.745003
3189	0.74497
3190	0.744936
3191	0.744902
3192	0.744868
3193	0.744834
3194	0.744801
3195	0.744767
3196	0.744733
3197	0.744699
3198	0.744666
3199	0.744632
3200	0.744599
3201	0.744565
3202	0.744531
3203	0.744498
3204	0.744464
3205	0.744431
3206	0.744397
3207	0.744364
3208	0.744331
3209	0.744297
3210	0.744264
3211	0.74423
3212	0.744197
3213	0.744164
3214	0.744131
3215	0.744097
3216	0.744064
3217	0.744031
3218	0.743998
3219	0.743965
3220	0.743931
3221	0.743898
3222	0.743865
3223	0.743832
3224	0.743799
3225	0.743766
3226	0.743733
3227	0.7437
3228	0.743667
3229	0.743634
3230	0.743602
3231	0.743569
3232	0.743536
3233	0.743503
3234	0.74347
3235	0.743438
3236	0.743405
3237	0.743372
3238	0.743339
3239	0.743307
3240	0.743274
3241	0.743242
3242	0.743209
3243	0.743176
3244	0.743144
3245	0.743111
3246	0.743079
3247	0.743046
3248	0.743014
3249	0.742981
3250	0.742949
3251	0.742917
3252	0.742884
3253	0.742852
3254	0.74282
3255	0.742787
3256	0.742755
3257	0.742723
3258	0.742691
3259	0.742658
3260	0.742626
3261	0.742594
3262	0.742562
3263	0.74253
3264	0.742498
3265	0.742466
3266	0.742434
3267	0.742402
3268	0.74237
3269	0.742338
3270	0.742306
3271	0.742274
3272	0.742242
3273	0.74221
3274	0.742178
3275	0.742146
3276	0.742115
3277	0.742083
3278	0.742051
3279	0.742019
3280	0.741988
3281	0.741956
3282	0.741924
3283	0.741893
3284	0.741861
3285	0.741829
3286	0.741798
3287	0.741766
3288	0.741735
3289	0.741703
3290	0.741672
3291	0.74164
3292	0.741609
3293	0.741577
3294	0.741546
3295	0.741515
3296	0.741483
3297	0.741452
3298	0.74142
3299	0.741389
3300	0.741358
3301	0.741327
3302	0.741295
3303	0.741264
3304	0.741233
3305	0.741202
3306	0.741171
3307	0.74114
3308	0.741109
3309	0.741077
3310	0.741046
3311	0.741015
3312	0.740984
3313	0.740953
3314	0.740922
3315	0.740891
3316	0.740861
3317	0.74083
3318	0.740799
3319	0.740768
3320	0.740737
3321	0.740706
3322	0.740675
3323	0.740645
3324	0.740614
3325	0.740583
3326	0.740553
3327	0.740522
3328	0.740491
3329	0.740461
3330	0.74043
3331	0.740399
3332	0.740369
3333	0.740338
3334	0.740308
3335	0.740277
3336	0.740247
3337	0.740216
3338	0.740186
3339	0.740155
3340	0.740125
3341	0.740094
3342	0.740064
3343	0.740034
3344	0.740003
3345	0.739973
3346	0.739943
3347	0.739913
3348	0.739882
3349	0.739852
3350	0.739822
3351	0.739792
3352	0.739762
3353	0.739731
3354	0.739701
3355	0.739671
3356	0.739641
3357	0.739611
3358	0.739581
3359	0.739551
3360	0.739521
3361	0.739491
3362	0.739461
3363	0.739431
3364	0.739401
3365	0.739371
3366	0.739341
3367	0.739312
3368	0.739282
3369	0.739252
3370	0.739222
3371	0.739192
3372	0.739163
3373	0.739133
3374	0.739103
3375	0.739073
3376	0.739044
3377	0.739014
3378	0.738985
3379	0.738955
3380	0.738925
3381	0.738896
3382	0.738866
3383	0.738837
3384	0.738807
3385	0.738778
3386	0.738748
3387	0.738719
3388	0.738689
3389	0.73866
3390	0.738631
3391	0.738601
3392	0.738572
3393	0.738542
3394	0.738513
3395	0.738484
3396	0.738455
3397	0.738425
3398	0.738396
3399	0.738367
3400	0.738338
3401	0.738309
3402	0.738279
3403	0.73825
3404	0.738221
3405	0.738192
3406	0.738163
3407	0.738134
3408	0.738105
3409	0.738076
3410	0.738047
3411	0.738018
3412	0.737989
3413	0.73796
3414	0.737931
3415	0.737902
3416	0.737873
3417	0.737844
3418	0.737816
3419	0.737787
3420	0.737758
3421	0.737729
3422	0.7377
3423	0.737672
3424	0.737643
3425	0.737614
3426	0.737586
3427	0.737557
3428	0.737528
3429	0.7375
3430	0.737471
3431	0.737442
3432	0.737414
3433	0.737385
3434	0.737357
3435	0.737328
3436	0.7373
3437	0.737271
3438	0.737243
3439	0.737214
3440	0.737186
3441	0.737158
3442	0.737129
3443	0.737101
3444	0.737072
3445	0.737044
3446	0.737016
3447	0.736988
3448	0.736959
3449	0.736931
3450	0.736903
3451	0.736875
3452	0.736846
3453	0.736818
3454	0.73679
3455	0.736762
3456	0.736734
3457	0.736706
3458	0.736678
3459	0.736649
3460	0.736621
3461	0.736593
3462	0.736565
3463	0.736537
3464	0.736509
3465	0.736481
3466	0.736454
3467	0.736426
3468	0.736398
3469	0.73637
3470	0.736342
3471	0.736314
3472	0.736286
3473	0.736258
3474	0.736231
3475	0.736203
3476	0.736175
3477	0.736147
3478	0.73612
3479	0.736092
3480	0.736064
3481	0.736037
3482	0.736009
3483	0.735981
3484	0.735954
3485	0.735926
3486	0.735899
3487	0.735871
3488	0.735843
3489	0.735816
3490	0.735788
3491	0.735761
3492	0.735733
3493	0.735706
3494	0.735679
3495	0.735651
3496	0.735624
3497	0.735596
3498	0.735569
3499	0.735542
3500	0.735514
3501	0.735487
3502	0.73546
3503	0.735432
3504	0.735405
3505	0.735378
3506	0.735351
3507	0.735324
3508	0.735296
3509	0.735269
3510	0.735242
3511	0.735215
3512	0.735188
3513	0.735161
3514	0.735134
3515	0.735107
3516	0.735079
3517	0.735052
3518	0.735025
3519	0.734998
3520	0.734971
3521	0.734944
3522	0.734918
3523	0.734891
3524	0.734864
3525	0.734837
3526	0.73481
3527	0.734783
3528	0.734756
3529	0.734729
3530	0.734703
3531	0.734676
3532	0.734649
3533	0.734622
3534	0.734596
3535	0.734569
3536	0.734542
3537	0.734515
3538	0.734489
3539	0.734462
3540	0.734435
3541	0.734409
3542	0.734382
3543	0.734356
3544	0.734329
3545	0.734303
3546	0.734276
3547	0.73425
3548	0.734223
3549	0.734197
3550	0.73417
3551	0.734144
3552	0.734117
3553	0.734091
3554	0.734064
3555	0.734038
3556	0.734012
3557	0.733985
3558	0.733959
3559	0.733933
3560	0.733906
3561	0.73388
3562	0.733854
3563	0.733828
3564	0.733801
3565	0.733775
3566	0.733749
3567	0.733723
3568	0.733697
3569	0.73367
3570	0.733644
3571	0.733618
3572	0.733592
3573	0.733566
3574	0.73354
3575	0.733514
3576	0.733488
3577	0.733462
3578	0.733436
3579	0.73341
3580	0.733384
3581	0.733358
3582	0.733332
3583	0.733306
3584	0.73328
3585	0.733254
3586	0.733228
3587	0.733202
3588	0.733177
3589	0.733151
3590	0.733125
3591	0.733099
3592	0.733073
3593	0.733048
3594	0.733022
3595	0.732996
3596	0.73297
3597	0.732945
3598	0.732919
3599	0.732893
3600	0.732868
3601	0.732842
3602	0.732817
3603	0.732791
3604	0.732765
3605	0.73274
3606	0.732714
3607	0.732689
3608	0.732663
3609	0.732638
3610	0.732612
3611	0.732587
3612	0.732561
3613	0.732536
3614	0.73251
3615	0.732485
3616	0.73246
3617	0.732434
3618	0.732409
3619	0.732384
3620	0.732358
3621	0.732333
3622	0.732308
3623	0.732282
3624	0.732257
3625	0.732232
3626	0.732207
3627	0.732181
3628	0.732156
3629	0.732131
3630	0.732106
3631	0.732081
3632	0.732055
3633	0.73203
3634	0.732005
3635	0.73198
3636	0.731955
3637	0.73193
3638	0.731905
3639	0.73188
3640	0.731855
3641	0.73183
3642	0.731805
3643	0.73178
3644	0.731755
3645	0.73173
3646	0.731705
3647	0.73168
3648	0.731655
3649	0.73163
3650	0.731605
3651	0.731581
3652	0.731556
3653	0.731531
3654	0.731506
3655	0.731481
3656	0.731457
3657	0.731432
3658	0.731407
3659	0.731382
3660	0.731358
3661	0.731333
3662	0.731308
3663	0.731284
3664	0.731259
3665	0.731234
3666	0.73121
3667	0.731185
3668	0.73116
3669	0.731136
3670	0.731111
3671	0.731087
3672	0.731062
3673	0.731038
3674	0.731013
3675	0.730989
3676	0.730964
3677	0.73094
3678	0.730915
3679	0.730891
3680	0.730866
3681	0.730842
3682	0.730818
3683	0.730793
3684	0.730769
3685	0.730745
3686	0.73072
3687	0.730696
3688	0.730672
3689	0.730647
3690	0.730623
3691	0.730599
3692	0.730575
3693	0.73055
3694	0.730526
3695	0.730502
3696	0.730478
3697	0.730454
3698	0.730429
3699	0.730405
3700	0.730381
3701	0.730357
3702	0.730333
3703	0.730309
3704	0.730285
3705	0.730261
3706	0.730237
3707	0.730213
3708	0.730189
3709	0.730165
3710	0.730141
3711	0.730117
3712	0.730093
3713	0.730069
3714	0.730045
3715	0.730021
3716	0.729997
3717	0.729973
3718	0.729949
3719	0.729926
3720	0.729902
3721	0.729878
3722	0.729854
3723	0.72983
3724	0.729807
3725	0.729783
3726	0.729759
3727	0.729735
3728	0.729712
3729	0.729688
3730	0.729664
3731	0.729641
3732	0.729617
3733	0.729593
3734	0.72957
3735	0.729546
3736	0.729522
3737	0.729499
3738	0.729475
3739	0.729452
3740	0.729428
3741	0.729405
3742	0.729381
3743	0.729357
3744	0.729334
3745	0.72931
3746	0.729287
3747	0.729264
3748	0.72924
3749	0.729217
3750	0.729193
3751	0.72917
3752	0.729146
3753	0.729123
3754	0.7291
3755	0.729076
3756	0.729053
3757	0.72903
3758	0.729006
3759	0.728983
3760	0.72896
3761	0.728937
3762	0.728913
3763	0.72889
3764	0.728867
3765	0.728844
3766	0.728821
3767	0.728797
3768	0.728774
3769	0.728751
3770	0.728728
3771	0.728705
3772	0.728682
3773	0.728659
3774	0.728635
3775	0.728612
3776	0.728589
3777	0.728566
3778	0.728543
3779	0.72852
3780	0.728497
3781	0.728474
3782	0.728451
3783	0.728428
3784	0.728405
3785	0.728382
3786	0.72836
3787	0.728337
3788	0.728314
3789	0.728291
3790	0.728268
3791	0.728245
3792	0.728222
3793	0.728199
3794	0.728177
3795	0.728154
3796	0.728131
3797	0.728108
3798	0.728085
3799	0.728063
3800	0.72804
3801	0.728017
3802	0.727995
3803	0.727972
3804	0.727949
3805	0.727927
3806	0.727904
3807	0.727881
3808	0.727859
3809	0.727836
3810	0.727813
3811	0.727791
3812	0.727768
3813	0.727746
3814	0.727723
3815	0.727701
3816	0.727678
3817	0.727656
3818	0.727633
3819	0.727611
3820	0.727588
3821	0.727566
3822	0.727543
3823	0.727521
3824	0.727498
3825	0.727476
3826	0.727453
3827	0.727431
3828	0.727409
3829	0.727386
3830	0.727364
3831	0.727342
3832	0.727319
3833	0.727297
3834	0.727275
3835	0.727253
3836	0.72723
3837	0.727208
3838	0.727186
3839	0.727164
3840	0.727141
3841	0.727119
3842	0.727097
3843	0.727075
3844	0.727053
3845	0.72703
3846	0.727008
3847	0.726986
3848	0.726964
3849	0.726942
3850	0.72692
3851	0.726898
3852	0.726876
3853	0.726854
3854	0.726832
3855	0.72681
3856	0.726788
3857	0.726766
3858	0.726744
3859	0.726722
3860	0.7267
3861	0.726678
3862	0.726656
3863	0.726634
3864	0.726612
3865	0.72659
3866	0.726568
3867	0.726546
3868	0.726524
3869	0.726503
3870	0.726481
3871	0.726459
3872	0.726437
3873	0.726415
3874	0.726394
3875	0.726372
3876	0.72635
3877	0.726328
3878	0.726307
3879	0.726285
3880	0.726263
3881	0.726241
3882	0.72622
3883	0.726198
3884	0.726176
3885	0.726155
3886	0.726133
3887	0.726111
3888	0.72609
3889	0.726068
3890	0.726047
3891	0.726025
3892	0.726004
3893	0.725982
3894	0.72596
3895	0.725939
3896	0.725917
3897	0.725896
3898	0.725874
3899	0.725853
3900	0.725831
3901	0.72581
3902	0.725789
3903	0.725767
3904	0.725746
3905	0.725724
3906	0.725703
3907	0.725682
3908	0.72566
3909	0.725639
3910	0.725617
3911	0.725596
3912	0.725575
3913	0.725553
3914	0.725532
3915	0.725511
3916	0.72549
3917	0.725468
3918	0.725447
3919	0.725426
3920	0.725405
3921	0.725383
3922	0.725362
3923	0.725341
3924	0.72532
3925	0.725299
3926	0.725278
3927	0.725256
3928	0.725235
3929	0.725214
3930	0.725193
3931	0.725172
3932	0.725151
3933	0.72513
3934	0.725109
3935	0.725088
3936	0.725067
3937	0.725046
3938	0.725025
3939	0.725004
3940	0.724983
3941	0.724962
3942	0.724941
3943	0.72492
3944	0.724899
3945	0.724878
3946	0.724857
3947	0.724836
3948	0.724815
3949	0.724794
3950	0.724773
3951	0.724753
3952	0.724732
3953	0.724711
3954	0.72469
3955	0.724669
3956	0.724648
3957	0.724628
3958	0.724607
3959	0.724586
3960	0.724565
3961	0.724545
3962	0.724524
3963	0.724503
3964	0.724482
3965	0.724462
3966	0.724441
3967	0.72442
3968	0.7244
3969	0.724379
3970	0.724358
3971	0.724338
3972	0.724317
3973	0.724297
3974	0.724276
3975	0.724255
3976	0.724235
3977	0.724214
3978	0.724194
3979	0.724173
3980	0.724153
3981	0.724132
3982	0.724112
3983	0.724091
3984	0.724071
3985	0.72405
3986	0.72403
3987	0.724009
3988	0.723989
3989	0.723968
3990	0.723948
3991	0.723928
3992	0.723907
3993	0.723887
3994	0.723866
3995	0.723846
3996	0.723826
3997	0.723805
3998	0.723785
3999	0.723765
4000	0.723744
4001	0.723724
