HL1
n1	-0.0896565	0.110343	-0.113902	0.112404	-0.0811014
n2	-0.0960313	0.103969	0.0929753	0.101741	0.102509
n3	-0.0905432	-0.0905432	0.0887902	-0.0891646	0.116639
n4	-0.0911131	-0.0911131	0.0895196	0.110248	-0.0842484
n5	0.110252	-0.0897485	0.0873635	0.111843	-0.081851
n6	0.0962033	0.0962033	-0.0976256	-0.0994568	0.100829
n7	-0.0896561	-0.0896561	-0.112398	-0.0884337	0.117751
n8	-0.113158	-0.113158	-0.0898134	0.087887	0.0812004
n9	0.110343	-0.0896565	-0.113902	0.112404	-0.0811014
n10	0.104049	0.104049	-0.107791	0.102037	-0.0972062
OL
n1	0.106967	0.106003	0.0812977	0.0743544	0.0897913	-0.0765996	0.0861418	-0.109755	0.106967	0.119231
n2	0.101065	-0.0893218	0.0907395	0.0847163	0.094754	0.110078	0.100689	-0.0919615	0.101065	-0.0959644
