HL1
n1	-0.648	0.748	-0.618	0.391	0.598	-0.962
n2	-0.474	-0.965	0.569	0.932	-0.643	-0.907
n3	0.431	-0.883	0.693	-0.234	-0.792	0.313
n4	-0.239	0.569	0.104	-0.296	0.548	-0.854
n5	0.057	0.705	-0.148	0.918	-0.128	0.138
n6	0.714	-0.499	-0.481	-0.053	0.882	-0.044
n7	-0.265	-0.052	-0.703	-0.609	-0.44	-0.636
n8	0.262	-0.354	0.271	-0.066	0.082	-0.57
n9	0.425	-0.054	-0.191	-0.246	-0.427	-0.133
n10	0.426	-0.055	0.969	0.62	-0.009	0.348
n11	0.157	-0.381	-0.15	-0.596	0.653	0.229
n12	-0.881	0.333	0.205	0.27	0.934	-0.83
n13	-0.952	-0.758	-0.373	0.699	0.057	-0.639
n14	0.156	-0.521	-0.294	-0.794	-0.208	-0.003
n15	0.75	0.417	-0.947	0.312	-0.713	-0.88
n16	-0.601	-0.124	0.44	0.173	-0.496	-0.021
n17	0.218	-0.508	-0.368	-0.609	-0.818	0.694
n18	0.629	0.698	0.194	-0.287	-0.246	0.303
n19	-0.541	-0.323	-0.964	-0.485	-0.433	0.344
n20	-0.845	0.252	0.636	-0.002	0.104	0.549
n21	-0.755	-0.015	-0.311	-0.148	-0.774	0.372
n22	0.662	0.321	0.344	0.374	-0.279	0.261
n23	0.339	-0.969	-0.555	-0.458	0.242	0.521
n24	-0.665	-0.27	-0.984	0.99	0.087	0.121
n25	-0.667	-0.489	0.678	-0.428	0.217	0.175
n26	-0.055	-0.77	0.046	0.935	-0.593	0.702
n27	0.973	-0.378	0.581	0.902	-0.262	-0.774
n28	-0.876	-0.129	-0.357	0.376	0.438	-0.92
n29	-0.096	0.896	0.999	-0.569	0.909	-0.142
n30	-0.65	0.069	-0.349	-0.967	-0.88	-0.401
n31	0.819	-0.422	-0.733	0.294	-0.412	0.13
n32	-0.053	0.549	-0.083	-0.212	-0.106	0.278
n33	0.123	0.733	0.913	-0.011	-0.858	0.019
n34	0.211	-0.552	-0.957	-0.164	0.858	0.769
n35	-0.959	0.817	0.324	0.25	0.412	-0.496
n36	0.858	0.691	0.458	-0.787	0.326	-0.128
n37	0.374	0.677	-0.48	-0.9	0.144	-0.772
n38	0.98	0.167	0.95	-0.244	0.062	0.034
n39	0.524	-0.217	-0.567	0.776	0.86	0.144
n40	-0.802	0.444	-0.698	-0.911	-0.189	-0.143
OL
n1	0.926	-0.987	0.162	0.779	-0.667	-0.551	0.059	0.815	-0.309	0.308	-0.211	0.882	-0.07	0.101	0.805	-0.319	0.543	-0.944	-0.752	0.591	-0.986	-0.358	0.919	0.877	0.105	-0.109	-0.806	-0.568	-0.423	-0.394	0.544	-0.538	-0.162	-0.966	-0.533	0.779	-0.168	0.729	0.948	-0.651
