HL1
n1	-1.79788	0.0200374	-0.859999	0.24	0.68	0.290037
n2	-0.717926	0.249992	0.47	0.4	-0.88	0.609992
n3	-1.23799	0.219996	-0.0999997	-0.28	0.69	-0.0700044
n4	-0.958051	0.379952	0.519998	0.46	0.17	-0.830048
n5	-0.457931	0.910005	-0.13	-0.6	0.37	0.600005
n6	-0.727941	0.170078	-0.199997	0.290001	-0.829999	-0.849922
n7	-1.85797	0.400018	-0.489999	0.5	0.19	0.590018
n8	-0.327995	-0.110055	-0.591311	-0.936641	-0.316641	0.13331
n9	-0.888216	0.703236	-0.223864	-0.337942	-0.477943	-1.38822
n10	-0.797729	-1.26773	-0.95793	-1.72794	-0.647939	-0.227728
n11	-1.35797	-0.907971	-0.0679439	-1.47794	-1.23794	-1.92797
n12	-1.5581	-0.228098	-0.597946	-1.63794	-1.80794	-1.2781
n13	-0.72773	-1.40773	-1.13793	-0.377939	-1.46794	-0.427728
n14	-0.597995	-1.608	-0.867945	-1.56794	-0.137941	-0.487996
n15	-0.507932	0.002068	-1.47794	-0.957941	-0.737941	-0.487932
n16	-1.27807	-1.66807	-1.17795	-1.85794	-1.39794	-0.318072
n17	0.0318934	-0.208107	0.0620544	-1.24794	-0.0379424	-1.51811
n18	-1.86792	-0.527917	-1.89794	-1.71794	-1.16794	-1.33792
n19	-0.947707	-0.947705	-0.307932	-0.847939	-0.357938	-0.897705
n20	-1.84787	-0.947874	0.0320595	-0.90794	-1.58794	-0.517872
HL2
n1	0.0120893	-0.66796	-1.19792	-0.137946	-1.64795	-0.387912	-0.207971	-1.70794	-1.76792	-1.82793	-0.0179273	-0.847967	-0.237949	-1.87793	-1.26794	-0.287912	-0.567955	-0.987916	-0.307964	-0.22794	-0.0379545
n2	-1.70806	-1.89787	-1.73804	0.0420786	-1.55789	-0.968055	-1.74782	-0.447947	-1.10801	-0.197983	-0.987994	-0.637835	-1.69791	-0.347966	-0.707952	-1.15805	-0.907884	-0.188038	0.0421501	-1.90794	-1.53789
n3	-0.547993	-0.297909	-0.757982	-0.487932	-0.367918	-0.0379909	-0.967889	-1.49794	-0.90797	-0.237959	-1.84796	-0.0778945	-1.07793	-0.617952	-1.76795	-0.70799	-0.117916	-0.0279832	-1.9079	-1.27794	-1.45792
n4	-0.697936	-1.09794	-0.0179372	-1.79794	-0.547943	-1.11794	-1.90795	-1.70794	-0.767938	-0.657939	-0.0579387	0.0220555	-0.0979419	-0.24794	-0.23794	-0.0879366	-1.20794	-0.647937	-0.687944	-0.787941	-1.12794
n5	-1.15805	0.0121263	-0.0280278	-1.73792	-1.22789	-0.968046	-0.867832	-1.27795	-1.268	-1.12798	-0.367989	-0.187844	-0.377912	-0.977964	-1.58795	-0.0180437	-0.397889	-0.37803	-0.347858	-1.39794	-1.86789
n6	-1.62802	-0.377895	-1.448	-1.83793	-0.497908	-1.83801	-1.10787	-1.78794	-0.757983	-0.907967	-1.52797	-1.64787	-0.127921	-0.347957	-0.807948	-0.648012	-1.49791	-0.848002	-1.15788	0.0520585	-1.04791
n7	-1.11795	-0.257932	-1.44795	-0.397938	-1.86793	-0.857954	-1.42793	-0.247941	-0.897949	-1.63795	-0.607947	-0.697928	-1.24794	-0.917944	-0.097942	-0.227954	-1.77793	-1.15795	-1.84793	-1.01794	-1.25793
n8	-0.367981	-1.81792	-0.487973	-1.07793	-0.0779235	-1.55798	-1.7979	-1.49794	-0.747963	-1.67795	-1.46796	-0.457905	-0.08793	-1.18795	0.0320556	-0.327979	-0.887922	-1.05797	-1.53791	-0.487941	-1.08792
n9	-1.11793	-1.05795	-0.497932	-1.15794	-1.69795	-1.57793	0.00204807	-1.12794	-0.0979344	-0.957937	-0.577936	-1.01795	-0.257944	-0.0779383	-0.93794	-0.69793	-0.547946	-0.227932	-0.967949	-0.477941	-1.85795
n10	-0.868042	-1.54788	-1.15802	-1.56792	-1.7479	-1.27804	-0.597839	-0.977946	-1.568	-1.69798	-0.717986	-1.24785	-0.0679136	-1.82796	-0.44795	-0.188037	-0.467892	-1.68802	-0.727863	-0.157942	-1.02789
n11	-1.80805	-1.08788	-0.878025	-0.487924	-1.0579	-0.568042	-1.14784	-1.82795	-0.218	-0.437978	-1.09799	-0.827847	-1.00791	-0.587963	-1.21795	-0.13804	-0.687891	-0.618027	-1.10786	-0.917942	0.0421077
n12	-0.00794193	-0.30794	-0.337942	-1.69794	-1.78794	-1.43794	-1.90794	-1.61794	-0.427941	-0.567941	-0.767941	-1.59794	-1.52794	-1.11794	-1.14794	-1.50794	-0.81794	-1.79794	-1.66794	-0.437941	-1.32794
n13	0.0621148	-0.797975	-0.807896	-1.87795	-1.27796	-0.0278873	0.0320038	-0.527938	-0.887909	-1.76792	-1.73792	0.0120101	-1.04796	-0.817929	-1.87794	0.0321118	-1.55797	-0.687895	-0.517983	-0.0679401	-1.43797
n14	-0.828014	-1.6879	-1.748	-1.46793	-1.17791	-1.53801	-0.627868	0.0720553	-0.557982	-1.70797	-0.187973	-1.10788	-0.0779212	-1.53796	-1.54795	0.0619902	-0.687906	-0.828	-1.32789	-1.85794	-1.44791
n15	-0.068057	-1.18787	-1.02803	-1.66792	-0.537891	-0.638053	-0.647824	-0.417947	-0.548006	-1.28798	-1.52799	-0.817838	-1.03791	-0.537965	-1.27795	-1.63805	-0.577886	-0.268036	-0.727852	-0.507942	-1.87789
n16	-1.43793	-0.187949	-0.24793	-1.26794	-1.31795	-1.48793	-1.51795	-0.59794	-1.81793	-0.697936	-0.987935	-1.00795	-1.80794	-0.0479378	-0.757939	-1.14793	-0.957947	-1.76793	-0.697951	-1.18794	-0.507947
n17	-1.55797	-1.04793	-0.42796	-0.207937	-1.11793	-1.05796	-1.31792	-1.09794	-1.90795	-0.0279493	-0.0779516	-1.20792	-1.01793	-1.00795	-0.607943	-1.89796	-1.62793	-0.687961	-0.957922	-1.01794	-0.517929
n18	-0.757956	0.0520686	0.0120472	-0.827938	-1.61793	-1.00796	-1.05793	-1.35794	-1.89795	-0.367946	-0.537947	-0.407927	-0.817937	-1.70794	-0.707942	-1.31795	-0.807934	0.00204698	-0.937929	-0.457941	-0.967934
n19	-1.09813	-0.147827	-0.0480885	-0.517911	-0.667861	-0.768119	-0.447756	-1.15795	0.0119548	-0.178006	-1.82802	-1.20778	-1.40789	-1.49798	-0.667958	-1.65812	-0.367853	-0.438091	-1.1378	-1.23794	-0.557856
n20	-1.85777	-0.318043	-0.287807	-1.37797	-1.79801	-0.69778	-0.0881077	-1.73793	-0.177846	-1.75788	-0.527866	-1.73809	-1.48799	0.0120945	-1.14793	-0.187783	-0.19802	-1.8978	-0.718068	-0.477939	-1.57802
OL
n1	-0.533791	0.286006	0.705859	-1.13417	0.236008	0.526224	0.0758517	0.45586	-0.364094	0.566205	0.585904	-0.0341668	-0.934122	0.255916	0.555918	-0.523753	-0.163932	-0.203986	0.666131	-1.02396
