HL1
n1	-0.0466587	-0.0469498	-0.0117996	-0.0100155	0.00997563	-0.0269498
n2	0.045591	0.0258891	-0.00822843	0.010015	0.0100236	0.0458736
n3	0.00299087	0.00307899	-0.00938532	0.0100052	-0.00999177	0.023094
n4	-0.0466645	-0.0469608	-0.0118081	0.00998449	0.00997563	-0.0269556
n5	0.0466813	0.0269881	0.0118251	-0.00998449	0.0100244	0.0469726
n6	0.0227969	0.00288302	-0.00939559	-0.00999485	0.0100081	0.00289853
n7	0.0466612	0.0269471	0.0117916	0.0100155	-0.00997562	0.0469523
n8	0.023933	0.00402816	0.0106602	0.0100056	0.0100089	0.00404367
n9	-0.0675831	-0.068046	0.00716467	0.00997545	0.00996142	-0.0680403
n10	-0.0188329	-0.0188785	0.00960615	-0.0100043	0.00999332	-0.0189031
n11	-0.0466793	-0.0469663	-0.0117939	0.00998449	-0.0100244	-0.0269705
n12	-0.00296655	-0.003054	0.00938726	0.00999478	0.00999179	-0.0230695
n13	-0.00410539	-0.00421217	-0.0106848	0.00999428	-0.010009	-0.0242174
n14	-0.0257349	-0.0460129	0.00825474	0.00998488	0.00997624	-0.0460186
n15	-0.0675844	-0.0680265	0.00719724	-0.0100245	0.00996142	-0.0680416
n16	-0.0257454	-0.0460047	0.00828381	-0.0100151	-0.0100237	-0.0460293
n17	0.00297513	0.00309326	-0.00933872	-0.00999477	-0.00999178	0.0230782
n18	0.0466718	0.046963	0.0118002	-0.0099845	-0.00997563	0.026963
n19	-0.0686348	-0.0691159	-0.0129024	-0.010025	0.00996072	-0.0691004
n20	0.0188611	0.0189565	-0.00952691	0.0100043	-0.0099933	0.0189315
n21	0.00298168	0.00308049	-0.00936884	0.0100052	-0.00999178	0.0230848
n22	0.0029886	0.0230865	-0.00937003	-0.00999477	0.0100082	0.00309173
n23	-0.0466634	-0.0269597	-0.011808	0.00998449	0.00997562	-0.0469545
n24	0.00410869	0.00423622	0.0107175	0.0100057	-0.00999101	0.0242207
n25	-0.0239284	-0.00404475	-0.0106933	0.00999436	-0.0100089	-0.00403903
n26	-0.00298116	-0.0230786	0.00937104	0.00999477	0.00999178	-0.00308423
n27	0.0199499	0.0200341	0.0104955	-0.00999526	-0.00999256	0.0200289
n28	0.0199627	0.020037	0.0104804	0.0100047	-0.00999255	0.0200418
n29	0.0239257	0.00403148	0.0106767	0.0100056	0.0100089	0.00403622
n30	-0.0228194	-0.00292682	0.00936124	0.00999484	-0.0100081	-0.00292118
n31	0.0686443	0.0691151	0.0128866	0.010025	-0.00996074	0.0691099
n32	0.0227884	0.00286493	-0.00941089	-0.00999485	-0.00999191	0.00288991
n33	-0.00299374	-0.0230969	0.00936155	0.00999476	-0.0100082	-0.00309691
n34	0.0686289	0.0691001	0.0128866	-0.009975	-0.00996071	0.0690944
n35	-0.0239476	-0.00406312	-0.0106927	-0.0100056	-0.0100089	-0.00405838
n36	0.0199607	0.020034	0.0104788	-0.00999526	-0.00999255	0.0200398
n37	0.00409406	0.0242112	0.0107007	0.0100057	-0.00999102	0.00420596
n38	-0.00298976	-0.0230779	0.00938538	-0.0100052	0.00999177	-0.0030929
n39	-0.045581	-0.0458635	0.0082533	-0.010015	-0.0100236	-0.0258635
n40	-0.0227984	-0.00289478	0.00937937	-0.0100052	0.0099919	-0.00290002
OL
n1	0.0705031	-0.0681416	-0.0184343	0.0705174	-0.0705537	-0.0180011	-0.0705035	-0.0204979	0.117345	0.029344	0.0705455	0.0183736	0.0208671	0.0684485	0.117342	0.0684769	-0.0183994	-0.0705362	0.119732	-0.0294191	-0.0184102	-0.0184307	0.0705127	-0.0208826	0.0204838	0.018411	-0.0318002	-0.0318277	-0.0204782	0.0180652	-0.119751	-0.0179835	0.0184385	-0.119716	0.0205347	-0.0318256	-0.0208451	0.0184295	0.0681157	0.0180097
