HL1
n1	-0.0110154	-0.0602852	-0.0124516	-0.0100339	0.00997582	-0.0402852
n2	0.0112462	0.0387363	-0.00759941	0.0100328	0.0100235	0.0587421
n3	-0.00783999	0.00716917	-0.00918631	0.0100109	-0.00999182	0.0271637
n4	-0.0110149	-0.0602922	-0.0124602	0.00996611	0.00997582	-0.0402932
n5	0.0110088	0.0403124	0.0124774	-0.00996607	0.0100242	0.0603181
n6	0.0158885	0.00560661	-0.00926306	-0.00999128	0.0100081	0.00560082
n7	0.0110142	0.0402879	0.0124437	0.0100339	-0.00997581	0.0602886
n8	0.0156731	0.00726215	0.0108177	0.0100099	0.0100089	0.00725635
n9	-0.00588129	-0.0903093	0.00607611	0.00994456	0.00996172	-0.0903089
n10	-0.00360588	-0.0246775	0.00932408	-0.0100122	0.0099934	-0.0246666
n11	-0.0110117	-0.0603194	-0.0124464	0.00996608	-0.0100242	-0.0403145
n12	0.00783669	-0.00713436	0.00918876	0.00998906	0.00999184	-0.0271285
n13	0.00806246	-0.00879165	-0.0109083	0.00998785	-0.010009	-0.0287905
n14	0.012526	-0.0602174	0.00756087	0.009965	0.00997642	-0.0602159
n15	-0.00588003	-0.0903174	0.00610844	-0.0100555	0.00996172	-0.0903102
n16	0.0125233	-0.0602408	0.00758952	-0.010035	-0.0100236	-0.06023
n17	-0.00784203	0.00713516	-0.00914033	-0.00998905	-0.00999183	0.0271424
n18	0.011017	0.060303	0.0124525	-0.00996614	-0.00997582	0.040303
n19	-0.0055923	-0.0917983	-0.0140121	-0.0100564	0.00996103	-0.0918041
n20	0.00359783	0.0246976	-0.00924478	0.0100122	-0.00999338	0.0247088
n21	-0.00784422	0.00715719	-0.00917004	0.0100109	-0.00999183	0.0271523
n22	-0.00784126	0.0271621	-0.00917117	-0.00998904	0.0100082	0.00716097
n23	-0.0110139	-0.0402909	-0.0124601	0.0099661	0.00997581	-0.0602921
n24	-0.00806393	0.00878995	0.0109409	0.0100121	-0.00999106	0.0287958
n25	-0.0156669	-0.00725059	-0.0108505	0.00999008	-0.0100088	-0.00725205
n26	0.00783931	-0.0271496	0.00917236	0.00998905	0.00999183	-0.00714988
n27	0.0033837	0.0262922	0.0108016	-0.00998658	-0.00999264	0.0262933
n28	0.00338252	0.0263165	0.010787	0.0100134	-0.00999263	0.0263114
n29	0.0156688	0.00725277	0.010834	0.0100099	0.0100088	0.00724753
n30	-0.0158871	-0.00563318	0.00922849	0.00999126	-0.0100081	-0.00563282
n31	0.00558875	0.0918178	0.0139965	0.0100564	-0.00996104	0.0918171
n32	0.0158925	0.00559869	-0.00927848	-0.0099913	-0.00999196	0.00558756
n33	0.0078438	-0.0271689	0.00916261	0.00998904	-0.0100082	-0.00716895
n34	0.00559433	0.0917954	0.0139963	-0.00994352	-0.00996101	0.0917952
n35	-0.0156681	-0.00727328	-0.0108503	-0.0100099	-0.0100089	-0.00727852
n36	0.00338417	0.0263096	0.0107853	-0.00998658	-0.00999263	0.026308
n37	-0.00806123	0.0287732	0.0109238	0.0100121	-0.00999107	0.00877435
n38	0.0078411	-0.0271679	0.00918638	-0.0100109	0.00999182	-0.00716245
n39	-0.0112485	-0.0587276	0.0076243	-0.0100328	-0.0100235	-0.0387276
n40	-0.015887	-0.00560466	0.00924692	-0.0100087	0.00999195	-0.00560351
OL
n1	0.0726909	-0.0698823	-0.0251884	0.0727012	-0.0727541	-0.0100213	-0.0727027	-0.0129716	0.12845	0.0319157	0.0727439	0.0251342	0.0281268	0.0849524	0.12846	0.084962	-0.0251633	-0.0727071	0.131278	-0.0319871	-0.0251878	-0.025186	0.0727044	-0.0281328	0.0129854	0.0251672	-0.0348364	-0.0348665	-0.0129747	0.0100584	-0.131307	-0.00999042	0.0252071	-0.131261	0.0130134	-0.0348545	-0.0280994	0.0251918	0.0698585	0.0100264
