HL1
n1	0.00922947	0.00822947	-0.0129682	-0.0106172	-0.0111715
n2	-0.0105217	0.00947827	-0.0131639	0.0123018	-0.0113879
n3	0.00812226	-0.0128777	0.00748963	-0.010617	-0.00943137
n4	-0.0147336	-0.0137336	-0.01289	0.0103276	-0.00957403
n5	0.00655399	0.00655399	-0.0153653	0.0103773	-0.00947449
n6	0.00589598	0.00689598	-0.0119459	-0.00866013	0.0104826
n7	-0.0102002	0.00879978	-0.0119293	-0.00958634	0.00894387
n8	0.00764602	0.00764602	-0.0141899	0.00937402	-0.0114758
n9	-0.0112155	-0.0102155	-0.0130006	0.0102981	-0.0103665
n10	-0.0110189	-0.0110189	-0.0134032	-0.00966825	0.00771815
n11	-0.0114783	0.00852167	0.00768709	-0.00970094	0.00861166
n12	0.00804147	-0.00895853	-0.00934235	0.00935956	-0.0112369
n13	-0.0121477	0.00985231	0.00733915	-0.00967595	0.00869147
n14	-0.0109867	0.00701331	-0.0118394	-0.00967173	0.0094701
n15	-0.0130273	-0.0130273	0.00621475	0.0103721	-0.00945718
n16	-0.0124994	0.00850058	-0.0115801	-0.00966105	-0.0085438
n17	0.0106252	0.00862521	0.0059121	-0.0116861	0.00564568
n18	-0.0132617	0.00773831	0.00891221	0.0123624	-0.00848677
n19	0.00746116	0.00746116	0.00950948	-0.00965511	0.0114701
n20	0.00760221	-0.0133978	0.00961222	0.00934354	-0.00852625
OL
n1	0.008	0.009	-0.008	-0.012	-0.012	-0.009	0.004	-0.011	0.012	0.008	0.011	0.008	0.009	-0.007	-0.007	-0.01	0.011	-0.01	-0.011	-0.011
