-0.72	2.02006
-0.64	72.8918
-0.6	146.073
-0.56	1636.46
-0.52	6102.17
-0.48	35485
-0.44	160876
-0.4	808840
-0.36	3.86374e+06
-0.32	1.76151e+07
-0.28	7.20585e+07
-0.24	2.60967e+08
-0.2	8.11453e+08
-0.16	2.12131e+09
-0.12	4.60862e+09
-0.08	8.19916e+09
-0.04	1.17166e+10
0	1.31935e+10
0.04	1.16758e+10
0.08	8.1712e+09
0.12	4.59841e+09
0.16	2.10887e+09
0.2	8.0558e+08
0.24	2.59776e+08
0.28	7.12852e+07
0.32	1.75073e+07
0.36	3.84729e+06
0.4	801225
0.44	159511
0.48	34893.9
0.52	6000.02
0.56	1601.58
0.6	142.253
0.64	71.2332
0.72	1.98186
