-0.72	2.01203
-0.64	72.3392
-0.6	144.833
-0.56	1623.96
-0.52	6058.78
-0.48	35231.9
-0.44	160829
-0.4	808720
-0.36	3.86847e+06
-0.32	1.76322e+07
-0.28	7.21594e+07
-0.24	2.61176e+08
-0.2	8.07624e+08
-0.16	2.11587e+09
-0.12	4.60109e+09
-0.08	8.19524e+09
-0.04	1.16678e+10
0	1.31895e+10
0.04	1.16777e+10
0.08	8.20144e+09
0.12	4.61953e+09
0.16	2.12497e+09
0.2	8.07997e+08
0.24	2.60735e+08
0.28	7.17734e+07
0.32	1.75534e+07
0.36	3.83306e+06
0.4	803641
0.44	160363
0.48	35278.1
0.52	6070.26
0.56	1627.98
0.6	144.116
0.64	72.4274
0.72	1.9987
