-2	2.37467
-1.92	243.116
-1.88	485.669
-1.84	13629.9
-1.8	53604.4
-1.76	591769
-1.72	3.09787e+06
-1.68	2.2675e+07
-1.64	1.30227e+08
-1.6	8.1387e+08
-1.56	4.62559e+09
-1.52	2.6826e+10
-1.48	1.48228e+11
-1.44	8.13089e+11
-1.4	4.42288e+12
-1.36	2.3156e+13
-1.32	1.21179e+14
-1.28	6.30616e+14
-1.24	3.24837e+15
-1.2	1.67889e+16
-1.16	8.48882e+16
-1.12	4.21542e+17
-1.08	2.06839e+18
-1.04	9.91712e+18
-1	4.64316e+19
-0.96	2.1003e+20
-0.92	9.23698e+20
-0.88	3.89197e+21
-0.84	1.57772e+22
-0.8	6.12345e+22
-0.76	2.28418e+23
-0.72	8.04191e+23
-0.68	2.71605e+24
-0.64	8.63328e+24
-0.6	2.62636e+25
-0.56	7.48241e+25
-0.52	2.01567e+26
-0.48	5.1053e+26
-0.44	1.21092e+27
-0.4	2.71136e+27
-0.36	5.65027e+27
-0.32	1.10276e+28
-0.28	1.99279e+28
-0.24	3.3442e+28
-0.2	5.21293e+28
-0.16	7.50134e+28
-0.12	9.97681e+28
-0.08	1.22356e+29
-0.04	1.38895e+29
0	1.44454e+29
0.04	1.38173e+29
0.08	1.2205e+29
0.12	9.94151e+28
0.16	7.44324e+28
0.2	5.17752e+28
0.24	3.32623e+28
0.28	1.97965e+28
0.32	1.09262e+28
0.36	5.647e+27
0.4	2.71502e+27
0.44	1.22008e+27
0.48	5.10517e+26
0.52	2.02019e+26
0.56	7.49944e+25
0.6	2.63309e+25
0.64	8.66525e+24
0.68	2.71736e+24
0.72	8.07612e+23
0.76	2.29868e+23
0.8	6.23566e+22
0.84	1.5979e+22
0.88	3.92325e+21
0.92	9.32738e+20
0.96	2.12193e+20
1	4.65589e+19
1.04	9.93973e+18
1.08	2.04837e+18
1.12	4.13806e+17
1.16	8.18934e+16
1.2	1.59025e+16
1.24	3.10404e+15
1.28	5.91841e+14
1.32	1.1266e+14
1.36	2.10202e+13
1.4	3.89998e+12
1.44	7.14496e+11
1.48	1.29598e+11
1.52	2.30689e+10
1.56	3.99784e+09
1.6	7.06665e+08
1.64	1.11938e+08
1.68	1.95577e+07
1.72	2.61235e+06
1.76	508508
1.8	45168.3
1.84	11729.3
1.88	424.189
1.92	214.449
2	2.124
