HL1
n1	0.548	0.07352	0.19335	0.71453	1.11688	0.09506
n2	-0.0592	-0.63241	-1.55166	0.28938	0.4913	-0.01515
n3	-0.3728	-0.28692	-0.6096	-0.78961	-1.21747	-0.03709
n4	-0.0574	0.82014	1.2892	-0.05417	-0.05466	0.01653
n5	0.4909	0.1156	0.05196	0.51779	0.8091	0.07936
n6	-0.1897	-0.4707	-0.74607	-0.50891	-0.76329	-0.03347
n7	0.2608	0.49322	1.06556	-0.26322	-0.39995	0.01721
n8	-0.1524	0.21664	0.27962	0.19587	0.29749	-0.04595
n9	-0.3656	-0.21088	-0.22591	-0.35963	-0.52534	-0.06212
n10	0.3814	0.33635	0.91832	-0.3297	-0.4844	0.05691
n11	-0.1289	0.32038	0.47044	0.11147	0.17698	-0.0203
n12	-0.4592	-0.1782	-0.31655	-0.67358	-1.02342	-0.07102
n13	0.1733	0.50505	1.6859	-0.40798	-0.57448	0.02713
n14	0.0941	0.38122	0.64617	-0.02494	-0.07284	0.06025
n15	0.3544	0.07361	-0.03113	0.28767	0.43666	0.05912
n16	-0.4425	-0.24666	-0.92855	0.37662	0.59073	-0.05777
n17	-0.1763	-0.40276	-0.54616	-0.30541	-0.52296	-0.04037
n18	0.3977	0.26599	0.96657	-0.35773	-0.59129	0.06349
n19	0.27967	0.35246	0.86523	-0.21141	-0.39268	0.06648
n20	-0.0245	0.28937	0.37597	0.09201	0.13455	-0.02822
OL
n1	3.19213	2.4168	-3.4933	-0.73821	2.4142	-2.16014	-1.8279	0.79048	-1.56293	-2.27486	0.36363	-3.02932	-2.91169	-0.52969	1.53341	2.56205	-1.42525	-2.5397	-1.78269	0.02537
