HL1
n1	0	0.0008	0.0009	-0.0007	0.001	-0.0005
n2	0	-0.0004	0.0004	-0.0009	0.0003	-0.0002
n3	0	0.0008	-0.0001	-0.0009	0.001	-0.0003
n4	0	-0.0008	-0.0009	-0.0007	-0.0006	-0.0008
n5	0	0.0009	-0.0003	-0.0005	-0.0008	-0.0001
n6	0	-0.0004	0.0005	0.0004	-0.0005	-0.0004
n7	0	0.0006	-0.0002	0.0009	0.0008	0.0008
n8	0	-0.0009	-0.0009	0.0005	-0.0004	0.0002
n9	0	-0.0002	-0.0006	-0.0001	0.0001	-0.0004
n10	0	0.0006	-0.0007	-0.0002	-0.0001	0.0001
OL
n1	-0.0004	0.0006	-0.0001	0.0002	-0.0002	-0.0006	0.0007	0.0003	-0.0001	0.0005
