HL1
n1	0.01107	-0.00332	0.05299	-0.01062	0.02892	-0.00551
n2	0.00865	-0.00035	-0.01703	0.00575	-0.00488	0.00873
n3	0.0071	0.00293	0.01623	-0.00561	0.00927	0.00216
n4	0.009	0.0081	-0.01108	0.00247	-0.00631	0.00532
n5	-0.01345	0.00935	-0.03366	0.00401	-0.01758	0.00142
n6	-0.01641	-0.00392	-0.03556	0.00184	-0.0162	-0.00086
n7	0.00438	0.00204	-0.01699	0.00508	-0.00515	0.00475
n8	0.01253	0.00643	0.00237	-0.00232	0.00628	0.00453
n9	0.01415	-0.01671	0.10675	-0.01994	0.05673	0.00326
n10	-0.00488	-0.21007	-0.06661	-0.00016	-0.00103	-0.00499
OL
n1	0.14283	-0.07927	0.04027	-0.04942	-0.09828	-0.09029	-0.06215	-0.01728	0.52929	-0.01184
