HL1
n1	0.01108	-0.00332	0.05299	-0.01062	0.02891	-0.00551
n2	0.00864	-0.00035	-0.01704	0.00574	-0.00489	0.00874
n3	0.0071	0.00294	0.01623	-0.00559	0.00927	0.00216
n4	0.00902	0.00809	-0.01109	0.00247	-0.00631	0.00531
n5	-0.01341	0.00936	-0.03366	0.00401	-0.01758	0.00142
n6	-0.01642	-0.00393	-0.03556	0.00185	-0.01619	-0.00087
n7	0.00436	0.00205	-0.01699	0.00507	-0.00515	0.00476
n8	0.01251	0.00643	0.00237	-0.00232	0.00629	0.00453
n9	0.01415	-0.01671	0.10676	-0.01994	0.05674	0.00325
n10	-0.00487	-0.21008	-0.06661	-0.00016	-0.00102	-0.00499
OL
n1	0.14279	-0.07923	0.04026	-0.04942	-0.09829	-0.09026	-0.06215	-0.01727	0.52934	-0.01184
