HL1
n1	0.01107	-0.00332	0.05298	-0.01062	0.02892	-0.0055
n2	0.00863	-0.00035	-0.01703	0.00574	-0.00489	0.00873
n3	0.0071	0.00294	0.01623	-0.0056	0.00925	0.00216
n4	0.009	0.00809	-0.01109	0.00247	-0.00631	0.00531
n5	-0.01341	0.00936	-0.03366	0.00401	-0.01759	0.00141
n6	-0.01641	-0.00392	-0.03556	0.00184	-0.0162	-0.00086
n7	0.00437	0.00204	-0.01699	0.00506	-0.00515	0.00475
n8	0.0125	0.00642	0.00237	-0.00229	0.00629	0.00453
n9	0.01415	-0.01671	0.10675	-0.01994	0.05673	0.00325
n10	-0.00488	-0.21007	-0.06661	-0.00014	-0.00103	-0.00498
OL
n1	0.14282	-0.07922	0.04027	-0.04945	-0.09825	-0.09027	-0.06216	-0.01726	0.52932	-0.01183
