HL1
n1	0.01107	-0.00332	0.05298	-0.01062	0.02892	-0.00549
n2	0.00864	-0.00035	-0.01704	0.00573	-0.00489	0.00873
n3	0.00712	0.00293	0.01622	-0.0056	0.00926	0.00216
n4	0.00901	0.00809	-0.01108	0.00247	-0.00631	0.00531
n5	-0.01344	0.00935	-0.03366	0.00401	-0.01756	0.00141
n6	-0.01642	-0.00393	-0.03556	0.00185	-0.01621	-0.00087
n7	0.00438	0.00204	-0.017	0.00508	-0.00515	0.00476
n8	0.01252	0.00643	0.00237	-0.00229	0.00629	0.00453
n9	0.01414	-0.01671	0.10677	-0.01994	0.05673	0.00325
n10	-0.00488	-0.21007	-0.06661	-0.00016	-0.00103	-0.00498
OL
n1	0.14282	-0.07927	0.04022	-0.04942	-0.09828	-0.09026	-0.06217	-0.01725	0.52929	-0.01184
