HL1
n1	0.01107	-0.00332	0.05298	-0.01062	0.02889	-0.00551
n2	0.00865	-0.00034	-0.01703	0.00574	-0.00489	0.00874
n3	0.0071	0.00293	0.01623	-0.0056	0.00925	0.00216
n4	0.009	0.00809	-0.01109	0.00248	-0.00631	0.00531
n5	-0.01345	0.00936	-0.03366	0.00399	-0.01759	0.00142
n6	-0.01642	-0.00392	-0.03556	0.00184	-0.01619	-0.00086
n7	0.00438	0.00204	-0.01699	0.00506	-0.00515	0.00476
n8	0.01253	0.00643	0.00237	-0.00232	0.00627	0.00453
n9	0.01414	-0.01671	0.10675	-0.01994	0.05673	0.00325
n10	-0.00488	-0.21007	-0.06661	-0.00014	-0.00103	-0.00501
OL
n1	0.14284	-0.07927	0.04027	-0.04948	-0.09825	-0.09023	-0.06215	-0.01728	0.52931	-0.01183
