HL1
n1	0.01109	-0.00332	0.05299	-0.01062	0.02892	-0.00551
n2	0.00868	-0.00034	-0.01703	0.00572	-0.00489	0.00875
n3	0.00708	0.00293	0.01623	-0.00561	0.00925	0.00216
n4	0.009	0.00809	-0.01109	0.00248	-0.00631	0.00531
n5	-0.01345	0.00936	-0.03366	0.004	-0.01758	0.00142
n6	-0.01642	-0.00393	-0.03558	0.00185	-0.01621	-0.00086
n7	0.00438	0.00204	-0.01699	0.00506	-0.00515	0.00475
n8	0.01251	0.00643	0.00237	-0.00229	0.00627	0.00453
n9	0.01415	-0.01671	0.10675	-0.01994	0.05673	0.00325
n10	-0.00488	-0.21007	-0.06661	-0.00016	-0.00102	-0.00498
OL
n1	0.14282	-0.07928	0.04023	-0.04947	-0.09825	-0.09026	-0.06214	-0.01726	0.52929	-0.01183
