HL1
n1	0.01109	-0.00332	0.05299	-0.01062	0.02889	-0.0055
n2	0.00865	-0.00035	-0.01703	0.00573	-0.00489	0.00874
n3	0.00711	0.00293	0.01624	-0.0056	0.00926	0.00216
n4	0.00902	0.00809	-0.01109	0.00247	-0.00631	0.00531
n5	-0.01342	0.00936	-0.03366	0.004	-0.01757	0.00142
n6	-0.01642	-0.00393	-0.03559	0.00184	-0.01618	-0.00084
n7	0.00436	0.00205	-0.01699	0.00507	-0.00515	0.00476
n8	0.01251	0.00643	0.00238	-0.00232	0.00629	0.00453
n9	0.01415	-0.01671	0.10675	-0.01994	0.05673	0.00326
n10	-0.00487	-0.21007	-0.06661	-0.00016	-0.00099	-0.005
OL
n1	0.1428	-0.07925	0.04026	-0.04942	-0.09827	-0.09027	-0.06215	-0.01727	0.52929	-0.01184
