HL1
n1	0.01105	-0.00333	0.05299	-0.01062	0.02889	-0.00549
n2	0.00861	-0.00035	-0.01704	0.00573	-0.00488	0.00875
n3	0.0071	0.00294	0.01623	-0.0056	0.00925	0.00216
n4	0.00899	0.00809	-0.01109	0.00247	-0.00631	0.00531
n5	-0.01341	0.00936	-0.03365	0.004	-0.01758	0.00141
n6	-0.01643	-0.00393	-0.03556	0.00185	-0.01616	-0.00085
n7	0.00438	0.00204	-0.01699	0.00508	-0.00515	0.00475
n8	0.0125	0.00642	0.00237	-0.00232	0.00628	0.00453
n9	0.01415	-0.01671	0.10676	-0.01994	0.05675	0.00325
n10	-0.00486	-0.21007	-0.06661	-0.00015	-0.00101	-0.00498
OL
n1	0.14282	-0.07928	0.04025	-0.04942	-0.09827	-0.09026	-0.06217	-0.01724	0.52933	-0.01184
