HL1
n1	0.01109	-0.00332	0.05298	-0.01062	0.02892	-0.00551
n2	0.00865	-0.00035	-0.01704	0.00573	-0.00489	0.00874
n3	0.0071	0.00293	0.01623	-0.00561	0.00927	0.00215
n4	0.00902	0.00811	-0.01109	0.00247	-0.00631	0.00531
n5	-0.01341	0.00936	-0.03366	0.004	-0.01758	0.00141
n6	-0.01642	-0.00393	-0.03556	0.00184	-0.01619	-0.00084
n7	0.00436	0.00204	-0.01699	0.00508	-0.00515	0.00476
n8	0.01251	0.00642	0.00238	-0.00229	0.00627	0.00453
n9	0.01414	-0.01671	0.10675	-0.01994	0.05674	0.00325
n10	-0.00486	-0.21007	-0.06661	-0.00016	-0.00099	-0.00499
OL
n1	0.1428	-0.07925	0.04028	-0.04941	-0.09828	-0.09026	-0.06215	-0.01727	0.52933	-0.01184
