HL1
n1	0.01109	-0.00332	0.05299	-0.01062	0.02892	-0.00551
n2	0.00867	-0.00034	-0.01704	0.00573	-0.00489	0.00875
n3	0.00709	0.00294	0.01623	-0.0056	0.00926	0.00214
n4	0.009	0.00809	-0.01109	0.00247	-0.0063	0.00531
n5	-0.01344	0.00935	-0.03365	0.00399	-0.01756	0.00142
n6	-0.01642	-0.00393	-0.03556	0.00185	-0.01621	-0.00088
n7	0.00437	0.00205	-0.01699	0.00508	-0.00515	0.00476
n8	0.0125	0.00643	0.00238	-0.00232	0.00629	0.00456
n9	0.01416	-0.01671	0.10675	-0.01994	0.05675	0.00325
n10	-0.00488	-0.21008	-0.06661	-0.00016	-0.00099	-0.00498
OL
n1	0.14282	-0.07922	0.04023	-0.04941	-0.09828	-0.09025	-0.06216	-0.01725	0.52929	-0.01184
