HL1
n1	0.01105	-0.00332	0.05298	-0.01062	0.02892	-0.0055
n2	0.00864	-0.00034	-0.01704	0.00573	-0.00489	0.00874
n3	0.0071	0.00294	0.01623	-0.00561	0.00926	0.00216
n4	0.00901	0.00809	-0.01109	0.00248	-0.00631	0.00531
n5	-0.01344	0.00935	-0.03366	0.004	-0.01757	0.00141
n6	-0.01642	-0.00393	-0.03556	0.00186	-0.01621	-0.00086
n7	0.00437	0.00205	-0.01699	0.00508	-0.00515	0.00475
n8	0.01251	0.00643	0.00237	-0.00229	0.00627	0.00453
n9	0.01415	-0.01671	0.10675	-0.01994	0.05673	0.00326
n10	-0.00489	-0.21007	-0.06661	-0.00015	-0.00099	-0.00499
OL
n1	0.14285	-0.07928	0.04022	-0.04944	-0.09825	-0.09026	-0.06215	-0.01727	0.52929	-0.01182
