HL1
n1	0.0111	-0.00332	0.05298	-0.01062	0.02891	-0.00551
n2	0.00867	-0.00035	-0.01704	0.00573	-0.00489	0.00873
n3	0.00709	0.00294	0.01624	-0.0056	0.00925	0.00216
n4	0.00899	0.00809	-0.01109	0.00247	-0.00631	0.00531
n5	-0.01345	0.00936	-0.03365	0.004	-0.01758	0.00142
n6	-0.01642	-0.00393	-0.03556	0.00185	-0.01619	-0.00087
n7	0.00438	0.00204	-0.01699	0.00507	-0.00515	0.00475
n8	0.01249	0.00644	0.00238	-0.00232	0.00629	0.00453
n9	0.01416	-0.01671	0.10675	-0.01994	0.05675	0.00325
n10	-0.00489	-0.21007	-0.06662	-0.00016	-0.00103	-0.00498
OL
n1	0.14283	-0.07923	0.04027	-0.04942	-0.09827	-0.09027	-0.06215	-0.01723	0.52933	-0.01184
