HL1
n1	0.01107	-0.00332	0.05298	-0.01062	0.0289	-0.00549
n2	0.00864	-0.00035	-0.01704	0.00573	-0.00489	0.00873
n3	0.0071	0.00294	0.01624	-0.0056	0.00925	0.00216
n4	0.009	0.00809	-0.01109	0.00247	-0.00631	0.00531
n5	-0.01341	0.00936	-0.03366	0.00401	-0.01758	0.00141
n6	-0.01641	-0.00393	-0.03556	0.00185	-0.0162	-0.00087
n7	0.00437	0.00204	-0.01699	0.00508	-0.00515	0.00475
n8	0.0125	0.00644	0.00237	-0.00229	0.00629	0.00453
n9	0.01416	-0.01671	0.10677	-0.01994	0.05673	0.00325
n10	-0.00488	-0.21007	-0.06661	-0.00016	-0.00103	-0.00498
OL
n1	0.14283	-0.07927	0.04025	-0.04943	-0.09827	-0.09028	-0.06217	-0.01725	0.52933	-0.01184
