HL1
n1	0.01107	-0.00332	0.05298	-0.01062	0.02892	-0.00551
n2	0.00865	-0.00035	-0.01703	0.00574	-0.00489	0.00873
n3	0.0071	0.00293	0.01623	-0.00561	0.00925	0.00216
n4	0.009	0.00809	-0.01109	0.00248	-0.00631	0.00532
n5	-0.01345	0.00936	-0.03366	0.00401	-0.0176	0.00142
n6	-0.01641	-0.00393	-0.03558	0.00184	-0.0162	-0.00086
n7	0.00439	0.00204	-0.01699	0.00506	-0.00515	0.00475
n8	0.01253	0.00643	0.00237	-0.00229	0.00628	0.00453
n9	0.01414	-0.01671	0.10675	-0.01994	0.05673	0.00326
n10	-0.00488	-0.21008	-0.06661	-0.00014	-0.00102	-0.00498
OL
n1	0.14283	-0.07921	0.04023	-0.04945	-0.09824	-0.09023	-0.06216	-0.01728	0.52932	-0.01184
