HL1
n1	0.01108	-0.00332	0.05298	-0.01062	0.02889	-0.00551
n2	0.00864	-0.00034	-0.01703	0.00572	-0.00489	0.00874
n3	0.00712	0.00293	0.01623	-0.00561	0.00926	0.00216
n4	0.00901	0.00809	-0.01109	0.00247	-0.00631	0.00531
n5	-0.01344	0.00935	-0.03366	0.00399	-0.01758	0.00142
n6	-0.01642	-0.00393	-0.03556	0.00185	-0.01619	-0.00085
n7	0.00439	0.00204	-0.01699	0.00508	-0.00514	0.00476
n8	0.01252	0.00644	0.00238	-0.00229	0.00627	0.00456
n9	0.01414	-0.01671	0.10674	-0.01994	0.05673	0.00325
n10	-0.00488	-0.21007	-0.06661	-0.00015	-0.00102	-0.00498
OL
n1	0.14284	-0.07923	0.04023	-0.04947	-0.09824	-0.09029	-0.06214	-0.01724	0.52929	-0.01184
