HL1
n1	0.01108	-0.00333	0.05298	-0.01062	0.02892	-0.00549
n2	0.00864	-0.00034	-0.01703	0.00572	-0.00488	0.00874
n3	0.00712	0.00293	0.01623	-0.00561	0.00926	0.00216
n4	0.00901	0.0081	-0.01109	0.00247	-0.00631	0.00532
n5	-0.01344	0.00935	-0.03366	0.004	-0.01756	0.00142
n6	-0.01641	-0.00392	-0.03556	0.00185	-0.01621	-0.00085
n7	0.00438	0.00205	-0.01699	0.00507	-0.00515	0.00476
n8	0.01252	0.00643	0.00237	-0.00229	0.00629	0.00456
n9	0.01414	-0.01671	0.10675	-0.01994	0.05673	0.00325
n10	-0.00488	-0.21007	-0.06661	-0.00015	-0.00102	-0.00498
OL
n1	0.14282	-0.07923	0.04022	-0.04948	-0.09827	-0.09029	-0.06215	-0.01726	0.52934	-0.01183
