HL1
n1	0.01109	-0.00332	0.05298	-0.01062	0.02889	-0.0055
n2	0.00867	-0.00034	-0.01703	0.00574	-0.00489	0.00874
n3	0.00708	0.00294	0.01623	-0.00561	0.00926	0.00216
n4	0.009	0.00809	-0.01109	0.00248	-0.00631	0.00532
n5	-0.01345	0.00935	-0.03366	0.00399	-0.01757	0.00141
n6	-0.01642	-0.00393	-0.03556	0.00186	-0.01619	-0.00086
n7	0.0044	0.00205	-0.01699	0.00508	-0.00515	0.00474
n8	0.0125	0.00643	0.00237	-0.00232	0.00627	0.00453
n9	0.01415	-0.01671	0.10675	-0.01994	0.05673	0.00326
n10	-0.00488	-0.21007	-0.06661	-0.00015	-0.00099	-0.00499
OL
n1	0.14284	-0.07928	0.04023	-0.04944	-0.09825	-0.09029	-0.06215	-0.01726	0.52929	-0.01183
