HL1
n1	0.01108	-0.00332	0.05298	-0.01062	0.02891	-0.00549
n2	0.00867	-0.00035	-0.01703	0.00574	-0.00489	0.00874
n3	0.00708	0.00293	0.01623	-0.0056	0.00925	0.00216
n4	0.009	0.00809	-0.01109	0.00248	-0.00631	0.00531
n5	-0.01345	0.00936	-0.03366	0.00401	-0.01758	0.00142
n6	-0.01642	-0.00393	-0.03556	0.00185	-0.01619	-0.00087
n7	0.00438	0.00204	-0.017	0.00507	-0.00515	0.00475
n8	0.0125	0.00643	0.00237	-0.00232	0.00627	0.00454
n9	0.01415	-0.01671	0.10675	-0.01994	0.05676	0.00325
n10	-0.00487	-0.21007	-0.06661	-0.00016	-0.00099	-0.00499
OL
n1	0.14284	-0.07928	0.04023	-0.04943	-0.09825	-0.09028	-0.06215	-0.01723	0.52928	-0.01184
