HL1
n1	0.01106	-0.00332	0.05298	-0.01062	0.02891	-0.00551
n2	0.00863	-0.00035	-0.01704	0.00574	-0.00489	0.00874
n3	0.0071	0.00294	0.01624	-0.0056	0.00925	0.00216
n4	0.009	0.00809	-0.01109	0.00247	-0.00631	0.00531
n5	-0.01342	0.00936	-0.03366	0.004	-0.01756	0.00141
n6	-0.01641	-0.00393	-0.03558	0.00184	-0.0162	-0.00086
n7	0.00438	0.00204	-0.01699	0.00508	-0.00515	0.00476
n8	0.0125	0.00643	0.00238	-0.00229	0.00628	0.00453
n9	0.01416	-0.01671	0.10676	-0.01994	0.05673	0.00325
n10	-0.00488	-0.21007	-0.06661	-0.00015	-0.00102	-0.00498
OL
n1	0.14283	-0.07926	0.04023	-0.04946	-0.09825	-0.09028	-0.06216	-0.01725	0.52934	-0.01184
