HL1
n1	0.01109	-0.00332	0.05299	-0.01062	0.02889	-0.00549
n2	0.00867	-0.00035	-0.01704	0.00573	-0.00488	0.00875
n3	0.00709	0.00294	0.01623	-0.0056	0.00926	0.00215
n4	0.009	0.00809	-0.01109	0.00247	-0.00631	0.00531
n5	-0.01344	0.00935	-0.03365	0.00399	-0.01758	0.00142
n6	-0.01642	-0.00393	-0.03556	0.00185	-0.01617	-0.00088
n7	0.00437	0.00204	-0.01699	0.00508	-0.00515	0.00476
n8	0.01251	0.00643	0.00237	-0.00232	0.00629	0.00456
n9	0.01415	-0.01671	0.10675	-0.01994	0.05675	0.00326
n10	-0.0049	-0.21007	-0.06661	-0.00016	-0.00099	-0.00498
OL
n1	0.14284	-0.07923	0.04026	-0.04942	-0.09826	-0.09028	-0.06217	-0.01723	0.52934	-0.01183
