HL1
n1	0.01109	-0.00332	0.05299	-0.01062	0.02889	-0.00551
n2	0.00866	-0.00035	-0.01703	0.00573	-0.00489	0.00874
n3	0.0071	0.00294	0.01623	-0.0056	0.00927	0.00216
n4	0.00902	0.00809	-0.01109	0.00247	-0.00631	0.00531
n5	-0.01341	0.00936	-0.03365	0.00399	-0.01758	0.00142
n6	-0.01641	-0.00393	-0.03556	0.00185	-0.01619	-0.00086
n7	0.00436	0.00205	-0.017	0.00508	-0.00516	0.00476
n8	0.01251	0.00642	0.00238	-0.00232	0.00627	0.00453
n9	0.01415	-0.01671	0.10676	-0.01994	0.05674	0.00325
n10	-0.00487	-0.21007	-0.06661	-0.00016	-0.00099	-0.00501
OL
n1	0.14281	-0.07923	0.04023	-0.04942	-0.09829	-0.09026	-0.06215	-0.01727	0.5293	-0.01184
