HL1
n1	0.01109	-0.00333	0.05299	-0.01062	0.02892	-0.00551
n2	0.00868	-0.00035	-0.01703	0.00574	-0.00489	0.00873
n3	0.00709	0.00293	0.01623	-0.0056	0.00925	0.00215
n4	0.009	0.0081	-0.01109	0.00247	-0.00631	0.00532
n5	-0.01344	0.00935	-0.03365	0.00401	-0.01758	0.00142
n6	-0.01642	-0.00393	-0.03558	0.00184	-0.01617	-0.00088
n7	0.00437	0.00205	-0.01699	0.00508	-0.00515	0.00476
n8	0.0125	0.00643	0.00238	-0.00228	0.00627	0.00453
n9	0.01414	-0.01671	0.10675	-0.01994	0.05675	0.00325
n10	-0.00489	-0.21007	-0.06661	-0.00014	-0.00103	-0.00498
OL
n1	0.14281	-0.07923	0.04023	-0.04946	-0.09829	-0.09026	-0.06216	-0.01728	0.52932	-0.01183
