HL1
n1	0.01105	-0.00332	0.05298	-0.01062	0.02891	-0.00551
n2	0.00863	-0.00035	-0.01704	0.00573	-0.00489	0.00874
n3	0.0071	0.00294	0.01624	-0.0056	0.00925	0.00216
n4	0.00899	0.00809	-0.01109	0.00247	-0.00631	0.00531
n5	-0.01341	0.00936	-0.03366	0.004	-0.01758	0.00142
n6	-0.01641	-0.00393	-0.03556	0.00185	-0.01619	-0.00087
n7	0.00437	0.00204	-0.01699	0.00507	-0.00515	0.00476
n8	0.0125	0.00644	0.00238	-0.00232	0.00627	0.00453
n9	0.01416	-0.01671	0.10676	-0.01994	0.05674	0.00325
n10	-0.00488	-0.21007	-0.06661	-0.00015	-0.00103	-0.00501
OL
n1	0.14282	-0.07926	0.04025	-0.04942	-0.09828	-0.09026	-0.06215	-0.01725	0.52929	-0.01184
