HL1
n1	0.01106	-0.00332	0.05298	-0.01062	0.02891	-0.00551
n2	0.00864	-0.00035	-0.01704	0.00574	-0.00489	0.00874
n3	0.0071	0.00293	0.01623	-0.0056	0.00925	0.00216
n4	0.009	0.00809	-0.01109	0.00247	-0.00631	0.00532
n5	-0.01341	0.00936	-0.03365	0.00401	-0.01758	0.00142
n6	-0.01641	-0.00393	-0.03556	0.00185	-0.01619	-0.00087
n7	0.00437	0.00204	-0.01699	0.00508	-0.00516	0.00475
n8	0.0125	0.00643	0.00237	-0.00232	0.00629	0.00454
n9	0.01416	-0.01671	0.10675	-0.01994	0.05676	0.00325
n10	-0.00487	-0.21007	-0.06661	-0.00015	-0.00103	-0.00499
OL
n1	0.14284	-0.07922	0.04023	-0.04945	-0.09827	-0.09029	-0.06216	-0.01723	0.52928	-0.01185
