HL1
n1	0.01107	-0.00332	0.05298	-0.01062	0.02892	-0.00551
n2	0.00865	-0.00035	-0.01703	0.00574	-0.00489	0.00874
n3	0.0071	0.00294	0.01623	-0.00559	0.00925	0.00216
n4	0.00899	0.0081	-0.01109	0.00247	-0.00631	0.00531
n5	-0.01345	0.00935	-0.03366	0.00401	-0.01758	0.00142
n6	-0.01641	-0.00392	-0.03556	0.00184	-0.01619	-0.00086
n7	0.00438	0.00205	-0.017	0.00506	-0.00515	0.00476
n8	0.01252	0.00643	0.00237	-0.00229	0.00628	0.00453
n9	0.01414	-0.0167	0.10676	-0.01994	0.05674	0.00326
n10	-0.00487	-0.21007	-0.06661	-0.00014	-0.00102	-0.005
OL
n1	0.14282	-0.07923	0.04027	-0.04942	-0.09825	-0.09026	-0.06216	-0.01728	0.52934	-0.01184
