HL1
n1	0.01107	-0.00332	0.05299	-0.01062	0.02892	-0.0055
n2	0.00864	-0.00034	-0.01703	0.00573	-0.00489	0.00873
n3	0.00712	0.00293	0.01623	-0.00561	0.00926	0.00215
n4	0.00901	0.0081	-0.01109	0.00247	-0.00631	0.00531
n5	-0.01344	0.00935	-0.03366	0.004	-0.01759	0.00141
n6	-0.01642	-0.00392	-0.03558	0.00185	-0.01621	-0.00085
n7	0.00438	0.00204	-0.017	0.00506	-0.00515	0.00476
n8	0.0125	0.00643	0.00237	-0.00229	0.00628	0.00453
n9	0.01414	-0.01671	0.10674	-0.01994	0.05673	0.00325
n10	-0.00488	-0.21007	-0.06661	-0.00015	-0.00102	-0.00498
OL
n1	0.14282	-0.07928	0.04027	-0.04946	-0.09828	-0.09026	-0.06216	-0.01726	0.52932	-0.01183
