HL1
n1	0.01111	-0.00333	0.05298	-0.01062	0.02891	-0.00549
n2	0.00867	-0.00035	-0.01704	0.00573	-0.00489	0.00874
n3	0.00708	0.00294	0.01623	-0.00561	0.00926	0.00216
n4	0.009	0.00809	-0.01109	0.00247	-0.00631	0.00531
n5	-0.01345	0.00936	-0.03366	0.004	-0.01757	0.00142
n6	-0.01642	-0.00393	-0.03559	0.00185	-0.01619	-0.00084
n7	0.00438	0.00205	-0.01699	0.00507	-0.00515	0.00476
n8	0.0125	0.00643	0.00237	-0.00229	0.00629	0.00454
n9	0.01416	-0.01671	0.10675	-0.01995	0.05675	0.00326
n10	-0.00489	-0.21007	-0.06661	-0.00016	-0.00099	-0.005
OL
n1	0.14284	-0.07925	0.04028	-0.04945	-0.09828	-0.09022	-0.06215	-0.01724	0.52934	-0.01184
