HL1
n1	0.01108	-0.00332	0.05298	-0.01062	0.02892	-0.00551
n2	0.00865	-0.00036	-0.01703	0.00573	-0.00489	0.00873
n3	0.00712	0.00293	0.01623	-0.00561	0.00926	0.00216
n4	0.00901	0.0081	-0.01109	0.00247	-0.00631	0.00531
n5	-0.01344	0.00935	-0.03366	0.004	-0.01756	0.00141
n6	-0.01641	-0.00393	-0.03559	0.00185	-0.01621	-0.00085
n7	0.00438	0.00205	-0.017	0.00508	-0.00515	0.00476
n8	0.01251	0.00643	0.00237	-0.00229	0.00629	0.00456
n9	0.01414	-0.01671	0.10674	-0.01994	0.05673	0.00325
n10	-0.00488	-0.21007	-0.06661	-0.00016	-0.00102	-0.005
OL
n1	0.14282	-0.07922	0.04023	-0.04947	-0.09828	-0.09022	-0.06214	-0.01726	0.52929	-0.01182
