HL1
n1	0.01105	-0.00332	0.05298	-0.01062	0.02892	-0.00551
n2	0.00864	-0.00035	-0.01704	0.00574	-0.00489	0.00873
n3	0.00711	0.00293	0.01623	-0.00561	0.00925	0.00215
n4	0.00902	0.00811	-0.01109	0.00247	-0.00631	0.00532
n5	-0.01344	0.00935	-0.03366	0.004	-0.01757	0.00141
n6	-0.01642	-0.00393	-0.03558	0.00184	-0.01621	-0.00084
n7	0.00437	0.00204	-0.01699	0.00508	-0.00515	0.00476
n8	0.01251	0.00643	0.00237	-0.00229	0.00628	0.00453
n9	0.01415	-0.01671	0.10675	-0.01994	0.05673	0.00326
n10	-0.00489	-0.21007	-0.06661	-0.00014	-0.00099	-0.00499
OL
n1	0.14285	-0.07927	0.04028	-0.04948	-0.09828	-0.09023	-0.06216	-0.01728	0.52933	-0.01182
