HL1
n1	0.01109	-0.00332	0.05298	-0.01062	0.0289	-0.00551
n2	0.00867	-0.00035	-0.01704	0.00574	-0.00489	0.00874
n3	0.00709	0.00294	0.01623	-0.00561	0.00925	0.00216
n4	0.009	0.00809	-0.01109	0.00247	-0.00631	0.00531
n5	-0.01345	0.00936	-0.03366	0.00401	-0.01758	0.00141
n6	-0.01642	-0.00393	-0.03558	0.00184	-0.01619	-0.00085
n7	0.00437	0.00204	-0.01699	0.00508	-0.00515	0.00476
n8	0.01249	0.00643	0.00238	-0.00232	0.00628	0.00453
n9	0.01415	-0.01671	0.10675	-0.01994	0.05673	0.00326
n10	-0.00489	-0.21007	-0.06661	-0.00014	-0.00103	-0.00499
OL
n1	0.14282	-0.07927	0.04024	-0.04941	-0.09825	-0.09029	-0.06215	-0.01725	0.52931	-0.01184
