HL1
n1	0.01105	-0.00333	0.05299	-0.01062	0.02891	-0.00549
n2	0.00861	-0.00035	-0.01704	0.00573	-0.00489	0.00874
n3	0.00709	0.00293	0.01623	-0.00561	0.00926	0.00216
n4	0.009	0.00809	-0.01109	0.00247	-0.00631	0.00531
n5	-0.01341	0.00936	-0.03365	0.004	-0.01758	0.00141
n6	-0.01642	-0.00393	-0.03556	0.00185	-0.01621	-0.00085
n7	0.00438	0.00205	-0.01699	0.00508	-0.00515	0.00475
n8	0.0125	0.00644	0.00237	-0.00229	0.00629	0.00453
n9	0.01415	-0.01671	0.10674	-0.01994	0.05673	0.00325
n10	-0.00487	-0.21007	-0.06662	-0.00016	-0.00099	-0.00498
OL
n1	0.14286	-0.07928	0.04023	-0.04946	-0.09826	-0.09023	-0.06215	-0.01725	0.52929	-0.01181
