HL1
n1	0.0111	-0.00332	0.05298	-0.01062	0.02891	-0.00549
n2	0.00866	-0.00035	-0.01704	0.00573	-0.00488	0.00874
n3	0.00709	0.00294	0.01623	-0.0056	0.00925	0.00216
n4	0.009	0.00808	-0.01109	0.00247	-0.00631	0.00531
n5	-0.01345	0.00936	-0.03366	0.00401	-0.01758	0.00142
n6	-0.01642	-0.00393	-0.03556	0.00185	-0.0162	-0.00087
n7	0.00438	0.00204	-0.01699	0.00507	-0.00515	0.00475
n8	0.0125	0.00644	0.00237	-0.00229	0.00629	0.00454
n9	0.01416	-0.0167	0.10676	-0.01994	0.05675	0.00325
n10	-0.00488	-0.21007	-0.06661	-0.00016	-0.00101	-0.00498
OL
n1	0.14284	-0.07928	0.04026	-0.04943	-0.09827	-0.09028	-0.06216	-0.01722	0.52934	-0.01184
