HL1
n1	0.01109	-0.00332	0.05299	-0.01062	0.02889	-0.0055
n2	0.00866	-0.00035	-0.01704	0.00573	-0.00489	0.00875
n3	0.00708	0.00294	0.01623	-0.00561	0.00926	0.00215
n4	0.009	0.00809	-0.01109	0.00247	-0.00631	0.00531
n5	-0.01344	0.00934	-0.03366	0.00399	-0.01758	0.00142
n6	-0.01642	-0.00394	-0.03558	0.00185	-0.01619	-0.00085
n7	0.00437	0.00205	-0.01699	0.00508	-0.00515	0.00476
n8	0.0125	0.00643	0.00238	-0.00232	0.00629	0.00456
n9	0.01415	-0.01672	0.10674	-0.01994	0.05673	0.00325
n10	-0.00489	-0.21007	-0.06661	-0.00016	-0.00099	-0.00498
OL
n1	0.1428	-0.07923	0.04023	-0.04941	-0.09829	-0.09026	-0.06216	-0.01726	0.52929	-0.01183
