HL1
n1	0.0111	-0.00332	0.05298	-0.01062	0.02889	-0.00549
n2	0.00865	-0.00035	-0.01704	0.00574	-0.00489	0.00874
n3	0.0071	0.00293	0.01624	-0.0056	0.00926	0.00216
n4	0.00901	0.00809	-0.01109	0.00247	-0.00631	0.00531
n5	-0.01341	0.00936	-0.03366	0.004	-0.01758	0.00141
n6	-0.01642	-0.00393	-0.03559	0.00185	-0.01619	-0.00087
n7	0.00436	0.00204	-0.01699	0.00507	-0.00515	0.00476
n8	0.01251	0.00643	0.00238	-0.00229	0.00627	0.00453
n9	0.01415	-0.01671	0.10676	-0.01994	0.05674	0.00325
n10	-0.00487	-0.21008	-0.06661	-0.00016	-0.00102	-0.00501
OL
n1	0.1428	-0.07924	0.04026	-0.04943	-0.09827	-0.09029	-0.06215	-0.01723	0.52929	-0.01185
