HL1
n1	0.01107	-0.00333	0.05299	-0.01062	0.02892	-0.00551
n2	0.00865	-0.00035	-0.01704	0.00573	-0.00489	0.00875
n3	0.0071	0.00294	0.01623	-0.0056	0.00925	0.00215
n4	0.00901	0.00808	-0.01109	0.00247	-0.00631	0.00532
n5	-0.01345	0.00935	-0.03365	0.00399	-0.0176	0.00142
n6	-0.01642	-0.00392	-0.03558	0.00185	-0.01619	-0.00086
n7	0.00438	0.00205	-0.01699	0.00508	-0.00515	0.00476
n8	0.01252	0.00642	0.00237	-0.00229	0.00628	0.00456
n9	0.01414	-0.01671	0.10675	-0.01994	0.05675	0.00326
n10	-0.00488	-0.21007	-0.06661	-0.00016	-0.00103	-0.00498
OL
n1	0.14281	-0.07923	0.04027	-0.04948	-0.09825	-0.09026	-0.06217	-0.01728	0.52929	-0.01184
