HL1
n1	0.01107	-0.00333	0.05299	-0.01062	0.02892	-0.0055
n2	0.00864	-0.00034	-0.01704	0.00573	-0.00489	0.00874
n3	0.00712	0.00293	0.01623	-0.0056	0.00926	0.00214
n4	0.00901	0.0081	-0.01109	0.00247	-0.00631	0.00531
n5	-0.01344	0.00935	-0.03365	0.00399	-0.01758	0.00142
n6	-0.01642	-0.00393	-0.03556	0.00185	-0.01621	-0.00088
n7	0.00438	0.00205	-0.017	0.00508	-0.00515	0.00476
n8	0.01252	0.00642	0.00237	-0.00229	0.00629	0.00456
n9	0.01414	-0.01671	0.10674	-0.01993	0.05675	0.00325
n10	-0.00488	-0.21007	-0.06661	-0.00016	-0.00102	-0.00498
OL
n1	0.14282	-0.07923	0.04023	-0.04947	-0.09828	-0.09026	-0.06215	-0.01725	0.52928	-0.01183
