HL1
n1	0.01109	-0.00333	0.05298	-0.01062	0.02889	-0.00551
n2	0.00867	-0.00035	-0.01704	0.00573	-0.00489	0.00875
n3	0.00709	0.00294	0.01624	-0.0056	0.00926	0.00216
n4	0.009	0.00809	-0.01109	0.00247	-0.00631	0.00531
n5	-0.01344	0.00935	-0.03365	0.004	-0.01758	0.00142
n6	-0.01641	-0.00393	-0.03555	0.00185	-0.0162	-0.00088
n7	0.00437	0.00206	-0.01699	0.00508	-0.00515	0.00475
n8	0.0125	0.00642	0.00237	-0.00232	0.00629	0.00453
n9	0.01414	-0.01671	0.10675	-0.01994	0.05673	0.00325
n10	-0.00489	-0.21007	-0.06661	-0.00016	-0.00103	-0.00498
OL
n1	0.14284	-0.07923	0.04025	-0.04941	-0.09829	-0.09027	-0.06216	-0.01725	0.52929	-0.01184
