HL1
n1	0.01107	-0.00332	0.05299	-0.01062	0.02892	-0.00551
n2	0.00863	-0.00034	-0.01704	0.00572	-0.00489	0.00874
n3	0.00712	0.00293	0.01623	-0.0056	0.00926	0.00216
n4	0.00901	0.00809	-0.01108	0.00247	-0.00631	0.00531
n5	-0.01344	0.00935	-0.03366	0.004	-0.01756	0.00141
n6	-0.01642	-0.00393	-0.03556	0.00185	-0.01621	-0.00085
n7	0.00438	0.00205	-0.01699	0.00508	-0.00515	0.00475
n8	0.01251	0.00644	0.00237	-0.00229	0.00629	0.00454
n9	0.01414	-0.01671	0.10674	-0.01994	0.05673	0.00325
n10	-0.00488	-0.21007	-0.0666	-0.00016	-0.00099	-0.00498
OL
n1	0.14283	-0.07927	0.04023	-0.04939	-0.09827	-0.09028	-0.06215	-0.01725	0.52929	-0.01183
