HL1
n1	0.01108	-0.00332	0.05298	-0.01062	0.02889	-0.00551
n2	0.00867	-0.00035	-0.01704	0.00573	-0.00489	0.00874
n3	0.00709	0.00294	0.01623	-0.0056	0.00927	0.00216
n4	0.00901	0.00809	-0.01109	0.00247	-0.00631	0.00531
n5	-0.01345	0.00936	-0.03365	0.00401	-0.01758	0.00142
n6	-0.01642	-0.00393	-0.03556	0.00185	-0.01619	-0.00086
n7	0.00438	0.00204	-0.01699	0.00508	-0.00516	0.00476
n8	0.0125	0.00642	0.00238	-0.00233	0.00627	0.00454
n9	0.01415	-0.01671	0.10676	-0.01994	0.05675	0.00326
n10	-0.00489	-0.21007	-0.06661	-0.00016	-0.00099	-0.00501
OL
n1	0.14283	-0.07927	0.04023	-0.04941	-0.09829	-0.09026	-0.06215	-0.01726	0.52931	-0.01184
