HL1
n1	0.01105	-0.00332	0.05298	-0.01062	0.02891	-0.00551
n2	0.00864	-0.00035	-0.01704	0.00573	-0.00489	0.00873
n3	0.00711	0.00294	0.01623	-0.0056	0.00926	0.00216
n4	0.00902	0.00809	-0.01109	0.00247	-0.00631	0.00532
n5	-0.01345	0.00935	-0.03366	0.004	-0.01757	0.00141
n6	-0.01642	-0.00393	-0.03556	0.00185	-0.01621	-0.00086
n7	0.00437	0.00204	-0.01699	0.00508	-0.00515	0.00475
n8	0.0125	0.00643	0.00237	-0.00228	0.00629	0.00453
n9	0.01415	-0.01671	0.10675	-0.01994	0.05673	0.00326
n10	-0.00489	-0.21007	-0.06662	-0.00015	-0.00099	-0.005
OL
n1	0.14286	-0.07926	0.04028	-0.04945	-0.09828	-0.09028	-0.06216	-0.01727	0.52933	-0.01184
