HL1
n1	-0.0151	-0.01551	-0.90849	0.05914	-0.42443	0.07362
n2	0.0127	-0.05102	1.05473	-0.03429	0.36699	0.05007
n3	0.0093	0.08984	0.22033	-0.0019	0.30615	0.01107
n4	-0.0324	0.0157	-0.39396	-0.00955	-0.06216	-0.00435
n5	0.0108	-0.08991	1.19503	0.01282	0.63726	0.02207
n6	0.009	0.02376	-1.35683	0.02961	-0.39493	0.00659
n7	-0.0368	-0.1623	0.4926	-0.04024	0.06828	-0.02261
n8	0.0837	0.19292	-0.49709	0.01283	-0.22135	0.01086
n9	-0.1192	0.0628	-0.69522	-0.00168	-0.40206	-0.02899
n10	-0.0903	0.0487	0.44454	0.00756	0.02657	0.07133
OL
n1	-2.83857	1.8318	1.2783	-1.25872	3.49227	-2.75859	0.7017	-0.93777	-1.93234	0.08677
