HL1
n1	0.01109	-0.00332	0.05298	-0.01062	0.02889	-0.00551
n2	0.00866	-0.00035	-0.01703	0.00573	-0.00489	0.00874
n3	0.0071	0.00293	0.01624	-0.0056	0.00926	0.00216
n4	0.009	0.00809	-0.01109	0.00247	-0.00631	0.00531
n5	-0.01345	0.00936	-0.03366	0.00401	-0.01758	0.00142
n6	-0.01642	-0.00393	-0.03556	0.00185	-0.01619	-0.00086
n7	0.00438	0.00205	-0.01699	0.00508	-0.00515	0.00476
n8	0.0125	0.00642	0.00238	-0.00232	0.00626	0.00453
n9	0.01415	-0.01671	0.10675	-0.01994	0.05675	0.00324
n10	-0.00489	-0.21007	-0.06661	-0.00016	-0.00099	-0.00501
OL
n1	0.14283	-0.07925	0.04026	-0.04941	-0.09828	-0.09026	-0.06215	-0.01726	0.52928	-0.01184
