HL1
n1	0.01109	-0.00332	0.05299	-0.01062	0.02889	-0.00551
n2	0.00867	-0.00035	-0.01704	0.00573	-0.00489	0.00873
n3	0.00709	0.00294	0.01624	-0.0056	0.00925	0.00216
n4	0.009	0.0081	-0.01109	0.00247	-0.00631	0.00531
n5	-0.01344	0.00935	-0.03366	0.004	-0.01758	0.00142
n6	-0.01642	-0.00392	-0.03556	0.00185	-0.0162	-0.00088
n7	0.00436	0.00204	-0.01699	0.00508	-0.00515	0.00476
n8	0.0125	0.00642	0.00238	-0.00232	0.00627	0.00453
n9	0.01416	-0.0167	0.10676	-0.01994	0.05675	0.00325
n10	-0.00489	-0.21007	-0.06661	-0.00016	-0.00099	-0.00498
OL
n1	0.14283	-0.07923	0.04023	-0.04941	-0.09829	-0.09025	-0.06215	-0.01725	0.52928	-0.01183
