HL1
n1	0.01107	-0.00333	0.05298	-0.01062	0.02891	-0.00551
n2	0.00865	-0.00035	-0.01703	0.00573	-0.00489	0.00874
n3	0.00709	0.00294	0.01623	-0.00561	0.00925	0.00215
n4	0.009	0.00809	-0.01108	0.00247	-0.00631	0.00532
n5	-0.01345	0.00935	-0.03366	0.00401	-0.01759	0.00141
n6	-0.01641	-0.00393	-0.03558	0.00185	-0.01619	-0.00086
n7	0.00437	0.00204	-0.017	0.00507	-0.00515	0.00476
n8	0.01252	0.00643	0.00237	-0.00229	0.0063	0.00454
n9	0.01414	-0.01671	0.10675	-0.01994	0.05675	0.00326
n10	-0.00488	-0.21007	-0.06661	-0.00014	-0.00099	-0.00499
OL
n1	0.14282	-0.07926	0.04028	-0.04948	-0.09828	-0.09023	-0.06216	-0.01724	0.52934	-0.01184
