HL1
n1	0.0111	-0.00332	0.05299	-0.01062	0.02889	-0.0055
n2	0.00867	-0.00035	-0.01704	0.00572	-0.00489	0.00875
n3	0.00709	0.00293	0.01623	-0.0056	0.00926	0.00216
n4	0.009	0.0081	-0.01109	0.00247	-0.00631	0.00531
n5	-0.01344	0.00935	-0.03365	0.00399	-0.01756	0.00142
n6	-0.01643	-0.00393	-0.03558	0.00186	-0.01621	-0.00085
n7	0.00437	0.00205	-0.01699	0.00508	-0.00516	0.00476
n8	0.0125	0.00642	0.00237	-0.00232	0.00627	0.00456
n9	0.01415	-0.01671	0.10674	-0.01994	0.05673	0.00325
n10	-0.00489	-0.21007	-0.06661	-0.00015	-0.00099	-0.00498
OL
n1	0.14281	-0.07922	0.04023	-0.04947	-0.09828	-0.09026	-0.06214	-0.01725	0.52929	-0.01183
