HL1
n1	0.01109	-0.00333	0.05299	-0.01062	0.02889	-0.00551
n2	0.00867	-0.00035	-0.01703	0.00573	-0.00489	0.00874
n3	0.0071	0.00294	0.01624	-0.0056	0.00926	0.00216
n4	0.009	0.00809	-0.01109	0.00248	-0.00631	0.00531
n5	-0.01344	0.00936	-0.03366	0.004	-0.01758	0.00142
n6	-0.01642	-0.00393	-0.03556	0.00185	-0.01619	-0.00088
n7	0.00437	0.00205	-0.01699	0.00508	-0.00515	0.00475
n8	0.0125	0.00642	0.00238	-0.00232	0.00627	0.00453
n9	0.01415	-0.01671	0.10675	-0.01994	0.05674	0.00325
n10	-0.0049	-0.21007	-0.06661	-0.00016	-0.00099	-0.00501
OL
n1	0.14281	-0.07922	0.04023	-0.04941	-0.09829	-0.09026	-0.06215	-0.01724	0.52929	-0.01183
