HL1
n1	0.01111	-0.00332	0.05298	-0.01062	0.02892	-0.00549
n2	0.00867	-0.00035	-0.01703	0.00574	-0.00488	0.00874
n3	0.00709	0.00293	0.01623	-0.0056	0.00926	0.00216
n4	0.009	0.0081	-0.01109	0.00247	-0.00631	0.00532
n5	-0.01344	0.00935	-0.03366	0.00401	-0.01758	0.00142
n6	-0.01642	-0.00392	-0.03556	0.00185	-0.01619	-0.00086
n7	0.00438	0.00204	-0.017	0.00507	-0.00515	0.00476
n8	0.0125	0.00643	0.00237	-0.00229	0.00629	0.00454
n9	0.01416	-0.01672	0.10675	-0.01994	0.05675	0.00325
n10	-0.00489	-0.21007	-0.06661	-0.00016	-0.00103	-0.00499
OL
n1	0.14283	-0.07923	0.04027	-0.04948	-0.09827	-0.09029	-0.06216	-0.01723	0.52934	-0.01183
