HL1
n1	0.01109	-0.00332	0.05298	-0.01062	0.02891	-0.00551
n2	0.00867	-0.00035	-0.01704	0.00574	-0.00489	0.00873
n3	0.00709	0.00294	0.01623	-0.0056	0.00925	0.00216
n4	0.009	0.00809	-0.01109	0.00247	-0.00631	0.00531
n5	-0.01345	0.00937	-0.03366	0.004	-0.01758	0.00141
n6	-0.01642	-0.00393	-0.03556	0.00185	-0.01619	-0.00085
n7	0.00438	0.00204	-0.01699	0.00508	-0.00515	0.00475
n8	0.01251	0.00644	0.00237	-0.00229	0.00629	0.00453
n9	0.01415	-0.01671	0.10676	-0.01994	0.05673	0.00325
n10	-0.00488	-0.21007	-0.06661	-0.00015	-0.00099	-0.00498
OL
n1	0.14283	-0.07928	0.04023	-0.04941	-0.09827	-0.09019	-0.06215	-0.01725	0.52928	-0.01184
