HL1
n1	-0.24984	-0.230026	-0.371171	-0.589976	0.0200428	-0.579839
n2	0.294128	-0.465247	0.0854709	-0.349813	0.110326	0.684161
n3	0.49254	-0.437379	-0.135252	-0.100592	-0.50101	0.46248
n4	-0.145587	0.714369	-0.416262	0.449859	-0.290243	-0.695631
n5	0.646902	0.0569565	0.148326	-0.0598916	0.940181	0.396956
n6	-0.0760379	0.783993	-0.0666969	0.840242	0.800418	-0.0260066
n7	-0.0670009	-0.0369772	0.464401	-0.329795	0.970353	0.423023
n8	0.479317	0.989312	0.850671	0.619976	0.669958	0.579312
n9	-0.764999	-0.695039	-0.367676	0.789897	0.929825	0.554961
n10	0.862355	-0.367603	-0.19408	-0.560258	-0.260438	0.652294
n11	0.588418	-0.691337	0.164055	-0.810141	-0.470241	-0.841595
n12	-0.551513	0.0286162	0.901984	0.299975	0.62995	0.778475
n13	0.834913	-0.175102	-0.809302	0.469942	0.399904	0.394873
n14	0.0460489	-0.423924	0.210347	-0.170029	-0.380047	-1.00398
n15	-0.0232563	-0.663254	0.245675	-0.929868	0.75023	0.266718
n16	0.290412	0.780283	-0.159091	0.829961	-0.460068	0.380415
n17	0.83896	-0.78093	0.480961	-0.879978	0.510031	-0.250969
n18	0.549025	0.978996	-0.0390348	0.499963	0.789936	0.0290177
n19	-0.338211	-0.78816	0.519333	0.900038	0.600064	-0.588197
n20	-0.546704	0.203045	-0.275492	0.389309	0.338831	0.423083
HL2
n1	0.660808	-0.917264	0.026036	0.675654	-0.419439	-0.251476	0.056758	0.24182	0.0202805	-0.936731	-0.500875	0.0913974	-0.400094	0.429982	-0.0597678	-0.205167	-0.850167	0.415579	-0.550014	0.399623	-0.557025
n2	-0.799898	0.919869	-0.729934	-0.679988	-0.310173	-0.849909	-0.639968	0.530167	-0.349885	-0.85016	0.730062	0.399974	0.700282	0.479953	-0.930071	0.25004	-0.0499202	0.130162	-0.829914	0.0199236	-0.440125
n3	-0.954643	0.46324	-0.362025	0.137449	0.479227	0.606376	-0.582991	-0.820317	-0.86436	0.552607	0.206008	-0.816161	0.940929	0.0552913	0.26425	-0.927516	-0.494262	0.282501	0.905691	-0.0454844	-0.42171
n4	-0.409869	0.629939	-0.179954	0.290095	-0.76988	-0.359904	0.610101	0.269924	-0.109887	0.339978	0.430127	0.569863	-0.190189	0.740211	0.759868	0.99988	-0.949872	0.199817	0.570126	0.69986	0.83013
n5	0.339895	0.830249	-0.750113	-0.489929	-0.439466	-0.730121	0.120024	-0.760491	-0.640157	-0.919656	-0.310014	-0.590068	-0.0409096	0.930332	0.780029	0.449778	0.189944	-0.54057	-0.910077	-0.29997	-0.889594
n6	-0.711753	0.200685	0.339437	0.338646	-1.00197	-0.391256	0.668587	-0.588674	0.268527	-0.339913	0.118261	0.671928	-0.606895	0.746894	-0.258206	0.851772	0.608269	-0.177142	0.0383074	-0.938096	-0.282062
n7	0.94802	0.852503	0.808701	-0.68024	-0.926728	-0.141797	0.819324	0.376732	0.0277645	-0.447026	-0.201198	-0.979396	-0.855604	-0.25915	0.701362	0.429254	-0.0315548	-0.943038	-0.691702	-0.40856	-0.647745
n8	-0.771496	0.681249	-0.370731	0.919325	0.700385	0.238786	-0.650861	-0.730666	-0.881473	-0.408835	-0.221198	-0.0489351	0.0892121	0.108987	-0.628705	-0.88952	-0.0913269	0.290088	-0.131366	-0.878627	0.559946
n9	-0.649165	-0.750674	0.8404	-0.249609	-0.490148	-0.789327	0.990491	-0.979694	-0.839186	0.349381	0.100678	-0.290611	0.820308	-0.66938	-0.290732	0.279694	-0.689254	0.599878	0.0107642	0.259224	-0.999936
n10	0.0353781	0.705216	0.902731	0.562202	-0.27235	0.234412	0.682912	-0.576854	0.115385	0.955249	0.33418	-0.763512	-0.765785	-0.557109	-0.714551	-0.291267	0.364703	-0.199203	-0.695136	-0.50484	0.689237
n11	0.970769	0.34477	0.269353	-0.8391	0.201302	0.766395	0.563062	0.0533361	-0.350266	0.0972009	-0.912446	-0.296655	0.419511	-0.510631	-0.758826	0.0999213	0.268915	0.281259	0.439208	0.830017	-0.964149
n12	-0.442412	0.641596	-0.611026	0.848618	-0.320672	-0.551871	0.378391	-0.509936	-0.812237	-0.928794	0.557893	-0.987917	1.00092	0.287336	-0.927757	0.531435	-0.252234	-0.438397	-0.402251	0.342378	-0.271089
n13	0.40014	0.979904	0.740061	-0.979921	-0.54997	0.120109	-0.449908	-0.419996	0.900131	-0.890076	0.360122	-0.740118	0.60996	-0.479852	-0.97013	-0.750079	-0.729871	-0.420083	0.730131	-0.520138	-0.799944
n14	0.61969	0.890267	0.779845	-0.720132	-0.0498899	0.519747	0.519827	-0.0301611	-0.940308	0.170259	0.829756	-0.679789	-0.670205	-1.00019	-0.989735	0.700086	0.709727	0.0599826	0.919719	-0.659719	0.880022
n15	0.660279	-0.390142	-0.449897	-0.029808	0.430215	-0.309792	-0.13979	0.789875	0.100245	0.749933	0.850263	0.899719	-0.05033	-0.539583	-0.750276	-0.960235	0.390268	-1.00034	0.270266	-0.730293	-0.249757
n16	-0.229052	0.929916	0.0501956	-0.219044	-0.527978	0.740619	-0.909068	-0.961537	-0.609302	-0.949555	-0.198927	-0.481335	0.246751	0.93244	-0.0211027	0.718556	0.211006	0.677364	-0.389046	-0.391169	-0.878091
n17	0.751185	-0.302416	0.785594	0.236223	0.273054	-0.787212	0.605055	0.545437	-0.738754	0.397286	0.643056	0.556034	-0.265829	0.604645	0.147532	0.582465	-0.167764	0.299599	0.651982	0.377986	0.760486
n18	0.519619	-0.889663	0.399807	-0.240157	0.940162	0.409688	0.239793	-0.940219	-0.690381	-0.159666	0.059703	-0.349751	-0.640291	0.659792	-0.729677	-0.239909	0.689666	0.349949	0.109655	0.230343	0.720049
n19	0.797837	-0.13734	-0.0913831	-0.470321	-0.126658	0.108063	0.899235	-0.423339	-0.642415	0.863148	-0.621346	-0.359293	0.244335	-0.409259	-0.79848	-0.380695	-0.291716	-0.493056	-0.621864	-0.658385	0.122305
n20	-0.428941	0.959139	-0.759713	-0.059428	-0.959863	-0.74917	-0.509323	-0.419892	-0.329001	0.089385	0.480905	-0.670867	0.00985627	-0.168957	0.139034	0.399452	-0.609031	-0.780525	0.230982	-0.741026	-0.249644
HL3
n1	0.230199	-0.789851	-0.110183	-0.0201739	-0.540196	0.579806	0.600162	0.810068	-0.910207	-0.74018	0.300103	-0.319808	0.99008	-0.249801	0.950195	-0.919809	-0.990007	0.980077	-0.419807	-0.550028	0.599807
n2	-0.57005	0.00990958	0.400038	-0.319954	0.300049	-0.369949	-0.700032	0.489997	0.810125	-0.409965	-0.229976	0.459861	-0.0600546	-0.85005	-0.450047	-0.980045	0.549942	0.270009	0.309955	0.270054	0.15005
n3	0.370122	-0.180364	0.819822	0.549911	0.42988	0.889904	-0.30982	0.900175	0.800516	0.389803	0.170499	0.789322	-0.860259	0.680117	0.150133	0.270141	-0.0805244	0.160295	-0.659851	-0.54961	0.179898
n4	0.520319	-0.239747	0.799708	-0.88028	-0.910315	0.339689	-0.609742	0.330107	0.209651	0.129714	0.450153	-0.159671	0.390135	0.920319	0.540312	0.630306	-0.399995	0.220117	-0.509692	-0.290056	-0.340309
n5	-0.670032	0.0300047	-0.779966	-0.439973	0.340032	-0.84997	0.509969	-0.810019	-0.360006	0.440034	-0.220043	0.630019	-0.439995	0.839968	0.449968	0.899968	0.300034	0.759972	-0.260033	0.559979	-0.79997
n6	0.708921	-0.399762	0.451131	0.710894	0.95106	0.721004	0.238961	0.809378	-0.21026	0.641157	-0.311489	-0.949261	0.9602	0.178934	-0.931085	0.828915	0.661192	0.0590228	0.408892	0.929256	-0.44899
n7	-0.359942	0.549889	0.489926	-0.380044	-0.540057	-0.38005	0.570071	0.960056	0.0501409	-0.24008	0.900165	0.249792	-0.270068	0.680057	-0.0899386	0.0600633	0.229829	0.730106	-0.979934	-0.959878	-0.630052
n8	0.377708	-0.858871	0.162484	-0.748131	0.982242	-0.72791	-0.0823243	0.938486	-0.791454	-0.047428	0.726235	0.412696	-0.729142	-0.222257	0.267676	-0.722338	0.493242	0.127576	0.377603	-0.872137	-0.367888
n9	0.630004	0.74	-0.570004	-0.310004	-0.310004	-0.740004	-0.00999603	0.500002	-0.31	-0.950004	-0.389995	0.979999	-0.23	0.0200042	-0.489996	0.990004	-0.990004	0.810003	-0.419996	-0.419998	-0.020004
n10	-0.0291516	-0.271393	0.829291	0.79609	-0.481225	0.207992	0.882359	-0.269788	0.262578	-0.260466	0.648431	-0.62629	-0.0196968	-0.258993	0.0808792	-0.699016	-0.295	0.625618	-0.759346	-0.258484	-0.63196
n11	-0.672453	0.115336	0.592988	0.203403	-0.157465	-0.637356	-0.263799	-0.487334	0.182582	0.743102	0.404211	0.90675	-0.39718	-0.842457	-0.972598	0.877267	0.0493798	-0.186902	0.857327	-0.520755	-0.39732
n12	-0.619986	0.349996	-0.900015	-0.450012	-0.590014	-0.400013	0.650014	0.200008	0.380005	-0.160015	-0.179979	0.999989	0.509997	0.370014	-0.0899857	0.370014	-0.540017	-0.639987	-0.569985	0.550011	-0.300013
n13	-0.279777	-0.649653	0.799818	0.969797	-0.920221	0.0397733	-0.179848	-0.299971	0.729523	0.0598303	-0.060048	0.790528	-0.159796	0.530226	0.0102139	0.870206	-0.0598074	-0.760011	-0.859795	-0.010186	0.879777
n14	0.640247	0.385248	-0.589604	0.239501	-0.850331	-0.630554	0.739372	-1.00125	-0.357205	-0.129374	-0.124543	-0.681054	-0.00665188	-0.52969	0.210098	-0.670009	0.135655	-0.652597	-0.240083	0.0455516	0.209513
n15	-0.578909	-0.499301	0.108978	-0.35095	-0.531077	-0.321056	0.490912	0.840412	-0.480961	0.37899	0.930682	-0.279162	-0.609648	0.271089	0.831072	-0.428946	-0.490173	0.490491	-0.448936	-0.560043	-0.331053
n16	0.199354	-0.649968	-0.899334	0.810543	0.880636	0.570604	0.259387	0.879638	0.269963	0.690679	0.479188	0.640275	0.0700745	0.0593603	-0.500648	-1.00065	0.0306008	0.139468	-0.150659	0.819639	0.160607
n17	0.700544	0.331276	-0.740385	0.269481	0.849457	-0.610574	0.100305	-0.310039	-0.401748	-0.190338	0.00947835	0.232	0.33077	-0.479445	0.340509	-0.00951923	-0.699038	0.419753	-0.049528	0.469163	0.179439
n18	-0.531247	-0.248946	0.351415	0.961	-0.438782	0.161111	0.838652	0.989035	0.258563	0.671485	0.777513	0.122245	0.530783	-0.461222	-0.761278	0.498705	0.0322757	-0.73156	-0.821335	0.148434	-0.848869
n19	0.622031	0.718813	0.717754	-0.401668	-0.202006	0.118138	0.252097	0.4914	-0.278465	0.337666	0.3835	-0.492743	0.0891211	-0.798002	0.442066	-0.177919	0.796923	1.00227	-0.117864	-0.517951	-0.961884
n20	0.109207	-0.322591	-0.37955	0.970779	0.260777	0.730852	-0.170337	-0.539778	-0.446511	-0.189648	0.311402	0.665856	-0.771548	0.129182	0.559279	0.229333	0.307787	0.240745	0.859356	0.851841	-0.0591751
OL
n1	0.0945721	-0.886138	-0.986222	0.725505	0.805746	0.392364	-0.974241	0.897193	-0.664271	0.804137	0.61114	-0.0641548	0.823972	0.885852	0.634853	0.703371	0.825396	0.672808	-0.8629	-0.375212
