ds1	-2.33321727
1.00794
0.0322683
0
0
1.00794
0.0677317
0
0
ds2	-2.33187685
1.00794
0.0330172
0.000251337
0.000389589
1.00794
0.0669828
-0.000251337
-0.000389589
ds3	-2.33091203
1.00794
0.0332584
0.000510188
0.000790827
1.00794
0.0667416
-0.000510188
-0.000790827
ds4	-2.33264641
1.00794
0.0328201
0.000789728
0.00122414
1.00794
0.0671799
-0.000789728
-0.00122414
ds5	-2.33298931
1.00794
0.0320589
0.00108408
0.00168043
1.00794
0.0679411
-0.00108408
-0.00168043
ds6	-2.33131761
1.00794
0.0314861
0.001367
0.00211903
1.00794
0.0685139
-0.001367
-0.00211903
ds7	-2.33081864
1.00794
0.0314281
0.00161188
0.00249871
1.00794
0.0685719
-0.00161188
-0.00249871
ds8	-2.33235525
1.00794
0.0319407
0.00180721
0.00280166
1.00794
0.0680593
-0.00180721
-0.00280166
ds9	-2.33315698
1.00794
0.0328073
0.00196708
0.00304972
1.00794
0.0671927
-0.00196708
-0.00304972
ds10	-2.33148442
1.00794
0.0335756
0.00213819
0.00331529
1.00794
0.0664244
-0.00213819
-0.00331529
ds11	-2.33110666
1.00794
0.0337773
0.00238304
0.00369531
1.00794
0.0662227
-0.00238304
-0.00369531
ds12	-2.33293842
1.00794
0.0333529
0.00271984
0.00421798
1.00794
0.0666471
-0.00271984
-0.00421798
ds13	-2.33273332
1.00794
0.0327147
0.00309159
0.00479491
1.00794
0.0672853
-0.00309159
-0.00479491
ds14	-2.33103798
1.00794
0.032336
0.00341699
0.00529994
1.00794
0.067664
-0.00341699
-0.00529994
ds15	-2.33099430
1.00794
0.0324781
0.00364169
0.00564869
1.00794
0.0675219
-0.00364169
-0.00564869
ds16	-2.33267785
1.00794
0.0331416
0.00375819
0.00582951
1.00794
0.0668584
-0.00375819
-0.00582951
ds17	-2.33298291
1.00794
0.0340718
0.00381532
0.0059181
1.00794
0.0659282
-0.00381532
-0.0059181
ds18	-2.33115153
1.00794
0.0348157
0.00391716
0.00607591
1.00794
0.0651843
-0.00391716
-0.00607591
ds19	-2.33141090
1.00794
0.034981
0.00416837
0.00646525
1.00794
0.065019
-0.00416837
-0.00646525
ds20	-2.33313352
1.00794
0.0346155
0.00456697
0.00708305
1.00794
0.0653845
-0.00456697
-0.00708305
ds21	-2.33241404
1.00794
0.0341442
0.00499705
0.00774951
1.00794
0.0658558
-0.00499705
-0.00774951
ds22	-2.33083019
1.00794
0.0339735
0.00533241
0.00826903
1.00794
0.0660265
-0.00533241
-0.00826903
ds23	-2.33124579
1.00794
0.0342941
0.00550436
0.00853513
1.00794
0.0657059
-0.00550436
-0.00853513
ds24	-2.33294443
1.00794
0.0350586
0.00552076
0.00856006
1.00794
0.0649414
-0.00552076
-0.00856006
ds25	-2.33270451
1.00794
0.0359948
0.00547373
0.00848668
1.00794
0.0640052
-0.00547373
-0.00848668
ds26	-2.33091570
1.00794
0.036683
0.00552369
0.00856368
1.00794
0.063317
-0.00552369
-0.00856368
ds27	-2.33178434
1.00794
0.0368314
0.00579756
0.00898785
1.00794
0.0631686
-0.00579756
-0.00898785
ds28	-2.33321517
1.00794
0.0365709
0.0062515
0.00969121
1.00794
0.0634291
-0.0062515
-0.00969121
ds29	-2.33205848
1.00794
0.036296
0.00671205
0.010405
1.00794
0.063704
-0.00671205
-0.010405
ds30	-2.33070805
1.00794
0.036328
0.00702229
0.0108858
1.00794
0.063672
-0.00702229
-0.0108858
ds31	-2.33155768
1.00794
0.0367881
0.00711263
0.0110258
1.00794
0.0632119
-0.00711263
-0.0110258
ds32	-2.33313074
1.00794
0.037595
0.00701628
0.0108764
1.00794
0.062405
-0.00701628
-0.0108764
ds33	-2.33234493
1.00794
0.0384839
0.00687346
0.0106551
1.00794
0.0615161
-0.00687346
-0.0106551
ds34	-2.33080686
1.00794
0.0391011
0.00689282
0.0106853
1.00794
0.0608989
-0.00689282
-0.0106853
ds35	-2.33218305
1.00794
0.0392647
0.00719901
0.0111601
1.00794
0.0607353
-0.00719901
-0.0111601
ds36	-2.33317739
1.00794
0.0391499
0.00769189
0.0119245
1.00794
0.0608501
-0.00769189
-0.0119245
ds37	-2.33169396
1.00794
0.0390835
0.00815049
0.0126356
1.00794
0.0609165
-0.00815049
-0.0126356
ds38	-2.33067899
1.00794
0.0392928
0.00840324
0.0130276
1.00794
0.0607072
-0.00840324
-0.0130276
ds39	-2.33190436
1.00794
0.039839
0.00839167
0.0130098
1.00794
0.060161
-0.00839167
-0.0130098
ds40	-2.33321325
1.00794
0.0406258
0.00818145
0.0126839
1.00794
0.0593742
-0.00818145
-0.0126839
ds41	-2.33194156
1.00794
0.0414247
0.00796081
0.0123419
1.00794
0.0585753
-0.00796081
-0.0123419
ds42	-2.33084085
1.00794
0.0419743
0.00797165
0.0123586
1.00794
0.0580257
-0.00797165
-0.0123586
ds43	-2.33256091
1.00794
0.0421925
0.00831163
0.0128857
1.00794
0.0578075
-0.00831163
-0.0128857
ds44	-2.33302982
1.00794
0.0422526
0.00882004
0.0136738
1.00794
0.0577474
-0.00882004
-0.0136738
ds45	-2.33135161
1.00794
0.0423868
0.00924408
0.014331
1.00794
0.0576132
-0.00924408
-0.014331
ds46	-2.33074662
1.00794
0.0427311
0.00941312
0.014593
1.00794
0.0572689
-0.00941312
-0.014593
ds47	-2.33226051
1.00794
0.0433016
0.00928934
0.0144009
1.00794
0.0566984
-0.00928934
-0.0144009
ds48	-2.33318033
1.00794
0.0440097
0.00897462
0.0139128
1.00794
0.0559903
-0.00897462
-0.0139128
ds49	-2.33153836
1.00794
0.0446914
0.00869977
0.0134865
1.00794
0.0553086
-0.00869977
-0.0134865
ds50	-2.33101254
1.00794
0.0451931
0.00871975
0.0135172
1.00794
0.0548069
-0.00871975
-0.0135172
ds51	-2.33287604
1.00794
0.0455047
0.00908473
0.0140827
1.00794
0.0544953
-0.00908473
-0.0140827
ds52	-2.33278764
1.00794
0.0457522
0.00957953
0.0148495
1.00794
0.0542478
-0.00957953
-0.0148495
ds53	-2.33105534
1.00794
0.04606
0.00993839
0.0154055
1.00794
0.05394
-0.00993839
-0.0154055
ds54	-2.33090599
1.00794
0.0464838
0.0100052
0.0155087
1.00794
0.0535162
-0.0100052
-0.0155087
ds55	-2.33259710
1.00794
0.0470139
0.00976931
0.0151428
1.00794
0.0529861
-0.00976931
-0.0151428
ds56	-2.33302923
1.00794
0.0475944
0.00936861
0.0145214
1.00794
0.0524056
-0.00936861
-0.0145214
ds57	-2.33118195
1.00794
0.04815
0.00906553
0.0140513
1.00794
0.05185
-0.00906553
-0.0140513
ds58	-2.33130059
1.00794
0.0486356
0.00910501
0.0141122
1.00794
0.0513644
-0.00910501
-0.0141122
ds59	-2.33309793
1.00794
0.0490713
0.00947733
0.0146889
1.00794
0.0509287
-0.00947733
-0.0146889
ds60	-2.33247362
1.00794
0.0494993
0.0099278
0.0153867
1.00794
0.0505007
-0.0099278
-0.0153867
ds61	-2.33082562
1.00794
0.0499365
0.0101965
0.0158028
1.00794
0.0500635
-0.0101965
-0.0158028
ds62	-2.33114584
1.00794
0.0503757
0.0101524
0.0157341
1.00794
0.0496243
-0.0101524
-0.0157341
ds63	-2.33288371
1.00794
0.050804
0.00981523
0.0152112
1.00794
0.049196
-0.00981523
-0.0152112
ds64	-2.33276698
1.00794
0.0512223
0.00935413
0.0144963
1.00794
0.0487777
-0.00935413
-0.0144963
ds65	-2.33091562
1.00794
0.0516608
0.00904753
0.0140207
1.00794
0.0483392
-0.00904753
-0.0140207
ds66	-2.33167004
1.00794
0.0521668
0.00910759
0.0141134
1.00794
0.0478332
-0.00910759
-0.0141134
ds67	-2.33320702
1.00794
0.052743
0.00946285
0.0146635
1.00794
0.047257
-0.00946285
-0.0146635
ds68	-2.33211801
1.00794
0.0533257
0.00984016
0.0152477
1.00794
0.0466743
-0.00984016
-0.0152477
ds69	-2.33068172
1.00794
0.0538356
0.0100023
0.0154986
1.00794
0.0461644
-0.0100023
-0.0154986
ds70	-2.33145053
1.00794
0.054225
0.00985002
0.0152622
1.00794
0.045775
-0.00985002
-0.0152622
ds71	-2.33309355
1.00794
0.0545004
0.00943214
0.0146143
1.00794
0.0454996
-0.00943214
-0.0146143
ds72	-2.33241778
1.00794
0.0547405
0.00894019
0.0138516
1.00794
0.0452595
-0.00894019
-0.0138516
ds73	-2.33077391
1.00794
0.0550872
0.00864936
0.0134004
1.00794
0.0449128
-0.00864936
-0.0134004
ds74	-2.33207328
1.00794
0.0556473
0.00872126
0.0135113
1.00794
0.0443527
-0.00872126
-0.0135113
ds75	-2.33319518
1.00794
0.0563622
0.0090322
0.0139924
1.00794
0.0436378
-0.0090322
-0.0139924
ds76	-2.33174825
1.00794
0.0570562
0.00931338
0.0144274
1.00794
0.0429438
-0.00931338
-0.0144274
ds77	-2.33063077
1.00794
0.0575749
0.00936301
0.0145037
1.00794
0.0424251
-0.00936301
-0.0145037
ds78	-2.33179635
1.00794
0.0578533
0.00911576
0.0141201
1.00794
0.0421467
-0.00911576
-0.0141201
ds79	-2.33320380
1.00794
0.0579393
0.00864503
0.0133903
1.00794
0.0420607
-0.00864503
-0.0133903
ds80	-2.33201553
1.00794
0.0580046
0.00815186
0.0126257
1.00794
0.0419954
-0.00815186
-0.0126257
ds81	-2.33077546
1.00794
0.0582952
0.00788802
0.0122162
1.00794
0.0417048
-0.00788802
-0.0122162
ds82	-2.33246578
1.00794
0.0589337
0.00795492
0.012319
1.00794
0.0410663
-0.00795492
-0.012319
ds83	-2.33306914
1.00794
0.0597669
0.0081952
0.0126901
1.00794
0.0402331
-0.0081952
-0.0126901
ds84	-2.33139359
1.00794
0.0605167
0.00836559
0.0129531
1.00794
0.0394833
-0.00836559
-0.0129531
ds85	-2.33067707
1.00794
0.0609793
0.00830746
0.0128621
1.00794
0.0390207
-0.00830746
-0.0128621
ds86	-2.33215817
1.00794
0.0610964
0.00798789
0.0123663
1.00794
0.0389036
-0.00798789
-0.0123663
ds87	-2.33319877
1.00794
0.0609748
0.00749643
0.0116044
1.00794
0.0390252
-0.00749643
-0.0116044
ds88	-2.33160136
1.00794
0.0608871
0.00702805
0.0108782
1.00794
0.0391129
-0.00702805
-0.0108782
ds89	-2.33092005
1.00794
0.0611607
0.00679277
0.0105128
1.00794
0.0388393
-0.00679277
-0.0105128
ds90	-2.33280476
1.00794
0.0618862
0.00683254
0.0105733
1.00794
0.0381138
-0.00683254
-0.0105733
ds91	-2.33284362
1.00794
0.0627998
0.00698029
0.0108008
1.00794
0.0372002
-0.00698029
-0.0108008
ds92	-2.33108052
1.00794
0.0635432
0.00703515
0.0108848
1.00794
0.0364568
-0.00703515
-0.0108848
ds93	-2.33081853
1.00794
0.0638905
0.00688419
0.0106503
1.00794
0.0361095
-0.00688419
-0.0106503
ds94	-2.33250781
1.00794
0.0638111
0.00652169
0.0100886
1.00794
0.0361889
-0.00652169
-0.0100886
ds95	-2.33307392
1.00794
0.0634837
0.00604203
0.00934588
1.00794
0.0365163
-0.00604203
-0.00934588
ds96	-2.33122395
1.00794
0.0632784
0.00561702
0.00868774
1.00794
0.0367216
-0.00561702
-0.00868774
ds97	-2.33118868
1.00794
0.0635691
0.00540177
0.00835404
1.00794
0.0364309
-0.00540177
-0.00835404
ds98	-2.33305383
1.00794
0.0643719
0.00539032
0.00833554
1.00794
0.0356281
-0.00539032
-0.00833554
ds99	-2.33253991
1.00794
0.0653144
0.0054313
0.00839812
1.00794
0.0346856
-0.0054313
-0.00839812
ds100	-2.33083161
1.00794
0.0659883
0.00537697
0.00831331
1.00794
0.0340117
-0.00537697
-0.00831331
ds101	-2.33104424
1.00794
0.0661722
0.00515784
0.00797373
1.00794
0.0338278
-0.00515784
-0.00797373
ds102	-2.33281335
1.00794
0.0658795
0.00478674
0.00739917
1.00794
0.0341205
-0.00478674
-0.00739917
ds103	-2.33283333
1.00794
0.0653674
0.00434949
0.00672226
1.00794
0.0346326
-0.00434949
-0.00672226
ds104	-2.33092856
1.00794
0.0650885
0.00397831
0.00614729
1.00794
0.0349115
-0.00397831
-0.00614729
ds105	-2.33154846
1.00794
0.0654192
0.0037679
0.0058206
1.00794
0.0345808
-0.0037679
-0.0058206
ds106	-2.33319183
1.00794
0.0662712
0.00368495
0.00569067
1.00794
0.0337288
-0.00368495
-0.00569067
ds107	-2.33218619
1.00794
0.0671839
0.00361578
0.0055819
1.00794
0.0328161
-0.00361578
-0.0055819
ds108	-2.33066364
1.00794
0.0677316
0.00346983
0.00535451
1.00794
0.0322684
-0.00346983
-0.00535451
ds109	-2.33133870
1.00794
0.0677201
0.0032145
0.00495824
1.00794
0.0322799
-0.0032145
-0.00495824
ds110	-2.33304726
1.00794
0.0672181
0.0028702
0.00442469
1.00794
0.0327819
-0.0028702
-0.00442469
ds111	-2.33249745
1.00794
0.0665584
0.0024996
0.00385062
1.00794
0.0334416
-0.0024996
-0.00385062
ds112	-2.33075153
1.00794
0.0662505
0.00218208
0.0033584
1.00794
0.0337495
-0.00218208
-0.0033584
ds113	-2.33195369
1.00794
0.0666276
0.00195649
0.00300776
1.00794
0.0333724
-0.00195649
-0.00300776
ds114	-2.33320819
1.00794
0.0674862
0.00178749
0.0027442
1.00794
0.0325138
-0.00178749
-0.0027442
ds115	-2.33181144
1.00794
0.0683096
0.00161483
0.00247511
1.00794
0.0316904
-0.00161483
-0.00247511
ds116	-2.33058848
1.00794
0.0686865
0.00140273
0.00214563
1.00794
0.0313135
-0.00140273
-0.00214563
ds117	-2.33168197
1.00794
0.068467
0.00114577
0.0017476
1.00794
0.031533
-0.00114577
-0.0017476
ds118	-2.33318646
1.00794
0.0677789
0.000859669
0.00130515
1.00794
0.0322211
-0.000859669
-0.00130515
ds119	-2.33209833
1.00794
0.0670202
0.00057007
0.000857408
1.00794
0.0329798
-0.00057007
-0.000857408
ds120	-2.33071827
1.00794
0.0667219
0.000295834
0.000432776
1.00794
0.0332781
-0.000295834
-0.000432776
ds121	-2.33236146
1.00794
0.0671342
3.4129e-05
2.6472e-05
1.00794
0.0328658
-3.4129e-05
-2.6472e-05
ds122	-2.33310792
1.00794
0.0679475
-0.000226797
-0.000379238
1.00794
0.0320525
0.000226797
0.000379238
ds123	-2.33144577
1.00794
0.0686282
-0.00048604
-0.000782135
1.00794
0.0313718
0.00048604
0.000782135
ds124	-2.33061198
1.00794
0.0688062
-0.000732159
-0.00116392
1.00794
0.0311938
0.000732159
0.00116392
ds125	-2.33204845
1.00794
0.0683859
-0.000954965
-0.00150865
1.00794
0.0316141
0.000954965
0.00150865
ds126	-2.33321124
1.00794
0.0675521
-0.00115627
-0.00181943
1.00794
0.0324479
0.00115627
0.00181943
ds127	-2.33167452
1.00794
0.0667473
-0.00135945
-0.00213322
1.00794
0.0332527
0.00135945
0.00213322
ds128	-2.33082922
1.00794
0.0664837
-0.00160654
-0.00251595
1.00794
0.0335163
0.00160654
0.00251595
ds129	-2.33272081
1.00794
0.0669026
-0.0019201
-0.00300287
1.00794
0.0330974
0.0019201
0.00300287
ds130	-2.33289949
1.00794
0.0676161
-0.00226711
-0.00354218
1.00794
0.0323839
0.00226711
0.00354218
ds131	-2.33111422
1.00794
0.0681129
-0.0025862
-0.00403798
1.00794
0.0318871
0.0025862
0.00403798
ds132	-2.33073114
1.00794
0.0680835
-0.00283021
-0.0044166
1.00794
0.0319165
0.00283021
0.0044166
ds133	-2.33240817
1.00794
0.0674903
-0.00298596
-0.00465752
1.00794
0.0325097
0.00298596
0.00465752
ds134	-2.33311452
1.00794
0.0665637
-0.00308486
-0.00480977
1.00794
0.0334363
0.00308486
0.00480977
ds135	-2.33127805
1.00794
0.065763
-0.00320727
-0.00499867
1.00794
0.034237
0.00320727
0.00499867
ds136	-2.33107499
1.00794
0.0655417
-0.00344766
-0.00537139
1.00794
0.0344583
0.00344766
0.00537139
ds137	-2.33299895
1.00794
0.0659254
-0.00382228
-0.00595316
1.00794
0.0340746
0.00382228
0.00595316
ds138	-2.33260923
1.00794
0.0664891
-0.0042402
-0.00660224
1.00794
0.0335109
0.0042402
0.00660224
ds139	-2.33084564
1.00794
0.0667775
-0.00458739
-0.00714104
1.00794
0.0332225
0.00458739
0.00714104
ds140	-2.33094127
1.00794
0.0665531
-0.00479443
-0.00746153
1.00794
0.0334469
0.00479443
0.00746153
ds141	-2.33273257
1.00794
0.0658312
-0.00485744
-0.00755777
1.00794
0.0341688
0.00485744
0.00755777
ds142	-2.33289928
1.00794
0.0648711
-0.00484741
-0.00754027
1.00794
0.0351289
0.00484741
0.00754027
ds143	-2.33095370
1.00794
0.0641152
-0.00490402
-0.00762632
1.00794
0.0358848
0.00490402
0.00762632
ds144	-2.33142166
1.00794
0.0639259
-0.00515757
-0.00801853
1.00794
0.0360741
0.00515757
0.00801853
ds145	-2.33316813
1.00794
0.0642271
-0.0055928
-0.00869315
1.00794
0.0357729
0.0055928
0.00869315
ds146	-2.33226127
1.00794
0.0646027
-0.00605732
-0.00941334
1.00794
0.0353973
0.00605732
0.00941334
ds147	-2.33065506
1.00794
0.0646785
-0.00639743
-0.00994029
1.00794
0.0353215
0.00639743
0.00994029
ds148	-2.33122492
1.00794
0.0642907
-0.00653548
-0.0101534
1.00794
0.0357093
0.00653548
0.0101534
ds149	-2.33299197
1.00794
0.063497
-0.00648791
-0.0100782
1.00794
0.036503
0.00648791
0.0100782
ds150	-2.33258170
1.00794
0.0625615
-0.00637219
-0.00989731
1.00794
0.0374385
0.00637219
0.00989731
ds151	-2.33074230
1.00794
0.0618759
-0.00638313
-0.00991322
1.00794
0.0381242
0.00638313
0.00991322
ds152	-2.33182767
1.00794
0.061692
-0.00666375
-0.0103481
1.00794
0.038308
0.00666375
0.0103481
ds153	-2.33321596
1.00794
0.061865
-0.0071478
-0.0110989
1.00794
0.038135
0.0071478
0.0110989
ds154	-2.33188336
1.00794
0.0620308
-0.00762735
-0.0118427
1.00794
0.0379692
0.00762735
0.0118427
ds155	-2.33055400
1.00794
0.0619098
-0.00792515
-0.0123044
1.00794
0.0380902
0.00792515
0.0123044
ds156	-2.33156217
1.00794
0.0614066
-0.0079686
-0.0123711
1.00794
0.0385934
0.0079686
0.0123711
ds157	-2.33315913
1.00794
0.0606045
-0.00780322
-0.0121136
1.00794
0.0393955
0.00780322
0.0121136
ds158	-2.33218778
1.00794
0.0597449
-0.00759559
-0.0117905
1.00794
0.0402551
0.00759559
0.0117905
ds159	-2.33066826
1.00794
0.0591369
-0.00758416
-0.0117719
1.00794
0.0408631
0.00758416
0.0117719
ds160	-2.33224401
1.00794
0.0589216
-0.00789865
-0.0122592
1.00794
0.0410784
0.00789865
0.0122592
ds161	-2.33314200
1.00794
0.05893
-0.00841131
-0.0130541
1.00794
0.04107
0.00841131
0.0130541
ds162	-2.33150746
1.00794
0.0588836
-0.00887246
-0.0137689
1.00794
0.0411164
0.00887246
0.0137689
ds163	-2.33055196
1.00794
0.0586012
-0.00909794
-0.014118
1.00794
0.0413988
0.00909794
0.014118
ds164	-2.33193001
1.00794
0.0580425
-0.00903131
-0.0140138
1.00794
0.0419576
0.00903131
0.0140138
ds165	-2.33321639
1.00794
0.0572949
-0.00875272
-0.0135807
1.00794
0.0427051
0.00875272
0.0135807
ds166	-2.33176104
1.00794
0.0565482
-0.00847525
-0.0131492
1.00794
0.0434518
0.00847525
0.0131492
ds167	-2.33074499
1.00794
0.0560064
-0.00846301
-0.0131292
1.00794
0.0439936
0.00846301
0.0131292
ds168	-2.33262541
1.00794
0.0557183
-0.00880818
-0.0136637
1.00794
0.0442817
0.00880818
0.0136637
ds169	-2.33295734
1.00794
0.0555397
-0.00932213
-0.0144599
1.00794
0.0444603
0.00932213
0.0144599
ds170	-2.33116097
1.00794
0.0552992
-0.00973183
-0.0150944
1.00794
0.0447008
0.00973183
0.0150944
ds171	-2.33064817
1.00794
0.0549061
-0.00986162
-0.0152948
1.00794
0.0450939
0.00986162
0.0152948
ds172	-2.33229965
1.00794
0.0543579
-0.00967951
-0.0150114
1.00794
0.0456421
0.00967951
0.0150114
ds173	-2.33315123
1.00794
0.0537216
-0.00930215
-0.0144252
1.00794
0.0462784
0.00930215
0.0144252
ds174	-2.33134595
1.00794
0.0531077
-0.00898101
-0.0139261
1.00794
0.0468923
0.00898101
0.0139261
ds175	-2.33096166
1.00794
0.0526057
-0.00898347
-0.0139289
1.00794
0.0473943
0.00898347
0.0139289
ds176	-2.33293248
1.00794
0.0522082
-0.00934603
-0.0144899
1.00794
0.0477918
0.00934603
0.0144899
ds177	-2.33268145
1.00794
0.0518394
-0.0098301
-0.0152393
1.00794
0.0481606
0.0098301
0.0152393
ds178	-2.33086926
1.00794
0.0514416
-0.0101594
-0.0157488
1.00794
0.0485584
0.0101594
0.0157488
ds179	-2.33083794
1.00794
0.051
-0.0101794
-0.0157789
1.00794
0.049
0.0101794
0.0157789
ds180	-2.33264109
1.00794
0.0505277
-0.00988783
-0.0153259
1.00794
0.0494723
0.00988783
0.0153259
ds181	-2.33296302
1.00794
0.0500467
-0.00943504
-0.014623
1.00794
0.0499533
0.00943504
0.014623
ds182	-2.33099140
1.00794
0.0495663
-0.00909726
-0.0140984
1.00794
0.0504337
0.00909726
0.0140984
ds183	-2.33129020
1.00794
0.0490685
-0.00912114
-0.0141342
1.00794
0.0509315
0.00912114
0.0141342
ds184	-2.33313398
1.00794
0.0485366
-0.00947933
-0.0146882
1.00794
0.0514634
0.00947933
0.0146882
ds185	-2.33234023
1.00794
0.0479946
-0.00990244
-0.0153426
1.00794
0.0520054
0.00990244
0.0153426
ds186	-2.33065318
1.00794
0.0474921
-0.01013
-0.0156942
1.00794
0.0525079
0.01013
0.0156942
ds187	-2.33110716
1.00794
0.0470688
-0.0100376
-0.0155499
1.00794
0.0529312
0.0100376
0.0155499
ds188	-2.33292467
1.00794
0.0467308
-0.00965306
-0.0149531
1.00794
0.0532692
0.00965306
0.0149531
ds189	-2.33266628
1.00794
0.0464315
-0.00915389
-0.0141787
1.00794
0.0535685
0.00915389
0.0141787
ds190	-2.33074274
1.00794
0.0460666
-0.00882318
-0.0136653
1.00794
0.0539334
0.00882318
0.0136653
ds191	-2.33169107
1.00794
0.0455355
-0.00886519
-0.0137291
1.00794
0.0544645
0.00886519
0.0137291
ds192	-2.33321479
1.00794
0.0448609
-0.00919233
-0.0142344
1.00794
0.0551391
0.00919233
0.0142344
ds193	-2.33196206
1.00794
0.0441817
-0.00952759
-0.0147523
1.00794
0.0558183
0.00952759
0.0147523
ds194	-2.33052566
1.00794
0.0436374
-0.0096419
-0.0149281
1.00794
0.0563626
0.0096419
0.0149281
ds195	-2.33143599
1.00794
0.0432981
-0.00944542
-0.0146226
1.00794
0.0567019
0.00944542
0.0146226
ds196	-2.33312189
1.00794
0.0431402
-0.00899338
-0.0139215
1.00794
0.0568598
0.00899338
0.0139215
ds197	-2.33228495
1.00794
0.0430295
-0.00847912
-0.0131241
1.00794
0.0569705
0.00847912
0.0131241
ds198	-2.33062921
1.00794
0.0427483
-0.00817229
-0.0126477
1.00794
0.0572517
0.00817229
0.0126477
ds199	-2.33211595
1.00794
0.0421527
-0.00821972
-0.0127195
1.00794
0.0578473
0.00821972
0.0127195
ds200	-2.33317224
1.00794
0.0413463
-0.00848784
-0.0131327
1.00794
0.0586537
0.00848784
0.0131327
ds201	-2.33157840
1.00794
0.0405811
-0.00871567
-0.0134836
1.00794
0.0594189
0.00871567
0.0134836
ds202	-2.33049659
1.00794
0.0400615
-0.00871621
-0.0134828
1.00794
0.0599385
0.00871621
0.0134828
ds203	-2.33180296
1.00794
0.0398637
-0.00843449
-0.0130454
1.00794
0.0601363
0.00843449
0.0130454
ds204	-2.33321218
1.00794
0.039914
-0.00794643
-0.0122888
1.00794
0.060086
0.00794643
0.0122888
ds205	-2.33185597
1.00794
0.039979
-0.0074467
-0.011514
1.00794
0.060021
0.0074467
0.011514
ds206	-2.33066540
1.00794
0.039742
-0.0071714
-0.0110863
1.00794
0.060258
0.0071714
0.0110863
ds207	-2.33251734
1.00794
0.0390637
-0.00720449
-0.0111354
1.00794
0.0609363
0.00720449
0.0111354
ds208	-2.33301346
1.00794
0.038156
-0.00738865
-0.011418
1.00794
0.061844
0.00738865
0.011418
ds209	-2.33121654
1.00794
0.0373663
-0.00749917
-0.0115869
1.00794
0.0626337
0.00749917
0.0115869
ds210	-2.33056780
1.00794
0.0369357
-0.00739641
-0.0114261
1.00794
0.0630643
0.00739641
0.0114261
ds211	-2.33218133
1.00794
0.0369237
-0.00705664
-0.0108993
1.00794
0.0630763
0.00705664
0.0108993
ds212	-2.33318196
1.00794
0.0371902
-0.0065664
-0.0101401
1.00794
0.0628098
0.0065664
0.0101401
ds213	-2.33142629
1.00794
0.0374004
-0.00610497
-0.00942556
1.00794
0.0625996
0.00610497
0.00942556
ds214	-2.33084980
1.00794
0.0371676
-0.0058581
-0.00904234
1.00794
0.0628324
0.0058581
0.00904234
ds215	-2.33285367
1.00794
0.0364059
-0.00585263
-0.00903179
1.00794
0.0635941
0.00585263
0.00903179
ds216	-2.33275562
1.00794
0.035443
-0.00593372
-0.00915489
1.00794
0.064557
0.00593372
0.00915489
ds217	-2.33090246
1.00794
0.034694
-0.00592762
-0.00914357
1.00794
0.065306
0.00592762
0.00914357
ds218	-2.33073445
1.00794
0.034408
-0.00574213
-0.00885562
1.00794
0.065592
0.00574213
0.00885562
ds219	-2.33253835
1.00794
0.0346081
-0.00537765
-0.0082917
1.00794
0.0653919
0.00537765
0.0082917
ds220	-2.33302513
1.00794
0.0350788
-0.00491857
-0.00758191
1.00794
0.0649212
0.00491857
0.00758191
ds221	-2.33104383
1.00794
0.0353923
-0.00451133
-0.00695194
1.00794
0.0646077
0.00451133
0.00695194
ds222	-2.33115496
1.00794
0.0351329
-0.00428108
-0.00659457
1.00794
0.0648671
0.00428108
0.00659457
ds223	-2.33308887
1.00794
0.0343069
-0.00421405
-0.00648844
1.00794
0.0656931
0.00421405
0.00648844
ds224	-2.33242387
1.00794
0.0333462
-0.00418324
-0.00643792
1.00794
0.0666538
0.00418324
0.00643792
ds225	-2.33065966
1.00794
0.0326997
-0.00407354
-0.00626585
1.00794
0.0673003
0.00407354
0.00626585
ds226	-2.33098570
1.00794
0.0325991
-0.00383535
-0.00589598
1.00794
0.0674009
0.00383535
0.00589598
ds227	-2.33284546
1.00794
0.0330171
-0.00348293
-0.00535037
1.00794
0.0669829
0.00348293
0.00535037
ds228	-2.33275197
1.00794
0.0336609
-0.00308422
-0.00473357
1.00794
0.0663391
0.00308422
0.00473357
ds229	-2.33075569
1.00794
0.03403
-0.00273736
-0.00419634
1.00794
0.06597
0.00273736
0.00419634
ds230	-2.33154637
1.00794
0.0337266
-0.00250577
-0.00383587
1.00794
0.0662734
0.00250577
0.00383587
ds231	-2.33320469
1.00794
0.0328726
-0.00235893
-0.00360519
1.00794
0.0671274
0.00235893
0.00360519
ds232	-2.33204678
1.00794
0.0319757
-0.00221797
-0.00338359
1.00794
0.0680243
0.00221797
0.00338359
ds233	-2.33050353
1.00794
0.0314839
-0.0020271
-0.00308595
1.00794
0.068516
0.0020271
0.00308595
ds234	-2.33130405
1.00794
0.0315911
-0.00177063
-0.00268851
1.00794
0.0684089
0.00177063
0.00268851
ds235	-2.33307291
1.00794
0.0322118
-0.00146468
-0.00221603
1.00794
0.0677882
0.00146468
0.00221603
ds236	-2.33238481
1.00794
0.032983
-0.00114625
-0.00172473
1.00794
0.067017
0.00114625
0.00172473
ds237	-2.33059898
1.00794
0.0333628
-0.000854111
-0.00127302
1.00794
0.0666372
0.000854111
0.00127302
ds238	-2.33197727
1.00794
0.0330165
-0.000599172
-0.000876764
1.00794
0.0669835
0.000599172
0.000876764
ds239	-2.33319641
1.00794
0.0321834
-0.000361353
-0.000505564
1.00794
0.0678166
0.000361353
0.000505564
ds240	-2.33165667
1.00794
0.0314086
-0.000122317
-0.000132662
1.00794
0.0685914
0.000122317
0.000132662
ds241	-2.33044650
1.00794
0.0311085
0.000119873
0.000243672
1.00794
0.0688915
-0.000119873
-0.000243672
ds242	-2.33166956
1.00794
0.0314249
0.000358164
0.00061207
1.00794
0.0685751
-0.000358164
-0.00061207
ds243	-2.33319870
1.00794
0.0322144
0.000587331
0.000964874
1.00794
0.0677856
-0.000587331
-0.000964874
ds244	-2.33195820
1.00794
0.033059
0.000814671
0.00131468
1.00794
0.066941
-0.000814671
-0.00131468
ds245	-2.33059241
1.00794
0.0334146
0.0010655
0.00170241
1.00794
0.0665854
-0.0010655
-0.00170241
ds246	-2.33239604
1.00794
0.0330453
0.00136286
0.00216453
1.00794
0.0669547
-0.00136286
-0.00216453
ds247	-2.33306492
1.00794
0.0322883
0.00169135
0.00267614
1.00794
0.0677117
-0.00169135
-0.00267614
ds248	-2.33127883
1.00794
0.0316844
0.00200518
0.00316464
1.00794
0.0683156
-0.00200518
-0.00316464
ds249	-2.33048871
1.00794
0.0315941
0.00226276
0.00356446
1.00794
0.0684059
-0.00226276
-0.00356446
ds250	-2.33205179
1.00794
0.0321007
0.00244696
0.00384879
1.00794
0.0678993
-0.00244696
-0.00384879
ds251	-2.33320282
1.00794
0.0330093
0.00257623
0.00404678
1.00794
0.0669907
-0.00257623
-0.00404678
ds252	-2.33151594
1.00794
0.0338723
0.00271245
0.00425577
1.00794
0.0661277
-0.00271245
-0.00425577
ds253	-2.33073854
1.00794
0.0341846
0.00294131
0.00461015
1.00794
0.0658154
-0.00294131
-0.00461015
ds254	-2.33275978
1.00794
0.033828
0.00329463
0.00515962
1.00794
0.066172
-0.00329463
-0.00515962
ds255	-2.33282970
1.00794
0.0332012
0.00370303
0.0057953
1.00794
0.0667988
-0.00370303
-0.0057953
ds256	-2.33094517
1.00794
0.0328017
0.00406142
0.00635258
1.00794
0.0671983
-0.00406142
-0.00635258
ds257	-2.33063125
1.00794
0.0329185
0.00429797
0.00671913
1.00794
0.0670815
-0.00429797
-0.00671913
ds258	-2.33242348
1.00794
0.0335768
0.0043983
0.00687258
1.00794
0.0664232
-0.0043983
-0.00687258
ds259	-2.33308137
1.00794
0.0345454
0.00441563
0.00689616
1.00794
0.0654546
-0.00441563
-0.00689616
ds260	-2.33110955
1.00794
0.0353781
0.00447189
0.00698041
1.00794
0.0646219
-0.00447189
-0.00698041
ds261	-2.33101743
1.00794
0.0356472
0.00470061
0.0073337
1.00794
0.0643528
-0.00470061
-0.0073337
ds262	-2.33302980
1.00794
0.0353491
0.00511512
0.00797671
1.00794
0.0646509
-0.00511512
-0.00797671
ds263	-2.33251263
1.00794
0.0348982
0.00558309
0.00870304
1.00794
0.0651018
-0.00558309
-0.00870304
ds264	-2.33067851
1.00794
0.0347171
0.00595129
0.00927389
1.00794
0.0652829
-0.00595129
-0.00927389
ds265	-2.33086402
1.00794
0.0350168
0.00613226
0.00955307
1.00794
0.0649832
-0.00613226
-0.00955307
ds266	-2.33275384
1.00794
0.0357733
0.00612626
0.00954109
1.00794
0.0642267
-0.00612626
-0.00954109
ds267	-2.33283797
1.00794
0.0367397
0.0060299
0.0093885
1.00794
0.0632603
-0.0060299
-0.0093885
ds268	-2.33078611
1.00794
0.037506
0.0060245
0.00937761
1.00794
0.062494
-0.0060245
-0.00937761
ds269	-2.33139649
1.00794
0.0377497
0.00627104
0.00975899
1.00794
0.0622503
-0.00627104
-0.00975899
ds270	-2.33318457
1.00794
0.0375585
0.00674026
0.010487
1.00794
0.0624415
-0.00674026
-0.010487
ds271	-2.33214030
1.00794
0.0373142
0.00723813
0.0112597
1.00794
0.0626858
-0.00723813
-0.0112597
ds272	-2.33049355
1.00794
0.0373448
0.00757917
0.0117884
1.00794
0.0626552
-0.00757917
-0.0117884
ds273	-2.33116947
1.00794
0.0377853
0.00767467
0.0119352
1.00794
0.0622147
-0.00767467
-0.0119352
ds274	-2.33301129
1.00794
0.0385767
0.00754968
0.0117391
1.00794
0.0614233
-0.00754968
-0.0117391
ds275	-2.33248963
1.00794
0.0394829
0.00734889
0.0114251
1.00794
0.0605171
-0.00734889
-0.0114251
ds276	-2.33058386
1.00794
0.0401642
0.00730516
0.0113554
1.00794
0.0598358
-0.00730516
-0.0113554
ds277	-2.33182647
1.00794
0.040415
0.00758127
0.0117828
1.00794
0.059585
-0.00758127
-0.0117828
ds278	-2.33321094
1.00794
0.0403731
0.00808892
0.0125701
1.00794
0.0596269
-0.00808892
-0.0125701
ds279	-2.33174449
1.00794
0.0403472
0.00858322
0.0133366
1.00794
0.0596528
-0.00858322
-0.0133366
ds280	-2.33040500
1.00794
0.0405615
0.00886394
0.0137712
1.00794
0.0594385
-0.00886394
-0.0137712
ds281	-2.33152785
1.00794
0.0410858
0.00885369
0.0137537
1.00794
0.0589142
-0.00885369
-0.0137537
ds282	-2.33317173
1.00794
0.041846
0.00860935
0.0133725
1.00794
0.058154
-0.00860935
-0.0133725
ds283	-2.33207079
1.00794
0.0426454
0.0083236
0.0129269
1.00794
0.0573546
-0.0083236
-0.0129269
ds284	-2.33053198
1.00794
0.0432433
0.008266
0.0128357
1.00794
0.0567567
-0.008266
-0.0128357
ds285	-2.33226063
1.00794
0.043542
0.00857445
0.0133128
1.00794
0.056458
-0.00857445
-0.0133128
ds286	-2.33311337
1.00794
0.0436802
0.009096
0.0141207
1.00794
0.0563198
-0.009096
-0.0141207
ds287	-2.33135579
1.00794
0.0438637
0.00955228
0.0148273
1.00794
0.0561363
-0.00955228
-0.0148273
ds288	-2.33041810
1.00794
0.0442164
0.0097453
0.0151253
1.00794
0.0557836
-0.0097453
-0.0151253
ds289	-2.33191297
1.00794
0.0447587
0.00961897
0.0149276
1.00794
0.0552413
-0.00961897
-0.0149276
ds290	-2.33321481
1.00794
0.0454247
0.00926555
0.0143774
1.00794
0.0545753
-0.00926555
-0.0143774
ds291	-2.33162177
1.00794
0.0460868
0.00892033
0.01384
1.00794
0.0539132
-0.00892033
-0.01384
ds292	-2.33063490
1.00794
0.0466201
0.00886891
0.0137584
1.00794
0.0533799
-0.00886891
-0.0137584
ds293	-2.33265057
1.00794
0.0470072
0.00920159
0.0142726
1.00794
0.0529928
-0.00920159
-0.0142726
ds294	-2.33290421
1.00794
0.0473382
0.00970661
0.0150541
1.00794
0.0526618
-0.00970661
-0.0150541
ds295	-2.33100196
1.00794
0.0477017
0.0100929
0.0156515
1.00794
0.0522983
-0.0100929
-0.0156515
ds296	-2.33053252
1.00794
0.0481336
0.0101795
0.015784
1.00794
0.0518664
-0.0101795
-0.015784
ds297	-2.33229706
1.00794
0.0486255
0.00993808
0.015408
1.00794
0.0513745
-0.00993808
-0.015408
ds298	-2.33313026
1.00794
0.0491453
0.00949591
0.0147208
1.00794
0.0508547
-0.00949591
-0.0147208
ds299	-2.33119074
1.00794
0.0496591
0.00911984
0.014136
1.00794
0.0503409
-0.00911984
-0.014136
ds300	-2.33088026
1.00794
0.0501601
0.00908747
0.0140839
1.00794
0.0498399
-0.00908747
-0.0140839
ds301	-2.33295590
1.00794
0.0506676
0.00942672
0.0146077
1.00794
0.0493324
-0.00942672
-0.0146077
ds302	-2.33260292
1.00794
0.0511835
0.00988301
0.015313
1.00794
0.0488165
-0.00988301
-0.015313
ds303	-2.33070761
1.00794
0.0516796
0.0101735
0.0157613
1.00794
0.0483204
-0.0101735
-0.0157613
ds304	-2.33074211
1.00794
0.0521232
0.0101456
0.0157163
1.00794
0.0478768
-0.0101456
-0.0157163
ds305	-2.33264859
1.00794
0.0525009
0.00980166
0.0151818
1.00794
0.0474991
-0.00980166
-0.0151818
ds306	-2.33291975
1.00794
0.0528381
0.00929885
0.0144012
1.00794
0.0471619
-0.00929885
-0.0144012
ds307	-2.33083136
1.00794
0.053213
0.00891934
0.0138115
1.00794
0.046787
-0.00891934
-0.0138115
ds308	-2.33123953
1.00794
0.0537209
0.00890882
0.0137932
1.00794
0.0462791
-0.00890882
-0.0137932
ds309	-2.33314957
1.00794
0.054367
0.00922967
0.0142879
1.00794
0.045633
-0.00922967
-0.0142879
ds310	-2.33223907
1.00794
0.05504
0.00960723
0.0148704
1.00794
0.04496
-0.00960723
-0.0148704
ds311	-2.33049358
1.00794
0.0556084
0.00978554
0.0151444
1.00794
0.0443916
-0.00978554
-0.0151444
ds312	-2.33103073
1.00794
0.0559952
0.00964686
0.0149279
1.00794
0.0440048
-0.00964686
-0.0149279
ds313	-2.33293500
1.00794
0.0562049
0.0092232
0.0142704
1.00794
0.0437951
-0.0092232
-0.0142704
ds314	-2.33259708
1.00794
0.0563424
0.00869193
0.0134463
1.00794
0.0436576
-0.00869193
-0.0134463
ds315	-2.33058606
1.00794
0.0566042
0.00833108
0.0128859
1.00794
0.0433958
-0.00833108
-0.0128859
ds316	-2.33166618
1.00794
0.0571551
0.00833479
0.0128893
1.00794
0.0428449
-0.00833479
-0.0128893
ds317	-2.33321647
1.00794
0.0579383
0.008609
0.013311
1.00794
0.0420617
-0.008609
-0.013311
ds318	-2.33184254
1.00794
0.0587224
0.00888412
0.013734
1.00794
0.0412776
-0.00888412
-0.013734
ds319	-2.33037345
1.00794
0.0592958
0.00894475
0.0138254
1.00794
0.0407042
-0.00894475
-0.0138254
ds320	-2.33137976
1.00794
0.0595626
0.00871038
0.0134608
1.00794
0.0404374
-0.00871038
-0.0134608
ds321	-2.33313119
1.00794
0.0595672
0.00823717
0.012727
1.00794
0.0404328
-0.00823717
-0.012727
ds322	-2.33219029
1.00794
0.0595089
0.0077098
0.0119096
1.00794
0.0404911
-0.0077098
-0.0119096
ds323	-2.33048368
1.00794
0.0596958
0.00738129
0.0113993
1.00794
0.0403042
-0.00738129
-0.0113993
ds324	-2.33211069
1.00794
0.0603166
0.00738298
0.0113989
1.00794
0.0396834
-0.00738298
-0.0113989
ds325	-2.33315498
1.00794
0.061215
0.00758337
0.0117054
1.00794
0.038785
-0.00758337
-0.0117054
ds326	-2.33144328
1.00794
0.062051
0.00774142
0.0119465
1.00794
0.037949
-0.00774142
-0.0119465
ds327	-2.33035478
1.00794
0.0625616
0.00769045
0.011865
1.00794
0.0374384
-0.00769045
-0.011865
ds328	-2.33176553
1.00794
0.0626569
0.00738506
0.011391
1.00794
0.0373431
-0.00738506
-0.011391
ds329	-2.33321525
1.00794
0.0624388
0.00689681
0.0106349
1.00794
0.0375612
-0.00689681
-0.0106349
ds330	-2.33173938
1.00794
0.0622086
0.00640168
0.00986835
1.00794
0.0377914
-0.00640168
-0.00986835
ds331	-2.33054092
1.00794
0.0623637
0.00610854
0.00941323
1.00794
0.0376363
-0.00610854
-0.00941323
ds332	-2.33252652
1.00794
0.0630655
0.0060854
0.00937427
1.00794
0.0369345
-0.0060854
-0.00937427
ds333	-2.33297560
1.00794
0.0640396
0.00618903
0.00953069
1.00794
0.0359604
-0.00618903
-0.00953069
ds334	-2.33107046
1.00794
0.0648617
0.00622563
0.009584
1.00794
0.0351383
-0.00622563
-0.009584
ds335	-2.33043948
1.00794
0.0652483
0.00607973
0.00935647
1.00794
0.0347517
-0.00607973
-0.00935647
ds336	-2.33215912
1.00794
0.0651367
0.00573511
0.00882323
1.00794
0.0348633
-0.00573511
-0.00882323
ds337	-2.33317115
1.00794
0.0646994
0.00526706
0.00810015
1.00794
0.0353006
-0.00526706
-0.00810015
ds338	-2.33128994
1.00794
0.064336
0.00482547
0.00741774
1.00794
0.035664
-0.00482547
-0.00741774
ds339	-2.33074767
1.00794
0.0644979
0.0045607
0.00700702
1.00794
0.0355021
-0.0045607
-0.00700702
ds340	-2.33286690
1.00794
0.0652719
0.00448855
0.00689209
1.00794
0.0347281
-0.00448855
-0.00689209
ds341	-2.33269552
1.00794
0.0662673
0.00448154
0.00687703
1.00794
0.0337327
-0.00448154
-0.00687703
ds342	-2.33075051
1.00794
0.0670098
0.00440487
0.00675492
1.00794
0.0329902
-0.00440487
-0.00675492
ds343	-2.33062264
1.00794
0.0672236
0.00419133
0.00642278
1.00794
0.0327764
-0.00419133
-0.00642278
ds344	-2.33252946
1.00794
0.0668905
0.00384475
0.00588662
1.00794
0.0331095
-0.00384475
-0.00588662
ds345	-2.33299723
1.00794
0.0662586
0.00343017
0.0052462
1.00794
0.0337414
-0.00343017
-0.0052462
ds346	-2.33089604
1.00794
0.0658105
0.00305441
0.00466509
1.00794
0.0341895
-0.00305441
-0.00466509
ds347	-2.33108006
1.00794
0.0660062
0.00280304
0.00427396
1.00794
0.0339938
-0.00280304
-0.00427396
ds348	-2.33310025
1.00794
0.0668241
0.00266064
0.00404903
1.00794
0.0331759
-0.00266064
-0.00404903
ds349	-2.33234288
1.00794
0.0677792
0.00253994
0.00385717
1.00794
0.0322208
-0.00253994
-0.00385717
ds350	-2.33050547
1.00794
0.0683838
0.00236915
0.00358931
1.00794
0.0316162
-0.00236915
-0.00358931
ds351	-2.33089046
1.00794
0.068394
0.00212172
0.00320542
1.00794
0.031606
-0.00212172
-0.00320542
ds352	-2.33284405
1.00794
0.0678463
0.0018099
0.00272436
1.00794
0.0321537
-0.0018099
-0.00272436
ds353	-2.33270321
1.00794
0.0670611
0.00147393
0.002207
1.00794
0.0329389
-0.00147393
-0.002207
ds354	-2.33060450
1.00794
0.0665783
0.001164
0.0017287
1.00794
0.0334217
-0.001164
-0.0017287
ds355	-2.33149723
1.00794
0.066818
0.000904716
0.00132565
1.00794
0.033182
-0.000904716
-0.00132565
ds356	-2.33320980
1.00794
0.0676361
0.000676481
0.000968098
1.00794
0.0323639
-0.000676481
-0.000968098
ds357	-2.33194812
1.00794
0.0684892
0.000449533
0.0006124
1.00794
0.0315108
-0.000449533
-0.0006124
ds358	-2.33035281
1.00794
0.0689113
0.000212056
0.000242354
1.00794
0.0310887
-0.000212056
-0.000242354
ds359	-2.33122837
1.00794
0.0687077
-3.2472e-05
-0.000135758
1.00794
0.0312923
3.2472e-05
0.000135758
ds360	-2.33307717
1.00794
0.0679731
-0.000276097
-0.000510039
1.00794
0.0320269
0.000276097
0.000510039
ds361	-2.33231477
1.00794
0.0670883
-0.000517427
-0.000880072
1.00794
0.0329117
0.000517427
0.000880072
ds362	-2.33045189
1.00794
0.0666143
-0.000771182
-0.00127124
1.00794
0.0333857
0.000771182
0.00127124
ds363	-2.33194890
1.00794
0.0668886
-0.00105965
-0.00171964
1.00794
0.0331114
0.00105965
0.00171964
ds364	-2.33318715
1.00794
0.067653
-0.00137883
-0.00221793
1.00794
0.032347
0.00137883
0.00221793
ds365	-2.33153960
1.00794
0.0683492
-0.00169263
-0.00270763
1.00794
0.0316508
0.00169263
0.00270763
ds366	-2.33029928
1.00794
0.068562
-0.00196182
-0.00312605
1.00794
0.031438
0.00196182
0.00312605
ds367	-2.33160927
1.00794
0.068156
-0.00216558
-0.00344031
1.00794
0.031844
0.00216558
0.00344031
ds368	-2.33320024
1.00794
0.06728
-0.00231329
-0.00366562
1.00794
0.03272
0.00231329
0.00366562
ds369	-2.33186500
1.00794
0.0663539
-0.0024543
-0.00388042
1.00794
0.0336461
0.0024543
0.00388042
ds370	-2.33045664
1.00794
0.0659189
-0.00266902
-0.00421183
1.00794
0.0340811
0.00266902
0.00421183
ds371	-2.33238506
1.00794
0.0662002
-0.00300387
-0.00473284
1.00794
0.0337998
0.00300387
0.00473284
ds372	-2.33304159
1.00794
0.0668547
-0.00340795
-0.00536296
1.00794
0.0331453
0.00340795
0.00536296
ds373	-2.33115063
1.00794
0.0673527
-0.00378048
-0.00594333
1.00794
0.0326473
0.00378048
0.00594333
ds374	-2.33035170
1.00794
0.0673505
-0.00404409
-0.00635234
1.00794
0.0326495
0.00404409
0.00635234
ds375	-2.33200900
1.00794
0.066774
-0.00417394
-0.00655108
1.00794
0.033226
0.00417394
0.00655108
ds376	-2.33320000
1.00794
0.0658146
-0.00420859
-0.00660024
1.00794
0.0341854
0.00420859
0.00660024
ds377	-2.33140330
1.00794
0.0649028
-0.00425602
-0.00666928
1.00794
0.0350972
0.00425602
0.00666928
ds378	-2.33061910
1.00794
0.0645185
-0.00445421
-0.0069744
1.00794
0.0354815
0.00445421
0.0069744
ds379	-2.33275894
1.00794
0.0647653
-0.00484608
-0.00758263
1.00794
0.0352347
0.00484608
0.00758263
ds380	-2.33278815
1.00794
0.0652589
-0.00531904
-0.00831763
1.00794
0.0347411
0.00531904
0.00831763
ds381	-2.33080622
1.00794
0.065536
-0.00571654
-0.00893464
1.00794
0.034464
0.00571654
0.00893464
ds382	-2.33050454
1.00794
0.0653348
-0.00593809
-0.0092767
1.00794
0.0346652
0.00593809
0.0092767
ds383	-2.33239498
1.00794
0.0646376
-0.00596753
-0.00931874
1.00794
0.0353624
0.00596753
0.00931874
ds384	-2.33306800
1.00794
0.0636593
-0.00588238
-0.00918193
1.00794
0.0363407
0.00588238
0.00918193
ds385	-2.33098041
1.00794
0.0628073
-0.00585165
-0.00913015
1.00794
0.0371927
0.00585165
0.00913015
ds386	-2.33091944
1.00794
0.062466
-0.00605425
-0.0094425
1.00794
0.037534
0.00605425
0.0094425
ds387	-2.33303445
1.00794
0.0626296
-0.00650212
-0.0101375
1.00794
0.0373704
0.00650212
0.0101375
ds388	-2.33245273
1.00794
0.0629236
-0.00701705
-0.0109371
1.00794
0.0370764
0.00701705
0.0109371
ds389	-2.33053266
1.00794
0.0629778
-0.00740175
-0.0115338
1.00794
0.0370222
0.00740175
0.0115338
ds390	-2.33075036
1.00794
0.062614
-0.00754809
-0.0117591
1.00794
0.037386
0.00754809
0.0117591
ds391	-2.33273716
1.00794
0.0618581
-0.0074597
-0.0116187
1.00794
0.0381419
0.0074597
0.0116187
ds392	-2.33280852
1.00794
0.0609246
-0.00725954
-0.0113042
1.00794
0.0390754
0.00725954
0.0113042
ds393	-2.33064416
1.00794
0.0601623
-0.00717321
-0.011167
1.00794
0.0398377
0.00717321
0.011167
ds394	-2.33131916
1.00794
0.0598391
-0.00739676
-0.0115122
1.00794
0.0401609
0.00739676
0.0115122
ds395	-2.33318706
1.00794
0.0598734
-0.00788916
-0.0122759
1.00794
0.0401266
0.00788916
0.0122759
ds396	-2.33206181
1.00794
0.0599474
-0.00841335
-0.013089
1.00794
0.0400526
0.00841335
0.013089
ds397	-2.33034440
1.00794
0.0597991
-0.00874953
-0.0136096
1.00794
0.0402009
0.00874953
0.0136096
ds398	-2.33107030
1.00794
0.0593262
-0.00879601
-0.0136795
1.00794
0.0406738
0.00879601
0.0136795
ds399	-2.33300411
1.00794
0.0585798
-0.00858468
-0.0133485
1.00794
0.0414202
0.00858468
0.0133485
ds400	-2.33244362
1.00794
0.0577457
-0.00828575
-0.0128812
1.00794
0.0422543
0.00828575
0.0128812
ds401	-2.33043883
1.00794
0.0570828
-0.00816996
-0.0126985
1.00794
0.0429172
0.00816996
0.0126985
ds402	-2.33177184
1.00794
0.0567398
-0.00842312
-0.0130893
1.00794
0.0432602
0.00842312
0.0130893
ds403	-2.33320881
1.00794
0.056607
-0.00893912
-0.0138885
1.00794
0.043393
0.00893912
0.0138885
ds404	-2.33164993
1.00794
0.0564613
-0.00943752
-0.0146603
1.00794
0.0435387
0.00943752
0.0146603
ds405	-2.33025575
1.00794
0.0561503
-0.00969455
-0.0150572
1.00794
0.0438497
0.00969455
0.0150572
ds406	-2.33144388
1.00794
0.0556329
-0.00962644
-0.014949
1.00794
0.0443671
0.00962644
0.014949
ds407	-2.33316988
1.00794
0.0549634
-0.00929836
-0.0144371
1.00794
0.0450366
0.00929836
0.0144371
ds408	-2.33200416
1.00794
0.0542696
-0.00892477
-0.0138546
1.00794
0.0457304
0.00892477
0.0138546
ds409	-2.33038787
1.00794
0.0536963
-0.00880353
-0.0136637
1.00794
0.0463037
0.00880353
0.0136637
ds410	-2.33222506
1.00794
0.0532917
-0.0090841
-0.0140965
1.00794
0.0467083
0.0090841
0.0140965
ds411	-2.33310222
1.00794
0.0529705
-0.00959505
-0.0148868
1.00794
0.0470295
0.00959505
0.0148868
ds412	-2.33124634
1.00794
0.0526268
-0.0100334
-0.0155645
1.00794
0.0473732
0.0100334
0.0155645
ds413	-2.33027214
1.00794
0.0522088
-0.0101884
-0.0158025
1.00794
0.0477912
0.0101884
0.0158025
ds414	-2.33184588
1.00794
0.0517169
-0.0100023
-0.0155115
1.00794
0.0482831
0.0100023
0.0155115
ds415	-2.33321488
1.00794
0.0511836
-0.00957472
-0.014846
1.00794
0.0488164
0.00957472
0.014846
ds416	-2.33153362
1.00794
0.0506513
-0.00915575
-0.0141938
1.00794
0.0493487
0.00915575
0.0141938
ds417	-2.33049857
1.00794
0.0501411
-0.00904753
-0.0140234
1.00794
0.0498589
0.00904753
0.0140234
ds418	-2.33263015
1.00794
0.0496372
-0.00934287
-0.0144785
1.00794
0.0503628
0.00934287
0.0144785
ds419	-2.33287922
1.00794
0.0491263
-0.00981646
-0.0152098
1.00794
0.0508737
0.00981646
0.0152098
ds420	-2.33087820
1.00794
0.0486264
-0.0101656
-0.0157483
1.00794
0.0513736
0.0101656
0.0157483
ds421	-2.33039207
1.00794
0.0481682
-0.0102059
-0.0158082
1.00794
0.0518318
0.0102059
0.0158082
ds422	-2.33224622
1.00794
0.0477701
-0.00991023
-0.0153479
1.00794
0.0522299
0.00991023
0.0153479
ds423	-2.33312765
1.00794
0.0474181
-0.00940944
-0.0145698
1.00794
0.0525819
0.00940944
0.0145698
ds424	-2.33108327
1.00794
0.0470478
-0.00897536
-0.013895
1.00794
0.0529522
0.00897536
0.013895
ds425	-2.33075918
1.00794
0.0465628
-0.00888965
-0.0137596
1.00794
0.0534372
0.00888965
0.0137596
ds426	-2.33294781
1.00794
0.0459332
-0.00917821
-0.0142034
1.00794
0.0540668
0.00917821
0.0142034
ds427	-2.33256350
1.00794
0.0452523
-0.00958259
-0.0148264
1.00794
0.0547477
0.00958259
0.0148264
ds428	-2.33057309
1.00794
0.0446534
-0.00982159
-0.0151935
1.00794
0.0553466
0.00982159
0.0151935
ds429	-2.33060994
1.00794
0.0442254
-0.00974636
-0.0150745
1.00794
0.0557746
0.00974636
0.0150745
ds430	-2.33261228
1.00794
0.0439811
-0.00936096
-0.0144758
1.00794
0.0560189
0.00936096
0.0144758
ds431	-2.33290835
1.00794
0.0438371
-0.00881947
-0.0136357
1.00794
0.0561629
0.00881947
0.0136357
ds432	-2.33070568
1.00794
0.0436097
-0.00839715
-0.0129798
1.00794
0.0563903
0.00839715
0.0129798
ds433	-2.33113572
1.00794
0.04311
-0.00833255
-0.0128768
1.00794
0.05689
0.00833255
0.0128768
ds434	-2.33314786
1.00794
0.0423465
-0.008587
-0.0132668
1.00794
0.0576535
0.008587
0.0132668
ds435	-2.33218404
1.00794
0.0415353
-0.00889493
-0.0137394
1.00794
0.0584647
0.00889493
0.0137394
ds436	-2.33035121
1.00794
0.0409041
-0.00901377
-0.0139199
1.00794
0.0590959
0.00901377
0.0139199
ds437	-2.33090966
1.00794
0.0405738
-0.00883444
-0.0136398
1.00794
0.0594262
0.00883444
0.0136398
ds438	-2.33291305
1.00794
0.0405284
-0.00838813
-0.0129476
1.00794
0.0594716
0.00838813
0.0129476
ds439	-2.33257401
1.00794
0.0405975
-0.00784043
-0.0120988
1.00794
0.0594025
0.00784043
0.0120988
ds440	-2.33044689
1.00794
0.0404786
-0.0074495
-0.0114918
1.00794
0.0595214
0.0074495
0.0114918
ds441	-2.33158180
1.00794
0.0399304
-0.00739438
-0.0114029
1.00794
0.0600696
0.00739438
0.0114029
ds442	-2.33321628
1.00794
0.0390456
-0.00758643
-0.0116952
1.00794
0.0609544
0.00758643
0.0116952
ds443	-2.33177080
1.00794
0.0381598
-0.0077791
-0.0119885
1.00794
0.0618402
0.0077791
0.0119885
ds444	-2.33022517
1.00794
0.0375664
-0.00777965
-0.0119856
1.00794
0.0624336
0.00777965
0.0119856
ds445	-2.33127233
1.00794
0.0373916
-0.00751813
-0.011579
1.00794
0.0626084
0.00751813
0.011579
ds446	-2.33312195
1.00794
0.0375712
-0.00704527
-0.0108468
1.00794
0.0624288
0.00704527
0.0108468
ds447	-2.33215116
1.00794
0.0378369
-0.00652345
-0.0100394
1.00794
0.0621631
0.00652345
0.0100394
ds448	-2.33033853
1.00794
0.0377822
-0.0061734
-0.00949635
1.00794
0.0622178
0.0061734
0.00949635
ds449	-2.33204920
1.00794
0.0371642
-0.0061079
-0.00939115
1.00794
0.0628358
0.0061079
0.00939115
ds450	-2.33315301
1.00794
0.0361901
-0.0062118
-0.0095465
1.00794
0.0638099
0.0062118
0.0095465
ds451	-2.33135498
1.00794
0.0352947
-0.00628022
-0.00964744
1.00794
0.0647053
0.00628022
0.00964744
ds452	-2.33020391
1.00794
0.0348047
-0.00617542
-0.00948239
1.00794
0.0651953
0.00617542
0.00948239
ds453	-2.33167343
1.00794
0.0348282
-0.0058619
-0.00899696
1.00794
0.0651718
0.0058619
0.00899696
ds454	-2.33321386
1.00794
0.0352376
-0.00539925
-0.00828273
1.00794
0.0647624
0.00539925
0.00828273
ds455	-2.33167854
1.00794
0.0356657
-0.00492971
-0.00755794
1.00794
0.0643343
0.00492971
0.00755794
ds456	-2.33039298
1.00794
0.0356311
-0.00461932
-0.00707704
1.00794
0.0643689
0.00461932
0.00707704
ds457	-2.33248322
1.00794
0.0349412
-0.00451963
-0.00691879
1.00794
0.0650588
0.00451963
0.00691879
ds458	-2.33296587
1.00794
0.0339272
-0.00451729
-0.00690942
1.00794
0.0660728
0.00451729
0.00690942
ds459	-2.33096586
1.00794
0.0330902
-0.00446522
-0.00682384
1.00794
0.0669098
0.00446522
0.00682384
ds460	-2.33028823
1.00794
0.0327589
-0.00427966
-0.00653412
1.00794
0.0672411
0.00427966
0.00653412
ds461	-2.33208307
1.00794
0.0330034
-0.0039512
-0.00602607
1.00794
0.0669966
0.0039512
0.00602607
ds462	-2.33317467
1.00794
0.033625
-0.00353509
-0.00538418
1.00794
0.066375
0.00353509
0.00538418
ds463	-2.33120774
1.00794
0.0341677
-0.00313603
-0.00476819
1.00794
0.0658323
0.00313603
0.00476819
ds464	-2.33060538
1.00794
0.0341166
-0.00285462
-0.00433106
1.00794
0.0658834
0.00285462
0.00433106
ds465	-2.33284046
1.00794
0.033373
-0.00269766
-0.00408278
1.00794
0.066627
0.00269766
0.00408278
ds466	-2.33267563
1.00794
0.0323791
-0.00258132
-0.00389603
1.00794
0.0676209
0.00258132
0.00389603
ds467	-2.33062983
1.00794
0.0316636
-0.00242416
-0.00364773
1.00794
0.0683364
0.00242416
0.00364773
ds468	-2.33047245
1.00794
0.0315296
-0.00219011
-0.00328381
1.00794
0.0684704
0.00219011
0.00328381
ds469	-2.33246925
1.00794
0.0319957
-0.00188486
-0.00281322
1.00794
0.0680043
0.00188486
0.00281322
ds470	-2.33300041
1.00794
0.0327928
-0.00154489
-0.00229089
1.00794
0.0672072
0.00154489
0.00229089
ds471	-2.33079056
1.00794
0.0333971
-0.00122216
-0.00179418
1.00794
0.0666029
0.00122216
0.00179418
ds472	-2.33094833
1.00794
0.0333078
-0.000950402
-0.00137233
1.00794
0.0666922
0.000950402
0.00137233
ds473	-2.33308861
1.00794
0.0325473
-0.000716823
-0.00100563
1.00794
0.0674527
0.000716823
0.00100563
ds474	-2.33231164
1.00794
0.0316367
-0.000489346
-0.00064749
1.00794
0.0683633
0.000489346
0.00064749
ds475	-2.33037346
1.00794
0.0310942
-0.000252014
-0.00027631
1.00794
0.0689058
0.000252014
0.00027631
ds476	-2.33074887
1.00794
0.0311752
-6.329e-06
0.000104036
1.00794
0.0688248
6.329e-06
-0.000104036
ds477	-2.33280412
1.00794
0.0318418
0.00023954
0.00048112
1.00794
0.0681582
-0.00023954
-0.00048112
ds478	-2.33270254
1.00794
0.0327621
0.000482075
0.000851494
1.00794
0.0672379
-0.000482075
-0.000851494
ds479	-2.33047896
1.00794
0.0333765
0.000733156
0.00123696
1.00794
0.0666235
-0.000733156
-0.00123696
ds480	-2.33138249
1.00794
0.0332464
0.00101705
0.0016778
1.00794
0.0667536
-0.00101705
-0.0016778
ds481	-2.33320670
1.00794
0.0325189
0.00133717
0.00217845
1.00794
0.0674811
-0.00133717
-0.00217845
ds482	-2.33189980
1.00794
0.0317513
0.00166032
0.00268408
1.00794
0.0682487
-0.00166032
-0.00268408
ds483	-2.33020749
1.00794
0.0314161
0.00194409
0.00312615
1.00794
0.0685839
-0.00194409
-0.00312615
ds484	-2.33109442
1.00794
0.0317083
0.00216221
0.00346276
1.00794
0.0682917
-0.00216221
-0.00346276
ds485	-2.33305274
1.00794
0.0325341
0.00231725
0.00369842
1.00794
0.0674659
-0.00231725
-0.00369842
ds486	-2.33230100
1.00794
0.0335173
0.00245143
0.00390089
1.00794
0.0664827
-0.00245143
-0.00390089
ds487	-2.33030835
1.00794
0.0341011
0.00264501
0.00419796
1.00794
0.0658989
-0.00264501
-0.00419796
ds488	-2.33185504
1.00794
0.0339477
0.00296127
0.00468981
1.00794
0.0660523
-0.00296127
-0.00468981
ds489	-2.33319051
1.00794
0.0333096
0.00336699
0.00532334
1.00794
0.0666904
-0.00336699
-0.00532334
ds490	-2.33147609
1.00794
0.0327328
0.00376041
0.00593733
1.00794
0.0672672
-0.00376041
-0.00593733
ds491	-2.33014651
1.00794
0.0326184
0.0040532
0.00639231
1.00794
0.0673816
-0.0040532
-0.00639231
ds492	-2.33148958
1.00794
0.0330958
0.00420807
0.00662962
1.00794
0.0669042
-0.00420807
-0.00662962
ds493	-2.33319335
1.00794
0.0340247
0.00425063
0.00668982
1.00794
0.0659753
-0.00425063
-0.00668982
ds494	-2.33183545
1.00794
0.0350097
0.00427838
0.00672655
1.00794
0.0649903
-0.00427838
-0.00672655
ds495	-2.33030156
1.00794
0.0355391
0.00443627
0.00696773
1.00794
0.0644609
-0.00443627
-0.00696773
ds496	-2.33231336
1.00794
0.0353968
0.00480029
0.00753251
1.00794
0.0646032
-0.00480029
-0.00753251
ds497	-2.33304502
1.00794
0.0349025
0.00528009
0.00827883
1.00794
0.0650975
-0.00528009
-0.00827883
ds498	-2.33106852
1.00794
0.0345471
0.00571136
0.00894908
1.00794
0.0654529
-0.00571136
-0.00894908
ds499	-2.33019203
1.00794
0.0346447
0.00597521
0.00935705
1.00794
0.0653553
-0.00597521
-0.00935705
ds500	-2.33190519
1.00794
0.035262
0.00603681
0.0094484
1.00794
0.064738
-0.00603681
-0.0094484
ds501	-2.33320580
1.00794
0.0362285
0.00595544
0.00931608
1.00794
0.0637715
-0.00595544
-0.00931608
ds502	-2.33135077
1.00794
0.037161
0.00588876
0.00920683
1.00794
0.062839
-0.00588876
-0.00920683
ds503	-2.33046034
1.00794
0.0376315
0.00603395
0.00942891
1.00794
0.0623685
-0.00603395
-0.00942891
ds504	-2.33271077
1.00794
0.0375458
0.00645052
0.0100751
1.00794
0.0624542
-0.00645052
-0.0100751
ds505	-2.33278708
1.00794
0.0372403
0.00698085
0.0108992
1.00794
0.0627597
-0.00698085
-0.0108992
ds506	-2.33070512
1.00794
0.0371161
0.00741195
0.0115683
1.00794
0.0628839
-0.00741195
-0.0115683
ds507	-2.33034203
1.00794
0.0373954
0.0076109
0.0118751
1.00794
0.0626046
-0.0076109
-0.0118751
ds508	-2.33231011
1.00794
0.0380923
0.00755764
0.0117884
1.00794
0.0619077
-0.00755764
-0.0117884
ds509	-2.33308073
1.00794
0.0390282
0.00735268
0.0114651
1.00794
0.0609718
-0.00735268
-0.0114651
ds510	-2.33089956
1.00794
0.0398675
0.00721245
0.0112427
1.00794
0.0601325
-0.00721245
-0.0112427
ds511	-2.33076270
1.00794
0.0402947
0.00736564
0.0114778
1.00794
0.0597053
-0.00736564
-0.0114778
ds512	-2.33300574
1.00794
0.0403136
0.00782861
0.0121955
1.00794
0.0596864
-0.00782861
-0.0121955
ds513	-2.33244196
1.00794
0.040225
0.00837854
0.0130488
1.00794
0.059775
-0.00837854
-0.0130488
ds514	-2.33041353
1.00794
0.0403189
0.00877214
0.0136585
1.00794
0.0596811
-0.00877214
-0.0136585
ds515	-2.33058882
1.00794
0.0407302
0.00887821
0.0138204
1.00794
0.0592698
-0.00887821
-0.0138204
ds516	-2.33267330
1.00794
0.0414376
0.00870084
0.0135412
1.00794
0.0585624
-0.00870084
-0.0135412
ds517	-2.33282496
1.00794
0.042281
0.00838538
0.0130469
1.00794
0.057719
-0.00838538
-0.0130469
ds518	-2.33053850
1.00794
0.0430059
0.00819866
0.012753
1.00794
0.0569941
-0.00819866
-0.012753
ds519	-2.33117570
1.00794
0.0434215
0.00837444
0.0130228
1.00794
0.0565785
-0.00837444
-0.0130228
ds520	-2.33317711
1.00794
0.043588
0.00886742
0.0137859
1.00794
0.056412
-0.00886742
-0.0137859
ds521	-2.33203980
1.00794
0.0437245
0.00940191
0.0146135
1.00794
0.0562755
-0.00940191
-0.0146135
ds522	-2.33020956
1.00794
0.0440025
0.0097245
0.0151118
1.00794
0.0559975
-0.0097245
-0.0151118
ds523	-2.33091472
1.00794
0.0444828
0.00971888
0.0150999
1.00794
0.0555172
-0.00971888
-0.0150999
ds524	-2.33296275
1.00794
0.0451299
0.00941978
0.0146321
1.00794
0.0548701
-0.00941978
-0.0146321
ds525	-2.33245508
1.00794
0.0458311
0.00901606
0.0140018
1.00794
0.0541689
-0.00901606
-0.0140018
ds526	-2.33030702
1.00794
0.046441
0.00881005
0.0136785
1.00794
0.053559
-0.00881005
-0.0136785
ds527	-2.33164713
1.00794
0.0468859
0.00901274
0.0139897
1.00794
0.0531141
-0.00901274
-0.0139897
ds528	-2.33321274
1.00794
0.0472291
0.00950999
0.0147581
1.00794
0.0527709
-0.00950999
-0.0147581
ds529	-2.33161199
1.00794
0.0475763
0.00999337
0.015505
1.00794
0.0524237
-0.00999337
-0.015505
ds530	-2.33010674
1.00794
0.0479862
0.0102184
0.0158511
1.00794
0.0520138
-0.0102184
-0.0158511
ds531	-2.33129934
1.00794
0.0484651
0.0100937
0.0156547
1.00794
0.0515349
-0.0100937
-0.0156547
ds532	-2.33315121
1.00794
0.0489868
0.00968705
0.0150208
1.00794
0.0510132
-0.00968705
-0.0150208
ds533	-2.33200274
1.00794
0.0495143
0.00922436
0.0143002
1.00794
0.0504857
-0.00922436
-0.0143002
ds534	-2.33023372
1.00794
0.0500282
0.00902263
0.013984
1.00794
0.0499718
-0.00902263
-0.013984
ds535	-2.33212310
1.00794
0.0505434
0.00924552
0.014326
1.00794
0.0494566
-0.00924552
-0.014326
ds536	-2.33311325
1.00794
0.0510732
0.00971572
0.0150512
1.00794
0.0489268
-0.00971572
-0.0150512
ds537	-2.33118870
1.00794
0.0515954
0.0101161
0.0156682
1.00794
0.0484046
-0.0101161
-0.0156682
ds538	-2.33011046
1.00794
0.0520721
0.0102271
0.015837
1.00794
0.0479279
-0.0102271
-0.015837
ds539	-2.33171564
1.00794
0.0524779
0.00998826
0.015464
1.00794
0.0475221
-0.00998826
-0.015464
ds540	-2.33321683
1.00794
0.0528215
0.00949839
0.0147024
1.00794
0.0471785
-0.00949839
-0.0147024
ds541	-2.33151253
1.00794
0.0531653
0.00900895
0.0139414
1.00794
0.0468347
-0.00900895
-0.0139414
ds542	-2.33033064
1.00794
0.0536173
0.00882747
0.013657
1.00794
0.0463827
-0.00882747
-0.013657
ds543	-2.33255517
1.00794
0.0542364
0.00905365
0.0140033
1.00794
0.0457636
-0.00905365
-0.0140033
ds544	-2.33289305
1.00794
0.0549417
0.00946412
0.0146346
1.00794
0.0450583
-0.00946412
-0.0146346
ds545	-2.33080011
1.00794
0.0555855
0.00975701
0.0150841
1.00794
0.0444145
-0.00975701
-0.0150841
ds546	-2.33022117
1.00794
0.0560573
0.00974928
0.0150688
1.00794
0.0439427
-0.00974928
-0.0150688
ds547	-2.33213367
1.00794
0.056325
0.00941289
0.0145455
1.00794
0.043675
-0.00941289
-0.0145455
ds548	-2.33314559
1.00794
0.0564553
0.00887184
0.0137059
1.00794
0.0435447
-0.00887184
-0.0137059
ds549	-2.33103484
1.00794
0.0566262
0.00838659
0.0129525
1.00794
0.0433738
-0.00838659
-0.0129525
ds550	-2.33058453
1.00794
0.0570576
0.008231
0.0127082
1.00794
0.0429424
-0.008231
-0.0127082
ds551	-2.33289931
1.00794
0.0577982
0.00843591
0.0130204
1.00794
0.0422018
-0.00843591
-0.0130204
ds552	-2.33257433
1.00794
0.0586462
0.00875698
0.0135119
1.00794
0.0413538
-0.00875698
-0.0135119
ds553	-2.33047363
1.00794
0.0593461
0.00892808
0.013772
1.00794
0.0406539
-0.00892808
-0.013772
ds554	-2.33043430
1.00794
0.0597424
0.00880913
0.0135846
1.00794
0.0402576
-0.00880913
-0.0135846
ds555	-2.33252261
1.00794
0.0598202
0.00840221
0.012953
1.00794
0.0401798
-0.00840221
-0.012953
ds556	-2.33293817
1.00794
0.0597236
0.00784599
0.0120913
1.00794
0.0402764
-0.00784599
-0.0120913
ds557	-2.33062590
1.00794
0.0597516
0.00739029
0.0113844
1.00794
0.0402484
-0.00739029
-0.0113844
ds558	-2.33096502
1.00794
0.0602025
0.00725511
0.0111713
1.00794
0.0397975
-0.00725511
-0.0111713
ds559	-2.33312443
1.00794
0.061062
0.00741047
0.0114056
1.00794
0.038938
-0.00741047
-0.0114056
ds560	-2.33218639
1.00794
0.0620016
0.00761942
0.0117224
1.00794
0.0379984
-0.00761942
-0.0117224
ds561	-2.33023094
1.00794
0.0626864
0.0076665
0.0117902
1.00794
0.0373136
-0.0076665
-0.0117902
ds562	-2.33073550
1.00794
0.0629442
0.00745554
0.011461
1.00794
0.0370558
-0.00745554
-0.011461
ds563	-2.33285083
1.00794
0.0627987
0.00701214
0.0107746
1.00794
0.0372013
-0.00701214
-0.0107746
ds564	-2.33260753
1.00794
0.0624841
0.00647603
0.00994584
1.00794
0.0375159
-0.00647603
-0.00994584
ds565	-2.33033504
1.00794
0.0624124
0.00606579
0.00931044
1.00794
0.0375876
-0.00606579
-0.00931044
ds566	-2.33142787
1.00794
0.0629133
0.00593532
0.00910457
1.00794
0.0370867
-0.00593532
-0.00910457
ds567	-2.33321557
1.00794
0.0638684
0.00601358
0.00921894
1.00794
0.0361316
-0.00601358
-0.00921894
ds568	-2.33175893
1.00794
0.0648363
0.00609734
0.00934185
1.00794
0.0351637
-0.00609734
-0.00934185
ds569	-2.33008491
1.00794
0.0654365
0.00602991
0.00923322
1.00794
0.0345635
-0.00602991
-0.00923322
ds570	-2.33110440
1.00794
0.0655069
0.00575547
0.0088077
1.00794
0.0344931
-0.00575547
-0.0088077
ds571	-2.33308649
1.00794
0.0651257
0.00531338
0.00812571
1.00794
0.0348743
-0.00531338
-0.00812571
ds572	-2.33217747
1.00794
0.0646223
0.00482835
0.00737801
1.00794
0.0353777
-0.00482835
-0.00737801
ds573	-2.33019343
1.00794
0.0644987
0.00446877
0.0068219
1.00794
0.0355013
-0.00446877
-0.0068219
ds574	-2.33191524
1.00794
0.0650629
0.00432121
0.00658931
1.00794
0.0349371
-0.00432121
-0.00658931
ds575	-2.33316761
1.00794
0.0660708
0.00430098
0.0065507
1.00794
0.0339292
-0.00430098
-0.0065507
ds576	-2.33132464
1.00794
0.0669982
0.00425926
0.00647922
1.00794
0.0330018
-0.00425926
-0.00647922
ds577	-2.33004462
1.00794
0.0674536
0.00409933
0.00622775
1.00794
0.0325464
-0.00409933
-0.00622775
ds578	-2.33151583
1.00794
0.0673068
0.00379798
0.00576129
1.00794
0.0326932
-0.00379798
-0.00576129
ds579	-2.33320566
1.00794
0.0667009
0.0033959
0.00514191
1.00794
0.0332991
-0.0033959
-0.00514191
ds580	-2.33168971
1.00794
0.0660544
0.00298559
0.00451
1.00794
0.0339456
-0.00298559
-0.00451
ds581	-2.33022193
1.00794
0.0659239
0.00267125
0.00402307
1.00794
0.0340761
-0.00267125
-0.00402307
ds582	-2.33237631
1.00794
0.0665446
0.0024829
0.00372596
1.00794
0.0334554
-0.0024829
-0.00372596
ds583	-2.33299053
1.00794
0.0675486
0.00235205
0.00351519
1.00794
0.0324514
-0.00235205
-0.00351519
ds584	-2.33091321
1.00794
0.0683687
0.00219654
0.00326765
1.00794
0.0316313
-0.00219654
-0.00326765
ds585	-2.33011260
1.00794
0.0686343
0.00197466
0.00292146
1.00794
0.0313657
-0.00197466
-0.00292146
ds586	-2.33194193
1.00794
0.0682626
0.00168518
0.00247534
1.00794
0.0317374
-0.00168518
-0.00247534
ds587	-2.33319121
1.00794
0.0674638
0.00135622
0.00197129
1.00794
0.0325362
-0.00135622
-0.00197129
ds588	-2.33119259
1.00794
0.0667297
0.00103218
0.00147443
1.00794
0.0332703
-0.00103218
-0.00147443
ds589	-2.33041784
1.00794
0.0666257
0.000746955
0.00103303
1.00794
0.0333743
-0.000746955
-0.00103303
ds590	-2.33276665
1.00794
0.0672761
0.000495552
0.000638412
1.00794
0.0327239
-0.000495552
-0.000638412
ds591	-2.33270541
1.00794
0.0682129
0.000252319
0.000254316
1.00794
0.0317871
-0.000252319
-0.000254316
ds592	-2.33055435
1.00794
0.068869
5.169e-06
-0.000133732
1.00794
0.031131
-5.169e-06
0.000133732
ds593	-2.33028732
1.00794
0.0689195
-0.000242173
-0.00051752
1.00794
0.0310805
0.000242173
0.00051752
ds594	-2.33235268
1.00794
0.0683382
-0.000481403
-0.000883979
1.00794
0.0316618
0.000481403
0.000883979
ds595	-2.33303849
1.00794
0.0673967
-0.000711175
-0.00123307
1.00794
0.0326033
0.000711175
0.00123307
ds596	-2.33074265
1.00794
0.0666318
-0.000948152
-0.00159466
1.00794
0.0333682
0.000948152
0.00159466
ds597	-2.33075524
1.00794
0.0665694
-0.00122515
-0.00202359
1.00794
0.0334306
0.00122515
0.00202359
ds598	-2.33304536
1.00794
0.0672053
-0.00155378
-0.00253786
1.00794
0.0327947
0.00155378
0.00253786
ds599	-2.33233575
1.00794
0.0680126
-0.00189784
-0.00307741
1.00794
0.0319874
0.00189784
0.00307741
ds600	-2.33027044
1.00794
0.0684635
-0.00220433
-0.00355614
1.00794
0.0315365
0.00220433
0.00355614
ds601	-2.33055621
1.00794
0.0682964
-0.00243705
-0.00391596
1.00794
0.0317036
0.00243705
0.00391596
ds602	-2.33271405
1.00794
0.0675422
-0.00259154
-0.00415015
1.00794
0.0324578
0.00259154
0.00415015
ds603	-2.33275178
1.00794
0.0665194
-0.00270638
-0.00432091
1.00794
0.0334806
0.00270638
0.00432091
ds604	-2.33039157
1.00794
0.0657744
-0.00286676
-0.00456443
1.00794
0.0342256
0.00286676
0.00456443
ds605	-2.33119717
1.00794
0.0657486
-0.0031579
-0.00501616
1.00794
0.0342514
0.0031579
0.00501616
ds606	-2.33319473
1.00794
0.0663159
-0.00356801
-0.00565684
1.00794
0.0336841
0.00356801
0.00565684
ds607	-2.33191550
1.00794
0.0669402
-0.00399068
-0.0063173
1.00794
0.0330598
0.00399068
0.0063173
ds608	-2.33008092
1.00794
0.0671651
-0.00431934
-0.00682881
1.00794
0.0328349
0.00431934
0.00682881
ds609	-2.33090380
1.00794
0.0668007
-0.00449977
-0.00710581
1.00794
0.0331993
0.00449977
0.00710581
ds610	-2.33299569
1.00794
0.0659278
-0.00454411
-0.00716775
1.00794
0.0340722
0.00454411
0.00716775
ds611	-2.33235445
1.00794
0.0648892
-0.00454124
-0.00715509
1.00794
0.0351108
0.00454124
0.00715509
ds612	-2.33018062
1.00794
0.0641998
-0.00464496
-0.00731023
1.00794
0.0358002
0.00464496
0.00731023
ds613	-2.33168688
1.00794
0.0641855
-0.00496964
-0.00781296
1.00794
0.0358145
0.00496964
0.00781296
ds614	-2.33320351
1.00794
0.0646283
-0.0054545
-0.00856744
1.00794
0.0353717
0.0054545
0.00856744
ds615	-2.33147484
1.00794
0.0650325
-0.00592502
-0.00929941
1.00794
0.0349675
0.00592502
0.00929941
ds616	-2.32999455
1.00794
0.065034
-0.00623679
-0.00978232
1.00794
0.034966
0.00623679
0.00978232
ds617	-2.33130566
1.00794
0.0645133
-0.00633194
-0.00992558
1.00794
0.0354867
0.00633194
0.00992558
ds618	-2.33316998
1.00794
0.0635876
-0.00625038
-0.00979195
1.00794
0.0364124
0.00625038
0.00979195
ds619	-2.33187920
1.00794
0.0625947
-0.0061379
-0.00960998
1.00794
0.0374053
0.0061379
0.00960998
ds620	-2.33013706
1.00794
0.0619779
-0.0062087
-0.00971505
1.00794
0.0380221
0.0062087
0.00971505
ds621	-2.33217354
1.00794
0.0619355
-0.00657719
-0.010286
1.00794
0.0380645
0.00657719
0.010286
ds622	-2.33307678
1.00794
0.0622043
-0.00711716
-0.0111253
1.00794
0.0377957
0.00711716
0.0111253
ds623	-2.33104450
1.00794
0.0623714
-0.00759778
-0.0118718
1.00794
0.0376286
0.00759778
0.0118718
ds624	-2.33001744
1.00794
0.0621742
-0.00785463
-0.0122687
1.00794
0.0378258
0.00785463
0.0122687
ds625	-2.33173503
1.00794
0.0615554
-0.00783947
-0.0122406
1.00794
0.0384446
0.00783947
0.0122406
ds626	-2.33321417
1.00794
0.0606479
-0.00762849
-0.0119068
1.00794
0.0393521
0.00762849
0.0119068
ds627	-2.33137093
1.00794
0.0597513
-0.00742534
-0.0115852
1.00794
0.0402487
0.00742534
0.0115852
ds628	-2.33026502
1.00794
0.0592033
-0.00748765
-0.0116778
1.00794
0.0407967
0.00748765
0.0116778
ds629	-2.33260386
1.00794
0.0590859
-0.00790029
-0.0123167
1.00794
0.0409141
0.00790029
0.0123167
ds630	-2.33282980
1.00794
0.0591458
-0.00846728
-0.0131962
1.00794
0.0408542
0.00846728
0.0131962
ds631	-2.33065524
1.00794
0.0590821
-0.00891984
-0.0138974
1.00794
0.0409179
0.00891984
0.0138974
ds632	-2.33014918
1.00794
0.0587316
-0.00909082
-0.0141598
1.00794
0.0412684
0.00909082
0.0141598
ds633	-2.33216231
1.00794
0.0580837
-0.00895232
-0.0139402
1.00794
0.0419163
0.00895232
0.0139402
ds634	-2.33311956
1.00794
0.057262
-0.00862152
-0.0134211
1.00794
0.042738
0.00862152
0.0134211
ds635	-2.33088664
1.00794
0.056494
-0.00835452
-0.0130012
1.00794
0.043506
0.00835452
0.0130012
ds636	-2.33055151
1.00794
0.0559911
-0.00842848
-0.013112
1.00794
0.0440089
0.00842848
0.013112
ds637	-2.33293792
1.00794
0.0557524
-0.00887418
-0.013801
1.00794
0.0442476
0.00887418
0.013801
ds638	-2.33248756
1.00794
0.0555877
-0.00943396
-0.0146673
1.00794
0.0444123
0.00943396
0.0146673
ds639	-2.33033317
1.00794
0.0553215
-0.0098225
-0.0152675
1.00794
0.0446785
0.0098225
0.0152675
ds640	-2.33038282
1.00794
0.0548788
-0.00988526
-0.0153612
1.00794
0.0451212
0.00988526
0.0153612
ds641	-2.33255439
1.00794
0.0542751
-0.00962232
-0.0149489
1.00794
0.0457249
0.00962232
0.0149489
ds642	-2.33288600
1.00794
0.0535969
-0.00919202
-0.0142765
1.00794
0.0464031
0.00919202
0.0142765
ds643	-2.33048147
1.00794
0.0529691
-0.00889077
-0.0138045
1.00794
0.0470309
0.00889077
0.0138045
ds644	-2.33096185
1.00794
0.0524742
-0.00898744
-0.0139503
1.00794
0.0475258
0.00898744
0.0139503
ds645	-2.33314743
1.00794
0.0520785
-0.00944432
-0.0146553
1.00794
0.0479215
0.00944432
0.0146553
ds646	-2.33208019
1.00794
0.0516958
-0.00996034
-0.015452
1.00794
0.0483042
0.00996034
0.015452
ds647	-2.33009887
1.00794
0.0512755
-0.0102553
-0.0159057
1.00794
0.0487245
0.0102553
0.0159057
ds648	-2.33070321
1.00794
0.0508115
-0.0101989
-0.0158146
1.00794
0.0491885
0.0101989
0.0158146
ds649	-2.33287840
1.00794
0.0503221
-0.00982291
-0.0152278
1.00794
0.0496779
0.00982291
0.0152278
ds650	-2.33252797
1.00794
0.0498285
-0.00932196
-0.0144473
1.00794
0.0501715
0.00932196
0.0144473
ds651	-2.33020195
1.00794
0.0493313
-0.00901455
-0.0139667
1.00794
0.0506687
0.00901455
0.0139667
ds652	-2.33144471
1.00794
0.0488024
-0.00913395
-0.0141474
1.00794
0.0511976
0.00913395
0.0141474
ds653	-2.33321665
1.00794
0.0482315
-0.00957285
-0.014823
1.00794
0.0517685
0.00957285
0.014823
ds654	-2.33163819
1.00794
0.0476606
-0.0100111
-0.0154976
1.00794
0.0523394
0.0100111
0.0154976
ds655	-2.32996547
1.00794
0.0471497
-0.0101925
-0.0157744
1.00794
0.0528503
0.0101925
0.0157744
ds656	-2.33108968
1.00794
0.0467382
-0.0100186
-0.0155015
1.00794
0.0532618
0.0100186
0.0155015
ds657	-2.33310590
1.00794
0.0464219
-0.00955204
-0.0147758
1.00794
0.0535781
0.00955204
0.0147758
ds658	-2.33207548
1.00794
0.0461323
-0.00901413
-0.0139396
1.00794
0.0538677
0.00901413
0.0139396
ds659	-2.33008169
1.00794
0.0457369
-0.00872272
-0.0134846
1.00794
0.0542631
0.00872272
0.0134846
ds660	-2.33194564
1.00794
0.0451351
-0.00885385
-0.0136828
1.00794
0.0548649
0.00885385
0.0136828
ds661	-2.33314537
1.00794
0.0443919
-0.0092423
-0.0142786
1.00794
0.0556081
0.0092423
0.0142786
ds662	-2.33119412
1.00794
0.0436822
-0.00957545
-0.014789
1.00794
0.0563178
0.00957545
0.014789
ds663	-2.32993995
1.00794
0.0431529
-0.00963506
-0.0148768
1.00794
0.0568471
0.00963506
0.0148768
ds664	-2.33151502
1.00794
0.042863
-0.00935777
-0.0144445
1.00794
0.057137
0.00935777
0.0144445
ds665	-2.33321105
1.00794
0.0427624
-0.00883217
-0.0136289
1.00794
0.0572376
0.00883217
0.0136289
ds666	-2.33156967
1.00794
0.0426741
-0.0082915
-0.01279
1.00794
0.0573259
0.0082915
0.01279
ds667	-2.33013671
1.00794
0.04234
-0.00802887
-0.0123799
1.00794
0.05766
0.00802887
0.0123799
ds668	-2.33241266
1.00794
0.0416386
-0.00815126
-0.0125634
1.00794
0.0583614
0.00815126
0.0125634
ds669	-2.33294600
1.00794
0.040748
-0.00845803
-0.0130312
1.00794
0.059252
0.00845803
0.0130312
ds670	-2.33077918
1.00794
0.039963
-0.00866827
-0.0133501
1.00794
0.060037
0.00866827
0.0133501
ds671	-2.33002550
1.00794
0.0394884
-0.00861049
-0.0132562
1.00794
0.0605116
0.00861049
0.0132562
ds672	-2.33195229
1.00794
0.0393775
-0.00825485
-0.0127037
1.00794
0.0606225
0.00825485
0.0127037
ds673	-2.33317891
1.00794
0.0395139
-0.00770693
-0.0118552
1.00794
0.0604861
0.00770693
0.0118552
ds674	-2.33106088
1.00794
0.0396028
-0.00719389
-0.0110604
1.00794
0.0603972
0.00719389
0.0110604
ds675	-2.33035993
1.00794
0.0392857
-0.00696168
-0.0106973
1.00794
0.0607143
0.00696168
0.0106973
ds676	-2.33279914
1.00794
0.0384767
-0.00704906
-0.0108254
1.00794
0.0615233
0.00704906
0.0108254
ds677	-2.33263859
1.00794
0.0374841
-0.00724863
-0.0111259
1.00794
0.0625159
0.00724863
0.0111259
ds678	-2.33042081
1.00794
0.0366957
-0.00732985
-0.0112447
1.00794
0.0633043
0.00732985
0.0112447
ds679	-2.33021885
1.00794
0.0363431
-0.00717094
-0.0109952
1.00794
0.0636569
0.00717094
0.0109952
ds680	-2.33237062
1.00794
0.0364509
-0.00677023
-0.010375
1.00794
0.0635491
0.00677023
0.010375
ds681	-2.33300549
1.00794
0.0368223
-0.00623769
-0.00955286
1.00794
0.0631777
0.00623769
0.00955286
ds682	-2.33060845
1.00794
0.0370474
-0.00577435
-0.0088368
1.00794
0.0629526
0.00577435
0.0088368
ds683	-2.33072719
1.00794
0.0367083
-0.00556244
-0.00850558
1.00794
0.0632917
0.00556244
0.00850558
ds684	-2.33306982
1.00794
0.0358054
-0.00558651
-0.0085352
1.00794
0.0641946
0.00558651
0.0085352
ds685	-2.33225096
1.00794
0.0347716
-0.00566208
-0.00864354
1.00794
0.0652284
0.00566208
0.00864354
ds686	-2.33014254
1.00794
0.034052
-0.0056208
-0.00857355
1.00794
0.065948
0.0056208
0.00857355
ds687	-2.33050611
1.00794
0.0338755
-0.00538805
-0.00821155
1.00794
0.0661245
0.00538805
0.00821155
ds688	-2.33273399
1.00794
0.0342206
-0.00498104
-0.00758398
1.00794
0.0657794
0.00498104
0.00758398
ds689	-2.33269669
1.00794
0.0348028
-0.00449916
-0.00684233
1.00794
0.0651972
0.00449916
0.00684233
ds690	-2.33026210
1.00794
0.0351136
-0.00409768
-0.00622279
1.00794
0.0648864
0.00409768
0.00622279
ds691	-2.33119071
1.00794
0.0347277
-0.00388803
-0.00589442
1.00794
0.0652723
0.00388803
0.00589442
ds692	-2.33320343
1.00794
0.0337656
-0.00382512
-0.00578839
1.00794
0.0662344
0.00382512
0.00578839
ds693	-2.33181478
1.00794
0.0327592
-0.0037727
-0.00569809
1.00794
0.0672408
0.0037727
0.00569809
ds694	-2.32996000
1.00794
0.0321728
-0.0036284
-0.0054689
1.00794
0.0678272
0.0036284
0.0054689
ds695	-2.33086934
1.00794
0.0322082
-0.0033576
-0.00504895
1.00794
0.0677918
0.0033576
0.00504895
ds696	-2.33301212
1.00794
0.0327854
-0.00298457
-0.00447522
1.00794
0.0672146
0.00298457
0.00447522
ds697	-2.33227621
1.00794
0.0335351
-0.00258161
-0.00385662
1.00794
0.0664649
0.00258161
0.00385662
ds698	-2.33006238
1.00794
0.0338801
-0.0022421
-0.00333287
1.00794
0.0661199
0.0022421
0.00333287
ds699	-2.33169650
1.00794
0.0334415
-0.00201152
-0.00297114
1.00794
0.0665585
0.00201152
0.00297114
ds700	-2.33319330
1.00794
0.0324714
-0.00184546
-0.00270476
1.00794
0.0675286
0.00184546
0.00270476
ds701	-2.33136142
1.00794
0.0315612
-0.00167303
-0.00242913
1.00794
0.0684388
0.00167303
0.00242913
ds702	-2.32988357
1.00794
0.0311585
-0.00145447
-0.00208659
1.00794
0.0688415
0.00145447
0.00208659
ds703	-2.33128546
1.00794
0.0314193
-0.00118463
-0.00167052
1.00794
0.0685807
0.00118463
0.00167052
ds704	-2.33317854
1.00794
0.0322008
-0.000881521
-0.00120755
1.00794
0.0677993
0.000881521
0.00120755
ds705	-2.33178203
1.00794
0.0330616
-0.000574391
-0.00073909
1.00794
0.0669384
0.000574391
0.00073909
ds706	-2.33003812
1.00794
0.0333965
-0.000285036
-0.000293494
1.00794
0.0666035
0.000285036
0.000293494
ds707	-2.33219408
1.00794
0.0329204
-9.561e-06
0.000137821
1.00794
0.0670796
9.561e-06
-0.000137821
ds708	-2.33304843
1.00794
0.0320037
0.000265684
0.000572706
1.00794
0.0679963
-0.000265684
-0.000572706
ds709	-2.33092456
1.00794
0.031251
0.000538497
0.00100235
1.00794
0.068749
-0.000538497
-0.00100235
ds710	-2.32991972
1.00794
0.0310634
0.000795073
0.00140177
1.00794
0.0689366
-0.000795073
-0.00140177
ds711	-2.33172755
1.00794
0.0315396
0.00102375
0.00175202
1.00794
0.0684604
-0.00102375
-0.00175202
ds712	-2.33321135
1.00794
0.0324781
0.00122677
0.0020584
1.00794
0.0675219
-0.00122677
-0.0020584
ds713	-2.33125864
1.00794
0.0333883
0.00143174
0.00236811
1.00794
0.0666117
-0.00143174
-0.00236811
ds714	-2.33018779
1.00794
0.0336846
0.0016896
0.00276537
1.00794
0.0663154
-0.0016896
-0.00276537
ds715	-2.33262688
1.00794
0.033206
0.00202767
0.003294
1.00794
0.066794
-0.00202767
-0.003294
ds716	-2.33278164
1.00794
0.0324061
0.00240451
0.00388571
1.00794
0.0675939
-0.00240451
-0.00388571
ds717	-2.33053082
1.00794
0.0318575
0.002747
0.004422
1.00794
0.0681425
-0.002747
-0.004422
ds718	-2.33006492
1.00794
0.0318932
0.00300106
0.00481598
1.00794
0.0681068
-0.00300106
-0.00481598
ds719	-2.33216357
1.00794
0.0325522
0.00315184
0.00504421
1.00794
0.0674478
-0.00315184
-0.00504421
ds720	-2.33310174
1.00794
0.0335858
0.00323501
0.00516419
1.00794
0.0664142
-0.00323501
-0.00516419
ds721	-2.33076631
1.00794
0.0344868
0.00334438
0.00532596
1.00794
0.0655132
-0.00334438
-0.00532596
ds722	-2.33049818
1.00794
0.0347362
0.00359433
0.00571151
1.00794
0.0652638
-0.00359433
-0.00571151
ds723	-2.33295822
1.00794
0.0343045
0.0040047
0.00635186
1.00794
0.0656955
-0.0040047
-0.00635186
ds724	-2.33242263
1.00794
0.0336788
0.00446467
0.00707073
1.00794
0.0663212
-0.00446467
-0.00707073
ds725	-2.33021015
1.00794
0.0333612
0.00484043
0.00765608
1.00794
0.0666388
-0.00484043
-0.00765608
ds726	-2.33031388
1.00794
0.0336051
0.00505288
0.00798304
1.00794
0.0663949
-0.00505288
-0.00798304
ds727	-2.33256111
1.00794
0.0343945
0.00509725
0.0080444
1.00794
0.0656055
-0.00509725
-0.0080444
ds728	-2.33285111
1.00794
0.0354541
0.0050534
0.00796649
1.00794
0.0645459
-0.0050534
-0.00796649
ds729	-2.33035932
1.00794
0.0362985
0.00508442
0.00800655
1.00794
0.0637015
-0.00508442
-0.00800655
ds730	-2.33092956
1.00794
0.0365139
0.00534889
0.00841416
1.00794
0.0634861
-0.00534889
-0.00841416
ds731	-2.33315888
1.00794
0.0361844
0.00582952
0.00916179
1.00794
0.0638156
-0.00582952
-0.00916179
ds732	-2.33200071
1.00794
0.0357758
0.00634353
0.00996195
1.00794
0.0642242
-0.00634353
-0.00996195
ds733	-2.32998025
1.00794
0.0356927
0.00671236
0.0105342
1.00794
0.0643073
-0.00671236
-0.0105342
ds734	-2.33064922
1.00794
0.0361074
0.00684766
0.0107401
1.00794
0.0638926
-0.00684766
-0.0107401
ds735	-2.33288822
1.00794
0.0369615
0.00676635
0.0106063
1.00794
0.0630385
-0.00676635
-0.0106063
ds736	-2.33247506
1.00794
0.0379793
0.00660002
0.0103394
1.00794
0.0620207
-0.00660002
-0.0103394
ds737	-2.33008435
1.00794
0.0387373
0.00657635
0.010296
1.00794
0.0612627
-0.00657635
-0.010296
ds738	-2.33143122
1.00794
0.03895
0.00687109
0.0107512
1.00794
0.06105
-0.00687109
-0.0107512
ds739	-2.33321559
1.00794
0.0387745
0.00740719
0.0115841
1.00794
0.0612255
-0.00740719
-0.0115841
ds740	-2.33154448
1.00794
0.0386061
0.00793852
0.0124096
1.00794
0.0613939
-0.00793852
-0.0124096
ds741	-2.32985143
1.00794
0.0387376
0.00826097
0.0129085
1.00794
0.0612624
-0.00826097
-0.0129085
ds742	-2.33104836
1.00794
0.0392671
0.00829149
0.0129512
1.00794
0.0607329
-0.00829149
-0.0129512
ds743	-2.33311269
1.00794
0.0401126
0.0080779
0.0126125
1.00794
0.0598874
-0.0080779
-0.0126125
ds744	-2.33200316
1.00794
0.0410298
0.00780594
0.0121827
1.00794
0.0589702
-0.00780594
-0.0121827
ds745	-2.32997365
1.00794
0.0416932
0.00775479
0.0120975
1.00794
0.0583068
-0.00775479
-0.0120975
ds746	-2.33194576
1.00794
0.0419463
0.00808682
0.01261
1.00794
0.0580537
-0.00808682
-0.01261
ds747	-2.33313054
1.00794
0.0419653
0.00865389
0.013489
1.00794
0.0580347
-0.00865389
-0.013489
ds748	-2.33109127
1.00794
0.0420371
0.00916409
0.0142793
1.00794
0.0579629
-0.00916409
-0.0142793
ds749	-2.32983437
1.00794
0.0423414
0.00940691
0.014653
1.00794
0.0576586
-0.00940691
-0.014653
ds750	-2.33148673
1.00794
0.042917
0.00931655
0.0145076
1.00794
0.057083
-0.00931655
-0.0145076
ds751	-2.33321276
1.00794
0.0436819
0.00897722
0.0139745
1.00794
0.0563181
-0.00897722
-0.0139745
ds752	-2.33148101
1.00794
0.0444555
0.00862554
0.0134222
1.00794
0.0555445
-0.00862554
-0.0134222
ds753	-2.33004310
1.00794
0.0450378
0.00857172
0.0133334
1.00794
0.0549622
-0.00857172
-0.0133334
ds754	-2.33242025
1.00794
0.0453779
0.00893617
0.0138952
1.00794
0.0546221
-0.00893617
-0.0138952
ds755	-2.33291580
1.00794
0.0456141
0.00950171
0.0147696
1.00794
0.0543859
-0.00950171
-0.0147696
ds756	-2.33067092
1.00794
0.0459031
0.00995303
0.0154664
1.00794
0.0540969
-0.00995303
-0.0154664
ds757	-2.32993207
1.00794
0.0463212
0.0100909
0.0156762
1.00794
0.0536788
-0.0100909
-0.0156762
ds758	-2.33193680
1.00794
0.0468682
0.00987548
0.0153371
1.00794
0.0531318
-0.00987548
-0.0153371
ds759	-2.33317244
1.00794
0.0474886
0.00942876
0.0146388
1.00794
0.0525114
-0.00942876
-0.0146388
ds760	-2.33096099
1.00794
0.0480967
0.00902872
0.0140129
1.00794
0.0519033
-0.00902872
-0.0140129
ds761	-2.33028690
1.00794
0.0486285
0.00899041
0.0139485
1.00794
0.0513715
-0.00899041
-0.0139485
ds762	-2.33281016
1.00794
0.0490963
0.00937099
0.0145339
1.00794
0.0509037
-0.00937099
-0.0145339
ds763	-2.33259233
1.00794
0.04955
0.00989863
0.0153474
1.00794
0.05045
-0.00989863
-0.0153474
ds764	-2.33030821
1.00794
0.0500113
0.0102589
0.0159014
1.00794
0.0499887
-0.0102589
-0.0159014
ds765	-2.33013585
1.00794
0.0504722
0.0102776
0.0159261
1.00794
0.0495278
-0.0102776
-0.0159261
ds766	-2.33236245
1.00794
0.050917
0.00994602
0.0154078
1.00794
0.049083
-0.00994602
-0.0154078
ds767	-2.33298578
1.00794
0.0513441
0.00942008
0.0145884
1.00794
0.0486559
-0.00942008
-0.0145884
ds768	-2.33050000
1.00794
0.0517868
0.00900356
0.0139385
1.00794
0.0482132
-0.00900356
-0.0139385
ds769	-2.33067269
1.00794
0.0523093
0.0089884
0.01391
1.00794
0.0476907
-0.0089884
-0.01391
ds770	-2.33307884
1.00794
0.052931
0.00935929
0.0144788
1.00794
0.047069
-0.00935929
-0.0144788
ds771	-2.33219144
1.00794
0.0535788
0.00981366
0.0151769
1.00794
0.0464212
-0.00981366
-0.0151769
ds772	-2.33002985
1.00794
0.0541508
0.01006
0.0155532
1.00794
0.0458492
-0.01006
-0.0155532
ds773	-2.33043501
1.00794
0.0545793
0.00995869
0.0153919
1.00794
0.0454207
-0.00995869
-0.0153919
ds774	-2.33273186
1.00794
0.054858
0.00953177
0.0147274
1.00794
0.045142
-0.00953177
-0.0147274
ds775	-2.33266314
1.00794
0.0550636
0.00896134
0.0138412
1.00794
0.0449363
-0.00896134
-0.0138412
ds776	-2.33015056
1.00794
0.0553627
0.00855629
0.0132104
1.00794
0.0446373
-0.00855629
-0.0132104
ds777	-2.33115309
1.00794
0.0559183
0.00856035
0.0132112
1.00794
0.0440817
-0.00856035
-0.0132112
ds778	-2.33320613
1.00794
0.0566995
0.00889072
0.0137155
1.00794
0.0433005
-0.00889072
-0.0137155
ds779	-2.33174214
1.00794
0.0574966
0.00924217
0.0142523
1.00794
0.0425034
-0.00924217
-0.0142523
ds780	-2.32984859
1.00794
0.0581071
0.00936343
0.0144342
1.00794
0.0418929
-0.00936343
-0.0144342
ds781	-2.33080956
1.00794
0.0584309
0.0091537
0.0141057
1.00794
0.0415691
-0.0091537
-0.0141057
ds782	-2.33301322
1.00794
0.0584953
0.00866228
0.0133432
1.00794
0.0415047
-0.00866228
-0.0133432
ds783	-2.33222906
1.00794
0.0584748
0.00808425
0.0124472
1.00794
0.0415252
-0.00808425
-0.0124472
ds784	-2.32995404
1.00794
0.0586683
0.00771039
0.0118655
1.00794
0.0413317
-0.00771039
-0.0118655
ds785	-2.33167417
1.00794
0.0592917
0.00771884
0.0118721
1.00794
0.0407083
-0.00771884
-0.0118721
ds786	-2.33318806
1.00794
0.0602158
0.00797708
0.012263
1.00794
0.0397842
-0.00797708
-0.012263
ds787	-2.33127883
1.00794
0.061101
0.00820502
0.0126071
1.00794
0.038899
-0.00820502
-0.0126071
ds788	-2.32977589
1.00794
0.061675
0.00820283
0.0125977
1.00794
0.038325
-0.00820283
-0.0125977
ds789	-2.33123698
1.00794
0.0618327
0.00790809
0.0121389
1.00794
0.0381673
-0.00790809
-0.0121389
ds790	-2.33317979
1.00794
0.0616552
0.00738934
0.0113362
1.00794
0.0383448
-0.00738934
-0.0113362
ds791	-2.33171947
1.00794
0.0614269
0.00683821
0.0104838
1.00794
0.0385731
-0.00683821
-0.0104838
ds792	-2.32993615
1.00794
0.0615619
0.00650442
0.00996479
1.00794
0.0384381
-0.00650442
-0.00996479
ds793	-2.33218280
1.00794
0.0622722
0.00649417
0.00994149
1.00794
0.0377278
-0.00649417
-0.00994149
ds794	-2.33303265
1.00794
0.063301
0.0066524
0.0101762
1.00794
0.036699
-0.0066524
-0.0101762
ds795	-2.33083432
1.00794
0.064203
0.00674716
0.0103139
1.00794
0.035797
-0.00674716
-0.0103139
ds796	-2.32981979
1.00794
0.06467
0.00663518
0.0101357
1.00794
0.03533
-0.00663518
-0.0101357
ds797	-2.33169239
1.00794
0.0646163
0.00628764
0.0095978
1.00794
0.0353837
-0.00628764
-0.0095978
ds798	-2.33321104
1.00794
0.0641929
0.00578095
0.00881707
1.00794
0.0358071
-0.00578095
-0.00881707
ds799	-2.33118334
1.00794
0.0637946
0.00528448
0.00805196
1.00794
0.0362054
-0.00528448
-0.00805196
ds800	-2.33010012
1.00794
0.0639174
0.0049876
0.00759095
1.00794
0.0360826
-0.0049876
-0.00759095
ds801	-2.33262552
1.00794
0.0647122
0.00493162
0.00749646
1.00794
0.0352877
-0.00493162
-0.00749646
ds802	-2.33275473
1.00794
0.0657892
0.0049702
0.00754564
1.00794
0.0342108
-0.0049702
-0.00754564
ds803	-2.33043537
1.00794
0.0666338
0.0049357
0.00748376
1.00794
0.0333662
-0.0049357
-0.00748376
ds804	-2.32997409
1.00794
0.0669349
0.0047399
0.00717724
1.00794
0.0330651
-0.0047399
-0.00717724
ds805	-2.33213961
1.00794
0.0666463
0.00437908
0.00662072
1.00794
0.0333537
-0.00437908
-0.00662072
ds806	-2.33309517
1.00794
0.0659966
0.0039233
0.00592048
1.00794
0.0340034
-0.0039233
-0.00592048
ds807	-2.33067901
1.00794
0.06548
0.00350021
0.00526944
1.00794
0.03452
-0.00350021
-0.00526944
ds808	-2.33042511
1.00794
0.065627
0.00322719
0.00484424
1.00794
0.034373
-0.00322719
-0.00484424
ds809	-2.33296015
1.00794
0.0664819
0.00310043
0.00463856
1.00794
0.0335181
-0.00310043
-0.00463856
ds810	-2.33238304
1.00794
0.0675397
0.00301187
0.00449002
1.00794
0.0324603
-0.00301187
-0.00449002
ds811	-2.33010923
1.00794
0.068259
0.00286518
0.00425485
1.00794
0.031741
-0.00286518
-0.00425485
ds812	-2.33023024
1.00794
0.0683536
0.00262047
0.00387414
1.00794
0.0316464
-0.00262047
-0.00387414
ds813	-2.33254513
1.00794
0.0678305
0.00228756
0.00336309
1.00794
0.0321695
-0.00228756
-0.00336309
ds814	-2.33283479
1.00794
0.0669953
0.00191456
0.00279319
1.00794
0.0330047
-0.00191456
-0.00279319
ds815	-2.33026226
1.00794
0.0664173
0.00157046
0.00226551
1.00794
0.0335827
-0.00157046
-0.00226551
ds816	-2.33087076
1.00794
0.0666075
0.00129977
0.0018438
1.00794
0.0333925
-0.00129977
-0.0018438
ds817	-2.33316075
1.00794
0.0674785
0.00108229
0.00149758
1.00794
0.0325215
-0.00108229
-0.00149758
ds818	-2.33194916
1.00794
0.0684475
0.000870811
0.00115969
1.00794
0.0315525
-0.000870811
-0.00115969
ds819	-2.32987656
1.00794
0.0689866
0.00063897
0.000794695
1.00794
0.0310134
-0.00063897
-0.000794695
ds820	-2.33057485
1.00794
0.0688567
0.000384551
0.000401613
1.00794
0.0311433
-0.000384551
-0.000401613
ds821	-2.33287987
1.00794
0.0681232
0.000117778
-4.384e-06
1.00794
0.0318768
-0.000117778
4.384e-06
ds822	-2.33244917
1.00794
0.0671594
-0.000150537
-0.000410379
1.00794
0.0328406
0.000150537
0.000410379
ds823	-2.32998348
1.00794
0.0665735
-0.000422186
-0.000825431
1.00794
0.0334265
0.000422186
0.000825431
ds824	-2.33138755
1.00794
0.0668052
-0.00071465
-0.00128118
1.00794
0.0331948
0.00071465
0.00128118
ds825	-2.33321517
1.00794
0.0676354
-0.00103254
-0.00178252
1.00794
0.0323646
0.00103254
0.00178252
ds826	-2.33148246
1.00794
0.0684512
-0.00134954
-0.00228238
1.00794
0.0315488
0.00134954
0.00228238
ds827	-2.32974691
1.00794
0.0687737
-0.00163044
-0.00272123
1.00794
0.0312263
0.00163044
0.00272123
ds828	-2.33098353
1.00794
0.0684245
-0.00185296
-0.00306276
1.00794
0.0315755
0.00185296
0.00306276
ds829	-2.33310933
1.00794
0.0675259
-0.00202021
-0.00331303
1.00794
0.0324741
0.00202021
0.00331303
ds830	-2.33196409
1.00794
0.0664986
-0.00217263
-0.00353909
1.00794
0.0335014
0.00217263
0.00353909
ds831	-2.32987175
1.00794
0.0659462
-0.00238758
-0.00386709
1.00794
0.0340538
0.00238758
0.00386709
ds832	-2.33191563
1.00794
0.066196
-0.00272265
-0.00438975
1.00794
0.033804
0.00272265
0.00438975
ds833	-2.33312477
1.00794
0.0669227
-0.00313791
-0.00504173
1.00794
0.0330773
0.00313791
0.00504173
ds834	-2.33101895
1.00794
0.0675344
-0.00353189
-0.0056595
1.00794
0.0324656
0.00353189
0.0056595
ds835	-2.32973098
1.00794
0.067627
-0.00382141
-0.00610975
1.00794
0.032373
0.00382141
0.00610975
ds836	-2.33143275
1.00794
0.0670876
-0.00397398
-0.0063409
1.00794
0.0329124
0.00397398
0.0063409
ds837	-2.33321299
1.00794
0.0660853
-0.00401899
-0.00640027
1.00794
0.0339147
0.00401899
0.00640027
ds838	-2.33142838
1.00794
0.0650599
-0.00405834
-0.00645045
1.00794
0.0349401
0.00405834
0.00645045
ds839	-2.32994481
1.00794
0.0645634
-0.00424032
-0.00672718
1.00794
0.0354366
0.00424032
0.00672718
ds840	-2.33240221
1.00794
0.0647904
-0.00463304
-0.00733807
1.00794
0.0352096
0.00463304
0.00733807
ds841	-2.33290251
1.00794
0.0653543
-0.00513139
-0.00811612
1.00794
0.0346457
0.00513139
0.00811612
ds842	-2.33058895
1.00794
0.0657298
-0.00556678
-0.00879455
1.00794
0.0342702
0.00556678
0.00879455
ds843	-2.32983085
1.00794
0.0656031
-0.00582449
-0.00919234
1.00794
0.0343969
0.00582449
0.00919234
ds844	-2.33189318
1.00794
0.0649234
-0.00587576
-0.00926439
1.00794
0.0350766
0.00587576
0.00926439
ds845	-2.33317268
1.00794
0.0638887
-0.00578732
-0.00911625
1.00794
0.0361113
0.00578732
0.00911625
ds846	-2.33089384
1.00794
0.0629228
-0.00572754
-0.00901333
1.00794
0.0370772
0.00572754
0.00901333
ds847	-2.33019625
1.00794
0.0624835
-0.00590114
-0.00927773
1.00794
0.0375165
0.00590114
0.00927773
ds848	-2.33280159
1.00794
0.0626362
-0.00635463
-0.00998223
1.00794
0.0373638
0.00635463
0.00998223
ds849	-2.33257037
1.00794
0.0629897
-0.00690901
-0.0108453
1.00794
0.0370103
0.00690901
0.0108453
ds850	-2.33021853
1.00794
0.0631199
-0.00734456
-0.011522
1.00794
0.0368801
0.00734456
0.011522
ds851	-2.33003940
1.00794
0.0628077
-0.0075325
-0.0118102
1.00794
0.0371923
0.0075325
0.0118102
ds852	-2.33232995
1.00794
0.0620534
-0.00746033
-0.0116905
1.00794
0.0379466
0.00746033
0.0116905
ds853	-2.33298279
1.00794
0.0610595
-0.0072399
-0.0113386
1.00794
0.0389405
0.0072399
0.0113386
ds854	-2.33041833
1.00794
0.0601949
-0.0071041
-0.0111192
1.00794
0.0398051
0.0071041
0.0111192
ds855	-2.33059133
1.00794
0.0597926
-0.00729043
-0.0114041
1.00794
0.0402074
0.00729043
0.0114041
ds856	-2.33307473
1.00794
0.0598186
-0.00779555
-0.0121876
1.00794
0.0401814
0.00779555
0.0121876
ds857	-2.33215824
1.00794
0.0599332
-0.00837111
-0.0130812
1.00794
0.0400668
0.00837111
0.0130812
ds858	-2.32993331
1.00794
0.0598342
-0.00876672
-0.0136936
1.00794
0.0401658
0.00876672
0.0136936
ds859	-2.33034434
1.00794
0.059391
-0.00885567
-0.013827
1.00794
0.040609
0.00885567
0.013827
ds860	-2.33270957
1.00794
0.0586367
-0.00865127
-0.0135023
1.00794
0.0413633
0.00865127
0.0135023
ds861	-2.33265491
1.00794
0.0577495
-0.00831388
-0.01297
1.00794
0.0422505
0.00831388
0.01297
ds862	-2.33005932
1.00794
0.0570065
-0.00813121
-0.012679
1.00794
0.0429935
0.00813121
0.012679
ds863	-2.33108587
1.00794
0.0566043
-0.00834405
-0.0130048
1.00794
0.0433957
0.00834405
0.0130048
ds864	-2.33320566
1.00794
0.0564585
-0.00888082
-0.0138353
1.00794
0.0435415
0.00888082
0.0138353
ds865	-2.33169905
1.00794
0.0563283
-0.00943909
-0.0146993
1.00794
0.0436717
0.00943909
0.0146993
ds866	-2.32974703
1.00794
0.0560384
-0.00975929
-0.0151926
1.00794
0.0439616
0.00975929
0.0151926
ds867	-2.33072636
1.00794
0.0555325
-0.00973029
-0.0151422
1.00794
0.0444675
0.00973029
0.0151422
ds868	-2.33300032
1.00794
0.0548538
-0.00939754
-0.0146191
1.00794
0.0451462
0.00939754
0.0146191
ds869	-2.33221113
1.00794
0.0541251
-0.00896808
-0.0139456
1.00794
0.0458749
0.00896808
0.0139456
ds870	-2.32985435
1.00794
0.0535015
-0.00876735
-0.0136277
1.00794
0.0464985
0.00876735
0.0136277
ds871	-2.33162138
1.00794
0.0530545
-0.00900908
-0.0139976
1.00794
0.0469455
0.00900908
0.0139976
ds872	-2.33318853
1.00794
0.0527082
-0.00954796
-0.0148291
1.00794
0.0472918
0.00954796
0.0148291
ds873	-2.33122516
1.00794
0.0523516
-0.0100504
-0.015604
1.00794
0.0476484
0.0100504
0.015604
ds874	-2.32967080
1.00794
0.0519282
-0.0102676
-0.0159361
1.00794
0.0480718
0.0102676
0.0159361
ds875	-2.33116266
1.00794
0.0514351
-0.0101141
-0.0156928
1.00794
0.0485649
0.0101141
0.0156928
ds876	-2.33317485
1.00794
0.0509009
-0.00966959
-0.0149979
1.00794
0.0490991
0.00966959
0.0149979
ds877	-2.33168906
1.00794
0.0503624
-0.00918017
-0.0142334
1.00794
0.0496376
0.00918017
0.0142334
ds878	-2.32983041
1.00794
0.0498355
-0.00898583
-0.0139264
1.00794
0.0501645
0.00898583
0.0139264
ds879	-2.33214199
1.00794
0.0493002
-0.00924685
-0.0143251
1.00794
0.0506998
0.00924685
0.0143251
ds880	-2.33302945
1.00794
0.0487463
-0.00975289
-0.0151033
1.00794
0.0512537
0.00975289
0.0151033
ds881	-2.33076923
1.00794
0.0482044
-0.0101654
-0.0157367
1.00794
0.0517956
0.0101654
0.0157367
ds882	-2.32971205
1.00794
0.0477181
-0.0102629
-0.0158826
1.00794
0.0522819
0.0102629
0.0158826
ds883	-2.33162729
1.00794
0.0473137
-0.00999164
-0.0154576
1.00794
0.0526863
0.00999164
0.0154576
ds884	-2.33321234
1.00794
0.0469784
-0.00946291
-0.0146343
1.00794
0.0530216
0.00946291
0.0146343
ds885	-2.33113989
1.00794
0.0466385
-0.00894869
-0.0138335
1.00794
0.0533615
0.00894869
0.0138335
ds886	-2.32999454
1.00794
0.04617
-0.00877651
-0.0135614
1.00794
0.05383
0.00877651
0.0135614
ds887	-2.33259765
1.00794
0.045513
-0.00903646
-0.013957
1.00794
0.054487
0.00903646
0.013957
ds888	-2.33274737
1.00794
0.0447679
-0.00947388
-0.0146267
1.00794
0.0552321
0.00947388
0.0146267
ds889	-2.33036007
1.00794
0.0441003
-0.00977099
-0.0150797
1.00794
0.0558997
0.00977099
0.0150797
ds890	-2.32986579
1.00794
0.0436276
-0.00974524
-0.0150345
1.00794
0.0563724
0.00974524
0.0150345
ds891	-2.33208510
1.00794
0.0433798
-0.0093756
-0.0144587
1.00794
0.0566202
0.0093756
0.0144587
ds892	-2.33310014
1.00794
0.0432786
-0.00879808
-0.0135623
1.00794
0.0567214
0.00879808
0.0135623
ds893	-2.33062018
1.00794
0.0431228
-0.00829205
-0.012776
1.00794
0.0568772
0.00829205
0.012776
ds894	-2.33032367
1.00794
0.0426682
-0.00814612
-0.0125446
1.00794
0.0573318
0.00814612
0.0125446
ds895	-2.33294421
1.00794
0.0418746
-0.00837694
-0.0128933
1.00794
0.0581254
0.00837694
0.0128933
ds896	-2.33236976
1.00794
0.0409776
-0.00871423
-0.0134058
1.00794
0.0590224
0.00871423
0.0134058
ds897	-2.33002507
1.00794
0.0402562
-0.00888211
-0.0136576
1.00794
0.0597438
0.00888211
0.0136576
ds898	-2.33012447
1.00794
0.0398717
-0.00874283
-0.0134371
1.00794
0.0601283
0.00874283
0.0134371
ds899	-2.33250354
1.00794
0.039833
-0.00830508
-0.0127579
1.00794
0.060167
0.00830508
0.0127579
ds900	-2.33284160
1.00794
0.0399773
-0.00771791
-0.011849
1.00794
0.0600227
0.00771791
0.011849
ds901	-2.33018810
1.00794
0.0399712
-0.00724645
-0.0111178
1.00794
0.0600288
0.00724645
0.0111178
ds902	-2.33077785
1.00794
0.039489
-0.00711898
-0.0109143
1.00794
0.060511
0.00711898
0.0109143
ds903	-2.33315431
1.00794
0.0385662
-0.00728984
-0.0111683
1.00794
0.0614338
0.00728984
0.0111683
ds904	-2.33192791
1.00794
0.0375756
-0.00750385
-0.0114884
1.00794
0.0624244
0.00750385
0.0114884
ds905	-2.32978364
1.00794
0.0368767
-0.00754166
-0.0115388
1.00794
0.0631233
0.00754166
0.0115388
ds906	-2.33047283
1.00794
0.0366453
-0.00731071
-0.011178
1.00794
0.0633547
0.00731071
0.011178
ds907	-2.33285118
1.00794
0.0368481
-0.00684202
-0.0104536
1.00794
0.0631519
0.00684202
0.0104536
ds908	-2.33245270
1.00794
0.0372245
-0.00628288
-0.00959123
1.00794
0.0627755
0.00628288
0.00959123
ds909	-2.32989428
1.00794
0.0373202
-0.00586172
-0.00893956
1.00794
0.0626798
0.00586172
0.00893956
ds910	-2.33130730
1.00794
0.0367803
-0.00573431
-0.00873593
1.00794
0.0632197
0.00573431
0.00873593
ds911	-2.33321633
1.00794
0.0357581
-0.0058161
-0.00885107
1.00794
0.0642419
0.0058161
0.00885107
ds912	-2.33145158
1.00794
0.034744
-0.00589455
-0.00896117
1.00794
0.065256
0.00589455
0.00896117
ds913	-2.32964634
1.00794
0.0341409
-0.00581412
-0.00882984
1.00794
0.0658591
0.00581412
0.00882984
ds914	-2.33088834
1.00794
0.0341119
-0.00552317
-0.00837886
1.00794
0.0658881
0.00552317
0.00837886
ds915	-2.33309457
1.00794
0.0345652
-0.00506457
-0.00767358
1.00794
0.0654348
0.00506457
0.00767358
ds916	-2.33196118
1.00794
0.0351393
-0.00456628
-0.00690809
1.00794
0.0648607
0.00456628
0.00690809
ds917	-2.32976979
1.00794
0.035285
-0.00419968
-0.00634167
1.00794
0.064715
0.00419968
0.00634167
ds918	-2.33184951
1.00794
0.0346772
-0.00404818
-0.00609991
1.00794
0.0653228
0.00404818
0.00609991
ds919	-2.33312984
1.00794
0.0336056
-0.00401928
-0.00604273
1.00794
0.0663944
0.00401928
0.00604273
ds920	-2.33097777
1.00794
0.0326427
-0.00396378
-0.00594542
1.00794
0.0673573
0.00396378
0.00594542
ds921	-2.32962495
1.00794
0.0321976
-0.00379006
-0.00567064
1.00794
0.0678024
0.00379006
0.00567064
ds922	-2.33134661
1.00794
0.0323987
-0.00347882
-0.00519
1.00794
0.0676013
0.00347882
0.00519
ds923	-2.33320969
1.00794
0.0330863
-0.00307144
-0.00456585
1.00794
0.0669137
0.00307144
0.00456585
ds924	-2.33141329
1.00794
0.0338063
-0.00265818
-0.00393297
1.00794
0.0661937
0.00265818
0.00393297
ds925	-2.32983485
1.00794
0.033955
-0.00233869
-0.00343888
1.00794
0.066045
0.00233869
0.00343888
ds926	-2.33235159
1.00794
0.0332911
-0.00213759
-0.00311895
1.00794
0.0667089
0.00213759
0.00311895
ds927	-2.33290773
1.00794
0.032234
-0.00198675
-0.00287242
1.00794
0.067766
0.00198675
0.00287242
ds928	-2.33053501
1.00794
0.0313931
-0.00181169
-0.00259096
1.00794
0.0686069
0.00181169
0.00259096
ds929	-2.32971908
1.00794
0.0311511
-0.00157825
-0.00222607
1.00794
0.0688489
0.00157825
0.00222607
ds930	-2.33181745
1.00794
0.0315859
-0.00128807
-0.00178119
1.00794
0.0684141
0.00128807
0.00178119
ds931	-2.33317982
1.00794
0.0324693
-0.000966412
-0.00129281
1.00794
0.0675307
0.000966412
0.00129281
ds932	-2.33086318
1.00794
0.0332738
-0.000649024
-0.000810155
1.00794
0.0667262
0.000649024
0.000810155
ds933	-2.33008273
1.00794
0.0333917
-0.000358219
-0.000360674
1.00794
0.0666083
0.000358219
0.000360674
ds934	-2.33276789
1.00794
0.0327049
-8.4725e-05
7.1388e-05
1.00794
0.0672951
8.4725e-05
-7.1388e-05
ds935	-2.33257460
1.00794
0.0317316
0.000187383
0.000504644
1.00794
0.0682684
-0.000187383
-0.000504644
ds936	-2.33015293
1.00794
0.0310715
0.000456271
0.000929225
1.00794
0.0689285
-0.000456271
-0.000929225
ds937	-2.32992488
1.00794
0.0310553
0.000709635
0.00132219
1.00794
0.0689447
-0.000709635
-0.00132219
ds938	-2.33226726
1.00794
0.0317027
0.000938092
0.00166876
1.00794
0.0682973
-0.000938092
-0.00166876
ds939	-2.33299829
1.00794
0.0327251
0.0011473
0.00198114
1.00794
0.0672749
-0.0011473
-0.00198114
ds940	-2.33036920
1.00794
0.0335527
0.00136943
0.00231586
1.00794
0.0664473
-0.00136943
-0.00231586
ds941	-2.33047878
1.00794
0.033627
0.00165424
0.00275666
1.00794
0.066373
-0.00165424
-0.00275666
ds942	-2.33305629
1.00794
0.0329676
0.00201311
0.00332098
1.00794
0.0670324
-0.00201311
-0.00332098
ds943	-2.33215682
1.00794
0.0321444
0.00239133
0.00391732
1.00794
0.0678556
-0.00239133
-0.00391732
ds944	-2.32985384
1.00794
0.0317054
0.0027181
0.00442946
1.00794
0.0682946
-0.0027181
-0.00442946
ds945	-2.33022889
1.00794
0.0319127
0.00294887
0.0047852
1.00794
0.0680873
-0.00294887
-0.0047852
ds946	-2.33266239
1.00794
0.032729
0.00308035
0.00497983
1.00794
0.067271
-0.00308035
-0.00497983
ds947	-2.33267412
1.00794
0.0338222
0.00316252
0.00509472
1.00794
0.0661778
-0.00316252
-0.00509472
ds948	-2.32998901
1.00794
0.0346199
0.00330254
0.00530274
1.00794
0.0653801
-0.00330254
-0.00530274
ds949	-2.33098137
1.00794
0.0346598
0.00360535
0.00577208
1.00794
0.0653402
-0.00360535
-0.00577208
ds950	-2.33320135
1.00794
0.0340877
0.00405208
0.00647171
1.00794
0.0659123
-0.00405208
-0.00647171
ds951	-2.33168994
1.00794
0.0334692
0.00451071
0.00719019
1.00794
0.0665308
-0.00451071
-0.00719019
ds952	-2.32965587
1.00794
0.0332688
0.00485533
0.00772677
1.00794
0.0667312
-0.00485533
-0.00772677
ds953	-2.33061390
1.00794
0.0336735
0.00502442
0.00798396
1.00794
0.0663265
-0.00502442
-0.00798396
ds954	-2.33296998
1.00794
0.0345973
0.00503376
0.00798724
1.00794
0.0654027
-0.00503376
-0.00798724
ds955	-2.33222915
1.00794
0.0356902
0.00498796
0.00790296
1.00794
0.0643098
-0.00498796
-0.00790296
ds956	-2.32976377
1.00794
0.0364216
0.00506821
0.00801832
1.00794
0.0635784
-0.00506821
-0.00801832
ds957	-2.33152957
1.00794
0.036457
0.0054083
0.00854472
1.00794
0.063543
-0.0054083
-0.00854472
ds958	-2.33319463
1.00794
0.0360315
0.00593251
0.009362
1.00794
0.0639685
-0.00593251
-0.009362
ds959	-2.33120513
1.00794
0.0356536
0.00643647
0.0101474
1.00794
0.0643464
-0.00643647
-0.0101474
ds960	-2.32956816
1.00794
0.0356848
0.00675692
0.0106436
1.00794
0.0643152
-0.00675692
-0.0106436
ds961	-2.33105640
1.00794
0.0362388
0.00683055
0.0107511
1.00794
0.0637612
-0.00683055
-0.0107511
ds962	-2.33316219
1.00794
0.0371975
0.00670329
0.0105425
1.00794
0.0628025
-0.00670329
-0.0105425
ds963	-2.33169952
1.00794
0.0382244
0.00654032
0.0102778
1.00794
0.0617756
-0.00654032
-0.0102778
ds964	-2.32972271
1.00794
0.0388741
0.00658681
0.0103424
1.00794
0.0611259
-0.00658681
-0.0103424
ds965	-2.33206747
1.00794
0.0389495
0.00697327
0.0109408
1.00794
0.0610505
-0.00697327
-0.0109408
ds966	-2.33304201
1.00794
0.038721
0.00755145
0.0118401
1.00794
0.061279
-0.00755145
-0.0118401
ds967	-2.33073549
1.00794
0.0385972
0.00805957
0.0126295
1.00794
0.0614028
-0.00805957
-0.0126295
ds968	-2.32959871
1.00794
0.0388285
0.00831662
0.0130255
1.00794
0.0611715
-0.00831662
-0.0130255
ds969	-2.33152905
1.00794
0.0394666
0.00827097
0.0129474
1.00794
0.0605334
-0.00827097
-0.0129474
ds970	-2.33321476
1.00794
0.0403832
0.00800667
0.0125269
1.00794
0.0596168
-0.00800667
-0.0125269
ds971	-2.33113560
1.00794
0.0412916
0.00774925
0.0121171
1.00794
0.0587084
-0.00774925
-0.0121171
ds972	-2.32987306
1.00794
0.0418669
0.00778836
0.012171
1.00794
0.0581331
-0.00778836
-0.012171
ds973	-2.33254181
1.00794
0.042033
0.00821932
0.0128373
1.00794
0.057967
-0.00821932
-0.0128373
ds974	-2.33276364
1.00794
0.0420352
0.00881944
0.0137677
1.00794
0.0579648
-0.00881944
-0.0137677
ds975	-2.33031254
1.00794
0.0421535
0.00929104
0.0144974
1.00794
0.0578465
-0.00929104
-0.0144974
ds976	-2.32974475
1.00794
0.0425328
0.00945356
0.0147449
1.00794
0.0574672
-0.00945356
-0.0147449
ds977	-2.33200028
1.00794
0.0431796
0.00927758
0.0144643
1.00794
0.0568204
-0.00927758
-0.0144643
ds978	-2.33311727
1.00794
0.0439827
0.00888918
0.0138526
1.00794
0.0560173
-0.00888918
-0.0138526
ds979	-2.33059560
1.00794
0.0447407
0.00856725
0.0133444
1.00794
0.0552593
-0.00856725
-0.0133444
ds980	-2.33019524
1.00794
0.0452692
0.00861938
0.0134188
1.00794
0.0547308
-0.00861938
-0.0134188
ds981	-2.33290826
1.00794
0.0455734
0.0090803
0.0141296
1.00794
0.0544266
-0.0090803
-0.0141296
ds982	-2.33238453
1.00794
0.0458175
0.00966436
0.015032
1.00794
0.0541825
-0.00966436
-0.015032
ds983	-2.32996110
1.00794
0.0461425
0.010062
0.0156445
1.00794
0.0538575
-0.010062
-0.0156445
ds984	-2.32999834
1.00794
0.046602
0.0101088
0.0157115
1.00794
0.053398
-0.0101088
-0.0157115
ds985	-2.33243574
1.00794
0.0471797
0.00980468
0.0152329
1.00794
0.0528203
-0.00980468
-0.0152329
ds986	-2.33286957
1.00794
0.0478103
0.00931658
0.0144686
1.00794
0.0521897
-0.00931658
-0.0144686
ds987	-2.33013969
1.00794
0.0484095
0.00896267
0.0139126
1.00794
0.0515905
-0.00896267
-0.0139126
ds988	-2.33065167
1.00794
0.0489324
0.00903821
0.0140233
1.00794
0.0510676
-0.00903821
-0.0140233
ds989	-2.33313780
1.00794
0.0494093
0.0095037
0.014739
1.00794
0.0505907
-0.0095037
-0.014739
ds990	-2.33193597
1.00794
0.0498821
0.0100326
0.015553
1.00794
0.0501179
-0.0100326
-0.015553
