HL1
n1	0.00374649	-0.0639504	-0.0125559	-0.010101	0.00997362	-0.0439504
n2	-0.00292923	0.0423155	-0.00749681	0.010097	0.0100256	0.0622651
n3	-0.0131623	0.00845424	-0.00915117	0.0100362	-0.009991	0.0285027
n4	0.00374836	-0.0639794	-0.0125654	0.00989911	0.00997362	-0.0439592
n5	-0.00376499	0.0440372	0.0125841	-0.00989903	0.0100264	0.0639868
n6	0.014155	0.00598916	-0.00925156	-0.00998426	0.0100083	0.00603949
n7	-0.0037495	0.043948	0.0125479	0.010101	-0.00997361	0.0639545
n8	0.013327	0.00779868	0.0108335	0.0100198	0.0100092	0.00784898
n9	0.0205979	-0.0967265	0.00589443	0.00982643	0.00995785	-0.0967181
n10	0.00290743	-0.0262146	0.0092815	-0.0100423	0.00999242	-0.0263026
n11	0.00375943	-0.0639629	-0.0125499	0.00989905	-0.0100264	-0.0439832
n12	0.0131466	-0.00841427	0.00915377	0.00996392	0.00999102	-0.0284646
n13	0.0139915	-0.0102621	-0.0109491	0.00995984	-0.0100099	-0.0302822
n14	0.0302644	-0.0646059	0.00743807	0.00988272	0.00997373	-0.0646279
n15	0.0206008	-0.0966585	0.00592974	-0.0101736	0.00995785	-0.0967204
n16	0.0302668	-0.0645528	0.00746978	-0.0101174	-0.0100263	-0.064641
n17	-0.0131581	0.00854182	-0.0091004	-0.00996387	-0.00999101	0.0284799
n18	-0.00374918	0.0639683	0.0125568	-0.00989913	-0.00997362	0.0439683
n19	0.0214878	-0.0983964	-0.0141994	-0.0101771	0.00995709	-0.0983462
n20	-0.0029309	0.0264384	-0.0091943	0.0100424	-0.0099924	0.0263485
n21	-0.0131656	0.00847077	-0.00913376	0.0100362	-0.00999101	0.0284911
n22	-0.0131624	0.0284796	-0.00913475	-0.00996384	0.010009	0.00849968
n23	0.0037494	-0.0439786	-0.0125653	0.0098991	0.00997361	-0.0639586
n24	-0.0139955	0.010338	0.0109846	0.0100402	-0.00999014	0.0302878
n25	-0.0133196	-0.00786724	-0.0108695	0.0099802	-0.0100091	-0.0078451
n26	0.0131564	-0.0284792	0.00913546	0.00996386	0.00999101	-0.00848766
n27	-0.00373534	0.0281006	0.0108532	-0.00995375	-0.00999157	0.0280806
n28	-0.0037435	0.0280777	0.0108366	0.0100462	-0.00999156	0.0281001
n29	0.0133228	0.00781787	0.010851	0.0100198	0.0100091	0.00784018
n30	-0.0141446	-0.00608214	0.00921445	0.00998417	-0.0100083	-0.00607367
n31	-0.0214977	0.0983666	0.0141818	0.0101771	-0.00995709	0.0983601
n32	0.014165	0.00593466	-0.00926878	-0.0099843	-0.00999174	0.0060247
n33	0.0131687	-0.0285087	0.00912532	0.00996382	-0.010009	-0.00850876
n34	-0.0214814	0.0983449	0.0141817	-0.0098229	-0.00995706	0.0983366
n35	-0.0133134	-0.00789561	-0.0108695	-0.0100199	-0.0100092	-0.00787331
n36	-0.00373905	0.0280742	0.0108351	-0.00995372	-0.00999156	0.0280961
n37	-0.0139856	0.0302847	0.0109662	0.0100402	-0.00999016	0.0102646
n38	0.0131637	-0.0284532	0.00915123	-0.0100362	0.009991	-0.0085016
n39	0.00292113	-0.0622501	0.00752391	-0.010097	-0.0100256	-0.0422501
n40	-0.0141515	-0.00602255	0.00923405	-0.0100158	0.00999172	-0.00604263
OL
n1	0.0771697	-0.0740367	-0.0290563	0.0771654	-0.0771881	-0.00759478	-0.0771466	-0.0109687	0.139014	0.0343148	0.0771744	0.0289237	0.0321832	0.0952183	0.139015	0.0953235	-0.0289636	-0.0772126	0.14219	-0.0344348	-0.0289874	-0.0290218	0.0771442	-0.0322607	0.010874	0.0289888	-0.037544	-0.0376095	-0.0109052	0.0077414	-0.142202	-0.00759327	0.0290078	-0.142138	0.011016	-0.0375909	-0.0321969	0.0290349	0.073995	0.00765022
