HL1
n1	0.00863935	-0.0113606	0.00880248	-0.00960562	0.0105902
n2	0.0111506	0.0111506	0.0109028	0.00957461	0.00933146
n3	0.00863996	-0.01136	-0.0111987	0.0103947	0.0105907
n4	-0.00884851	0.0111515	-0.00909671	-0.0104259	0.00933066
n5	-0.00884933	-0.00884933	-0.00909678	-0.0104253	-0.0106684
n6	0.0111515	0.0111515	-0.00909592	0.00957356	0.00932982
n7	-0.0088484	-0.0088484	0.0109031	0.00957397	-0.0106695
n8	-0.0088494	-0.0088494	-0.00909711	-0.0104256	0.00933115
n9	0.00864031	0.00864031	0.00880281	0.0103943	-0.00940988
n10	-0.00884856	-0.00884856	0.0109043	-0.0104266	-0.0106704
n11	-0.01136	0.00863996	-0.0111987	0.0103947	0.0105907
n12	-0.00884923	-0.00884923	-0.00909722	0.00957437	-0.0106689
n13	0.0111515	0.0111515	-0.00909592	0.00957356	0.00932982
n14	0.0111506	0.0111506	0.0109028	0.00957461	0.00933146
n15	0.0111511	-0.00884894	-0.00909648	-0.0104248	-0.0106676
n16	0.00863942	0.00863942	-0.0111971	-0.00960521	0.0105908
n17	-0.00884852	0.0111515	-0.00909686	0.00957436	-0.0106689
n18	0.00863955	0.00863955	-0.0111968	0.0103943	-0.00940999
n19	-0.0113606	0.00863938	-0.0111973	0.0103945	-0.00940965
n20	0.00863935	-0.0113606	0.00880248	-0.00960562	0.0105902
n21	0.00864031	0.00864031	0.00880281	0.0103943	-0.00940988
n22	0.00863982	-0.0113602	0.00880209	0.0103935	0.0105889
n23	-0.00885011	-0.00885011	-0.00909623	0.00957492	0.00933194
n24	-0.0113596	-0.0113596	-0.011197	-0.00960583	-0.00941013
n25	0.00864031	0.00864031	0.00880281	0.0103943	-0.00940988
n26	0.00863974	-0.0113603	-0.0111975	-0.00960629	-0.00941086
n27	0.0111515	0.0111515	-0.00909692	-0.0104258	0.00933075
n28	-0.00884917	-0.00884917	0.0109029	0.00957584	0.00933337
n29	-0.0113602	0.00863977	0.00880139	-0.00960531	-0.00940933
n30	-0.0113594	-0.0113594	0.00880278	0.0103927	0.0105876
n31	0.00863943	-0.0113606	-0.0111976	-0.00960528	0.0105907
n32	-0.00884854	0.0111515	0.010903	-0.0104258	0.00933088
n33	0.00864027	0.00864027	0.00880248	0.0103941	0.0105898
n34	-0.00884858	0.0111514	0.0109032	0.00957403	-0.0106695
n35	0.0111511	-0.00884894	-0.00909648	-0.0104248	-0.0106676
n36	-0.00884858	0.0111514	0.0109032	0.00957403	-0.0106695
n37	-0.0113596	-0.0113596	-0.011197	-0.00960583	-0.00941013
n38	0.00863977	-0.0113602	0.00880139	-0.00960531	-0.00940933
n39	0.0111506	0.0111506	0.0109026	-0.0104256	0.00933107
n40	-0.0088494	-0.0088494	-0.00909711	-0.0104256	0.00933115
OL
n1	0.01	-0.01	0.01	-0.01	-0.01	-0.01	-0.01	-0.01	0.01	-0.01	0.01	-0.01	-0.01	-0.01	-0.01	0.01	-0.01	0.01	0.01	0.01	0.01	0.01	-0.01	0.01	0.01	0.01	-0.01	-0.01	0.01	0.01	0.01	-0.01	0.01	-0.01	-0.01	-0.01	0.01	0.01	-0.01	-0.01
