0.014361
0.013449
0.0128734
0.0127788
0.0128029
0.0110279
0.010931
0.0116162
0.00988373
0.00823956
0.0078929
0.00654131
0.00777363
0.00860364
0.0085443
0.00859769
0.00954041
0.0089567
0.00918007
0.00888106
0.00794256
0.00830955
0.00782225
0.00788002
0.00759436
0.00716256
0.00642702
0.00742633
0.00739326
0.0072901
0.00700121
0.00711991
0.00726761
0.0071188
0.00691337
0.00636206
0.00651094
0.00663675
0.0062502
0.00645935
0.00652182
0.00677231
0.00680118
0.00645577
0.00612483
0.00592605
0.00600674
0.00586998
0.00583618
0.0057224
0.00573444
0.0051576
0.00496555
0.00479248
0.00465899
0.00482212
0.00511108
0.00476539
0.00474789
0.00450774
0.00456272
0.00432414
0.00425816
0.00415675
0.00410324
0.00408883
0.00420197
0.00426225
0.00439756
0.0035929
0.00347207
0.00319082
0.00276616
0.00257573
0.00248358
0.00241957
0.00254132
0.00245735
0.0023523
0.00222947
0.00219089
0.00201356
0.00200169
0.00193009
0.00192514
0.00186627
0.00192105
0.00174434
0.00146665
0.00170235
0.00159749
0.00121524
0.00108418
0.00108179
0.000928129
0.000780091
0.000733701
0.000773111
0.000405501
0.000366208
0.000480285
0.00050419
0.000394228
9.19005e-05
