HL1
n1	0	0.069705	0.116591	-0.040359	-0.016762	-0.036042
n2	0	-0.021829	-0.077596	0.055277	0.0276	0.00705
n3	0	0.121016	0.012155	-0.083205	-0.052405	0.042798
n4	0	9.2e-05	-0.021904	0.008525	-0.073775	-0.035771
n5	0	-0.072404	0.078873	0.06464	0.036496	0.033656
n6	0	-0.103781	0.045021	0.099653	-0.053859	-0.056268
n7	0	0.099844	0.080443	-0.088713	0.038721	-0.066156
n8	0	0.029448	-0.052246	0.043049	-0.084196	0.050662
n9	0	0.044884	-0.04252	0.007018	0.056275	0.021661
n10	0	0.019064	-0.129687	-0.115351	-0.089946	-0.053791
n11	0	0.08001	-0.11315	0.070593	-0.11857	-0.073612
n12	0	0.07651	-0.099746	0.01498	0.043111	0.004629
n13	0	0.057502	0.058596	-0.105491	0.039804	0.018473
n14	0	0.082087	-0.032768	0.028866	-0.016037	0.012905
n15	0	0.119359	0.050778	-0.08285	-0.011173	-0.015229
n16	0	-0.026229	0.010603	-0.059945	-0.060076	0.038257
n17	0	-0.00121	-0.13798	-0.020569	-0.085271	-0.001226
n18	0	-0.085013	-0.039875	-0.101608	-0.150308	0.020899
n19	0	0.081702	0.011994	-0.134189	-0.00604	-0.02592
n20	0	-0.11851	-0.0952	0.001356	0.014998	-0.013981
n21	0	0.098121	-0.077585	0.071951	-0.065858	-0.005648
n22	0	0.011136	0.077105	-0.086803	0.040971	0.090548
n23	0	-0.029359	0.070022	-0.030379	0.032045	-0.092828
n24	0	-0.054408	0.038195	0.035212	-0.117205	0.02293
n25	0	-0.05791	-0.055135	0.00049	0.063011	0.101467
n26	0	0.046257	0.043101	0.054269	-0.053895	0.12169
n27	0	-0.140184	-0.072476	-0.089442	-0.102696	-0.018093
n28	0	-0.038893	-0.026262	-0.008168	0.138131	-0.003722
n29	0	0.105235	-0.003673	-0.00979	0.084283	0.043846
n30	0	-0.041463	-0.00606	-0.098579	-0.01832	-0.026091
n31	0	-0.069143	-0.129078	0.061443	-0.021795	-0.069383
n32	0	-0.055785	0.035049	0.042249	0.014395	-0.001892
n33	0	0.035396	0.078066	-0.035583	-0.102601	0.053599
n34	0	-0.000682	0.018544	-0.064143	-0.069396	0.149969
n35	0	-0.078266	-0.113238	-0.098734	0.063502	-0.086121
n36	0	0.003016	-0.051113	-0.146652	0.092039	0.048
n37	0	0.185316	-0.086447	-0.055167	0.08131	0.054626
n38	0	-0.109859	0.136342	0.018027	-0.071018	-0.057339
n39	0	-0.125896	-0.05761	-0.029528	-0.118282	0.053363
n40	0	0.00473	0.051116	0.134926	0.116334	-0.107447
OL
n1	0.132157	0.095467	-0.292679	-0.104216	0.276614	0.046719	0.113345	0.092978	-0.069188	0.086774	0.016611	-0.091123	-0.083669	0.08879	-0.104103	0.090524	0.044298	-0.044243	-0.050994	0.15935	-0.038771	-0.051247	0.014449	0.030954	-0.091681	-0.126859	0.184072	0.110211	0.013468	0.107375	0.008078	0.059986	-0.030856	-0.01082	0.146636	0.035198	-0.290084	0.28442	0.201104	0.022238
