HL1
n1	0.114742	-0.471964	-0.507814	0.235217	0.365625	-0.080387
n2	0.9637	0.14931	0.077169	-0.345956	0.045845	0.670529
n3	0.335628	0.34744	-0.083278	0.358274	0.18843	-0.008573
n4	-0.108601	0.276615	-0.236577	0.015575	0.928762	-0.031876
n5	0.171089	-0.10096	-0.155851	-0.1278	0.436688	0.20899
n6	0.650939	0.009672	-0.050273	-0.158616	0.02436	0.076226
n7	-0.722269	-0.376661	0.452808	0.099644	0.468977	0.069363
n8	-0.264761	0.158146	-0.519259	-0.177764	0.680594	0.291888
n9	-0.260283	0.511908	0.354051	-0.247475	-0.597262	-0.041613
n10	0.371408	-0.060419	-0.054455	0.571656	0.347474	0.238804
n11	0.353179	0.272524	0.35551	0.387689	-0.326508	0.168976
n12	-0.807833	0.016763	0.398038	0.318865	-0.047927	0.093001
n13	-0.051248	-0.568865	-0.504111	0.127322	-0.141717	-0.176256
n14	0.031605	-0.020609	0.398171	0.081747	0.262826	-0.217155
n15	0.000132	-0.004999	-0.45092	0.044719	0.205152	0.016802
n16	-0.763494	0.237955	0.656733	-0.523319	-0.820222	0.538553
n17	-0.138272	0.011432	-0.740517	-0.217742	-0.416517	-0.004221
n18	0.272134	-0.359932	-0.121793	0.001886	0.404743	0.177994
n19	0.148069	0.108893	0.144698	0.106494	0.365383	-0.329031
n20	-0.018833	-0.032021	0.010095	-0.100058	-0.327497	-0.240514
OL
n1	-0.051286	-0.337353	-0.037379	0.993708	0.259727	-0.425361	-0.205609	0.994142	-0.944703	0.12975	0.545458	0.104775	-0.048342	0.715607	0.983757	-0.853413	-0.939139	0.982529	0.985883	0.455938
