HL1
n1	0	0.066757	0.112719	-0.036552	-0.011054	-0.031007
n2	0	-0.023203	-0.07782	0.059054	0.030398	0.004977
n3	0	0.12303	0.017331	-0.087497	-0.053195	0.041379
n4	0	-0.006231	-0.019034	0.010932	-0.077823	-0.031315
n5	0	-0.07317	0.080669	0.065685	0.040075	0.036879
n6	0	-0.100476	0.040839	0.096705	-0.050204	-0.058416
n7	0	0.104018	0.083541	-0.089527	0.035856	-0.064863
n8	0	0.029462	-0.046973	0.048924	-0.08222	0.051102
n9	0	0.04193	-0.041292	0.007846	0.052854	0.021472
n10	0	0.010875	-0.131865	-0.1131	-0.090655	-0.056364
n11	0	0.071726	-0.105332	0.06684	-0.119148	-0.070986
n12	0	0.073093	-0.099432	0.014462	0.047771	0.000342
n13	0	0.057226	0.061065	-0.103279	0.040885	0.018028
n14	0	0.077634	-0.030594	0.028513	-0.014025	0.010776
n15	0	0.112789	0.043764	-0.086223	-0.01617	-0.015872
n16	0	-0.030123	0.012947	-0.058301	-0.056734	0.038079
n17	0	-0.003153	-0.138953	-0.020801	-0.085234	0.000657
n18	0	-0.083915	-0.041449	-0.099917	-0.156927	0.025278
n19	0	0.074647	0.006639	-0.13574	-0.009273	-0.029394
n20	0	-0.123639	-0.094125	0.001783	0.012522	-0.009895
n21	0	0.102438	-0.079576	0.075881	-0.064811	-0.00471
n22	0	0.008909	0.073139	-0.087086	0.044238	0.089542
n23	0	-0.023771	0.073291	-0.026714	0.030306	-0.096396
n24	0	-0.052694	0.035769	0.035425	-0.117796	0.01921
n25	0	-0.063062	-0.052333	-0.000663	0.060271	0.094628
n26	0	0.045859	0.038425	0.043426	-0.048876	0.116679
n27	0	-0.142767	-0.08188	-0.09326	-0.099848	-0.015001
n28	0	-0.039661	-0.032317	-0.006956	0.140753	-0.004361
n29	0	0.105552	-0.001239	-0.009168	0.088241	0.040587
n30	0	-0.042779	-0.010385	-0.097606	-0.022485	-0.021408
n31	0	-0.070692	-0.128219	0.063325	-0.021335	-0.068585
n32	0	-0.05296	0.032794	0.039276	0.014526	0.000777
n33	0	0.033885	0.074397	-0.035534	-0.100375	0.049167
n34	0	-0.005946	0.019994	-0.06586	-0.069813	0.150529
n35	0	-0.073381	-0.115566	-0.096372	0.064767	-0.085199
n36	0	0.007913	-0.049431	-0.149246	0.087803	0.050083
n37	0	0.189265	-0.083467	-0.055414	0.082961	0.05739
n38	0	-0.112014	0.137353	0.018286	-0.069913	-0.057781
n39	0	-0.11627	-0.053208	-0.035936	-0.118105	0.054876
n40	0	0.008299	0.053016	0.13333	0.116077	-0.108525
OL
n1	0.125293	0.095824	-0.30158	-0.095321	0.269507	0.038904	0.113136	0.103073	-0.078377	0.094131	0.000101	-0.092134	-0.088914	0.078492	-0.098117	0.100106	0.042096	-0.035737	-0.051046	0.163486	-0.035191	-0.055768	0.021284	0.028147	-0.081833	-0.137276	0.191563	0.103777	0.007762	0.122333	0.011616	0.059326	-0.017921	-0.014894	0.143761	0.026301	-0.280964	0.282497	0.201182	0.020628
