HL1
n1	0	7.13012	1.25564	-0.141414	0.246519	8.06612
n2	0	1.66713	-0.0199259	0.682113	-0.187492	1.99872
n3	0	3.27621	-0.684243	0.0312185	0.417253	2.81932
n4	0	7.08425	1.47663	-0.682088	0.349243	7.52847
n5	0	9.47629	0.187006	-0.436864	-0.713061	8.8422
n6	0	9.04605	0.172941	-0.899771	0.909084	9.64919
n7	0	6.73189	-0.391851	-0.682559	0.661729	6.88312
n8	0	7.78898	1.35537	-1.00649	-0.439711	8.97098
n9	0	9.43776	0.315776	0.304907	0.00192058	10.2663
n10	0	8.80169	1.50042	-0.819892	-0.617213	10.0976
n11	0	9.097	0.175939	-0.591038	-0.863668	8.5891
n12	0	4.15937	-0.480754	0.592474	0.867878	3.82234
n13	0	-1.395	-0.331761	-0.709238	1.01384	-1.53752
n14	0	9.63578	-0.32828	0.129898	0.495123	8.37954
n15	0	5.13937	-0.0688797	-0.665352	0.931703	4.29427
n16	0	6.3505	0.737249	-0.261265	0.635186	7.02715
n17	0	6.55814	0.948609	-0.498286	0.240816	5.79688
n18	0	9.5665	1.55781	-0.374735	-0.908969	9.35821
n19	0	4.76367	0.0994291	0.79313	-0.938982	5.65894
n20	0	7.88266	0.019848	-0.0998904	-0.429438	9.06279
n21	0	7.34581	0.798338	0.219092	0.371523	7.25091
n22	0	10.2786	0.751618	0.888696	-0.675744	8.45572
n23	0	3.19369	-0.608383	0.206702	0.695331	2.98438
n24	0	8.61931	1.51093	0.712928	-0.950612	7.65201
n25	0	9.71164	0.121857	-0.732968	-0.932331	9.57657
n26	0	8.2865	-0.283814	0.751557	0.678257	8.60553
n27	0	8.60408	1.2013	0.234508	-0.971928	9.13364
n28	0	2.61348	0.529675	0.237321	-0.415479	2.64099
n29	0	9.86871	0.898032	-0.136137	0.402852	9.49003
n30	0	6.13814	0.258192	-0.342653	-0.158971	6.56201
n31	0	3.21617	1.28338	0.193854	-1.01132	2.92552
n32	0	9.09801	0.155519	0.107208	0.643052	9.52586
n33	0	9.3526	1.31979	0.625407	-0.748856	10.3098
n34	0	9.18631	1.40672	-1.02519	-0.768572	9.47772
n35	0	7.10423	0.986601	-0.0393625	0.127371	7.26023
n36	0	8.40355	0.795709	-0.0653415	0.864752	10.0422
n37	0	2.62263	-0.398719	0.835655	-0.502515	2.99229
n38	0	8.49699	1.34117	0.457364	-0.611598	9.24165
n39	0	4.60142	-0.0806524	0.530032	-0.695918	4.35078
n40	0	7.84442	0.945968	0.728158	0.2473	7.94646
n41	0	3.6804	1.12584	-0.627387	0.152421	4.06056
n42	0	4.72643	-0.216586	0.196325	-0.417908	3.68004
n43	0	8.26984	0.430296	0.463538	-0.909436	9.65217
n44	0	3.47255	0.214279	-0.327921	0.684037	2.69009
n45	0	8.59076	0.413057	0.826739	-0.915232	10.0838
n46	0	7.3941	0.922557	0.763507	-1.0646	7.79884
n47	0	7.41202	-0.269406	0.530821	-0.864898	7.34752
n48	0	9.40772	-0.0322904	-0.921442	0.378041	9.10055
n49	0	-12.7594	-1.0334	0.135096	0.512298	-12.4638
n50	0	4.13241	-0.25053	-0.563091	0.51088	3.44351
n51	0	3.81379	1.22176	-0.670774	-1.03229	4.6247
n52	0	3.27897	0.389897	0.227149	-0.796085	3.3152
n53	0	10.3435	1.0395	-0.0171581	0.894374	8.93068
n54	0	5.9466	0.625474	-0.170901	0.825752	6.04145
n55	0	4.84836	-0.504912	0.783934	-0.820853	4.55046
n56	0	9.36212	-0.0515594	0.517164	0.162766	10.5591
n57	0	9.05371	0.952922	0.0794007	0.617905	8.66687
n58	0	5.67038	0.566787	0.444158	0.661507	6.59878
n59	0	9.792	-0.280711	0.646021	0.120098	9.65816
n60	0	9.47815	0.389838	-0.436376	-0.712964	9.76617
n61	0	8.61466	0.445323	-0.956393	-0.849665	8.81028
n62	0	5.45558	0.780086	0.0763627	0.854042	5.36819
n63	0	9.75815	0.776631	0.727012	-1.06425	8.58451
n64	0	6.12487	-0.278943	-0.504768	0.501513	5.46088
n65	0	-0.233787	0.0576488	-16.8194	-17.6594	-18.1862
n66	0	-18.2384	-16.8104	-17.9224	-17.2254	-17.5694
n67	0	-17.1046	-16.6434	-17.4774	-16.3524	-16.5766
n68	0	-17.5527	-16.3253	-17.8254	-17.3624	-16.5197
n69	0	-18.0909	-18.1303	-16.6864	-17.0484	-16.3219
n70	0	-17.4499	-16.6883	-16.5904	-17.8305	-16.9689
n71	0	-16.8255	-17.0343	-16.8284	-17.9865	-17.7285
n72	0	-16.3066	-16.3613	-16.2844	-17.3314	-17.6196
n73	0	-17.6282	-16.4714	-17.1544	-17.1674	-17.5752
n74	0	-16.6137	-16.9604	-17.3874	-18.2314	-17.8337
n75	0	-17.2952	-17.3964	-17.1964	-16.5184	-16.6242
n76	0	-16.4025	-17.2804	-16.9514	-17.6464	-16.7415
n77	0	-17.6723	-17.4273	-17.9304	-16.4775	-16.6903
n78	0	-18.0882	-16.6625	-17.4834	-16.7934	-17.7172
n79	0	-17.6632	-17.6764	-17.5294	-17.5264	-16.4442
n80	0	-17.1302	-16.6224	-17.5424	-16.6304	-17.2772
OL
n1	-6.61029	-6.6296	-7.82476	-7.63975	-6.68504	-8.41313	-8.61168	-7.91184	-8.0911	-7.5997	-7.17704	-7.82009	-9.02129	-6.41281	-7.03136	-7.86458	-7.52719	-7.23158	-7.37105	-7.7085	-7.10905	-7.59567	-7.0065	-6.27349	-7.58769	-7.06649	-6.32874	-7.69242	-8.00875	-6.23943	-7.80605	-7.93366	-7.79805	-7.62949	-7.32175	-7.67808	-6.41778	-6.84676	-6.50497	-6.65362	-7.96299	-7.08736	-7.79926	-7.4899	-7.57383	-7.96537	-7.22409	-7.00113	-17.7102	-7.7696	-6.93799	-7.86736	-7.64848	-6.67919	-8.35791	-8.08452	-6.77224	-7.50146	-7.73558	-7.4421	-6.98158	-7.40961	-6.67666	-6.87712	-25.8505	-26.9709	-26.5027	-27.2379	-27.0385	-27.3296	-27.4522	-27.3522	-27.1633	-26.5076	-26.6841	-26.4974	-27.5127	-25.7004	-27.0006	-26.6787
