ds1	0.00008208	-0.00014126	-0.00000501
12.0107
12.0107
1.04501
0.397252
22.0628
12.0107
0.284843
0.332038
6.19897
12.0107
0.192655
1.07974
4.26067
12.0107
0.634103
-0.483073
15.3919
12.0107
0.237081
-0.612057
5.38683
14.0067
0.129064
0.960347
2.86188
32.065
0.114825
-0.532078
2.59304
1.00794
-0.490263
-3.56023
-10.7196
1.00794
-2.63724
0.244769
-68.3689
1.00794
0.23509
0.202784
5.1128
1.00794
1.17009
-0.250158
37.4505
14.0067
0.165247
-0.292233
3.7995
ds2	0.00006995	0.00011562	0.00002593
12.0107
12.0107
-1.04501
-0.397252
-22.0628
12.0107
0.391577
2.02261
8.6213
12.0107
0.2362
-0.628478
5.2804
12.0107
1.61265
-0.21799
50.9067
12.0107
0.306651
-0.240898
7.12694
14.0067
0.147251
-0.677505
3.28844
32.065
0.128999
-0.227442
2.93839
1.00794
-0.333706
-0.357376
-7.21439
1.00794
-0.748437
0.63768
-16.6801
1.00794
0.303329
0.41424
6.65504
1.00794
-9.7751
-0.153498
-53.6961
14.0067
0.196285
-0.168372
4.58995
ds3	-0.00006676	0.00003705	-0.00000893
12.0107
12.0107
-0.284843
-0.332038
-6.19897
12.0107
-0.391577
-2.02261
-8.6213
12.0107
0.595264
-0.479488
13.6262
12.0107
-0.517149
-0.196781
-10.379
12.0107
1.41391
-0.21526
41.117
14.0067
0.235996
-0.507507
5.31621
32.065
0.192374
-0.204452
4.45771
1.00794
-0.180166
-0.303713
-3.92767
1.00794
-0.257076
0.931294
-5.68364
1.00794
1.34594
0.520929
29.1798
1.00794
-0.376495
-0.14267
-7.42858
14.0067
0.393569
-0.155433
9.8159
ds4	-0.00001399	0.00011477	0.00001116
12.0107
12.0107
-0.192655
-1.07974
-4.26067
12.0107
-0.2362
0.628478
-5.2804
12.0107
-0.595264
0.479488
-13.6262
12.0107
-0.276732
-0.333753
-5.89151
12.0107
-1.0281
-0.390627
-20.3803
14.0067
0.391017
8.68497
8.71716
32.065
0.28423
-0.356433
6.62504
1.00794
-0.138306
-0.82848
-3.04886
1.00794
-0.179539
0.316523
-4.01073
1.00794
-1.06729
0.249675
-25.564
1.00794
-0.230627
-0.203103
-4.80762
14.0067
1.16154
-0.229987
35.1028
ds5	-0.00003600	0.00005588	0.00000475
12.0107
12.0107
-0.634103
0.483073
-15.3919
12.0107
-1.61265
0.21799
-50.9067
12.0107
0.517149
0.196781
10.379
12.0107
0.276732
0.333753
5.89151
12.0107
0.378653
2.29229
8.28714
14.0067
0.162047
0.321402
3.51553
32.065
0.140215
5.24507
3.11839
1.00794
-0.276491
0.558909
-6.31889
1.00794
-0.511191
0.162455
-12.5635
1.00794
0.3736
0.142828
7.65589
1.00794
-1.38428
-0.518837
-26.1321
14.0067
0.223487
-0.739728
5.04481
ds6	-0.00002068	-0.00006181	0.00000074
12.0107
12.0107
-0.237081
0.612057
-5.38683
12.0107
-0.306651
0.240898
-7.12694
12.0107
-1.41391
0.21526
-41.117
12.0107
1.0281
0.390627
20.3803
12.0107
-0.378653
-2.29229
-8.28714
14.0067
0.283278
0.373814
6.10563
32.065
0.22267
-4.07183
4.99977
1.00794
-0.159803
0.739123
-3.5852
1.00794
-0.217526
0.174846
-4.9934
1.00794
27.9987
0.152319
100.508
1.00794
-0.297324
-0.423078
-6.29184
14.0067
0.545378
-0.559255
12.8941
ds7	0.00003007	0.00005054	0.00001935
14.0067
12.0107
-0.129064
-0.960347
-2.86188
12.0107
-0.147251
0.677505
-3.28844
12.0107
-0.235996
0.507507
-5.31621
12.0107
-0.391017
-8.68497
-8.71716
12.0107
-0.162047
-0.321402
-3.51553
12.0107
-0.283278
-0.373814
-6.10563
32.065
1.04075
-0.342382
27.6043
1.00794
-0.102168
-0.756332
-2.25883
1.00794
-0.123043
0.328495
-2.74689
1.00794
-0.286174
0.257065
-6.50052
1.00794
-0.145066
-0.198462
-3.09867
14.0067
-0.589446
-0.224054
-11.5971
ds8	-0.00003487	-0.00002080	0.00000793
32.065
12.0107
-0.114825
0.532078
-2.59304
12.0107
-0.128999
0.227442
-2.93839
12.0107
-0.192374
0.204452
-4.45771
12.0107
-0.28423
0.356433
-6.62504
12.0107
-0.140215
-5.24507
-3.11839
12.0107
-0.22267
4.07183
-4.99977
14.0067
-1.04075
0.342382
-27.6043
1.00794
-0.0930351
0.625569
-2.08797
1.00794
-0.110034
0.167647
-2.49829
1.00794
-0.224456
0.146826
-5.2615
1.00794
-0.127319
-0.472134
-2.78594
14.0067
-0.376314
-0.648296
-8.16628
ds9	0.00002090	0.00001798	-0.00001006
1.00794
12.0107
0.490263
3.56023
10.7196
12.0107
0.333706
0.357376
7.21439
12.0107
0.180166
0.303713
3.92767
12.0107
0.138306
0.82848
3.04886
12.0107
0.276491
-0.558909
6.31889
12.0107
0.159803
-0.739123
3.5852
14.0067
0.102168
0.756332
2.25883
32.065
0.0930351
-0.625569
2.08797
1.00794
0.602215
0.229024
12.7129
1.00794
0.158896
0.191856
3.46172
1.00794
0.3455
-0.269064
8.33412
14.0067
0.12359
-0.318365
2.80521
ds10	0.00003480	-0.00004785	-0.00001348
1.00794
12.0107
2.63724
-0.244769
68.3689
12.0107
0.748437
-0.63768
16.6801
12.0107
0.257076
-0.931294
5.68364
12.0107
0.179539
-0.316523
4.01073
12.0107
0.511191
-0.162455
12.5635
12.0107
0.217526
-0.174846
4.9934
14.0067
0.123043
-0.328495
2.74689
32.065
0.110034
-0.167647
2.49829
1.00794
-0.602215
-0.229024
-12.7129
1.00794
0.215849
1.18221
4.75706
1.00794
0.810493
-0.123717
24.1964
14.0067
0.155503
-0.133202
3.59946
ds11	-0.00003430	-0.00000748	0.00000888
1.00794
12.0107
-0.23509
-0.202784
-5.1128
12.0107
-0.303329
-0.41424
-6.65504
12.0107
-1.34594
-0.520929
-29.1798
12.0107
1.06729
-0.249675
25.564
12.0107
-0.3736
-0.142828
-7.65589
12.0107
-27.9987
-0.152319
-100.508
14.0067
0.286174
-0.257065
6.50052
32.065
0.224456
-0.146826
5.2615
1.00794
-0.158896
-0.191856
-3.46172
1.00794
-0.215849
-1.18221
-4.75706
1.00794
-0.2942
-0.111997
-5.92117
14.0067
0.556213
-0.119713
14.7918
ds12	-0.00001594	-0.00000531	-0.00002272
1.00794
12.0107
-1.17009
0.250158
-37.4505
12.0107
9.7751
0.153498
53.6961
12.0107
0.376495
0.14267
7.42858
12.0107
0.230627
0.203103
4.80762
12.0107
1.38428
0.518837
26.1321
12.0107
0.297324
0.423078
6.29184
14.0067
0.145066
0.198462
3.09867
32.065
0.127319
0.472134
2.78594
1.00794
-0.3455
0.269064
-8.33412
1.00794
-0.810493
0.123717
-24.1964
1.00794
0.2942
0.111997
5.92117
14.0067
0.192421
1.73751
4.2285
ds13	-0.00001526	-0.00010732	-0.00001854
14.0067
12.0107
-0.165247
0.292233
-3.7995
12.0107
-0.196285
0.168372
-4.58995
12.0107
-0.393569
0.155433
-9.8159
12.0107
-1.16154
0.229987
-35.1028
12.0107
-0.223487
0.739728
-5.04481
12.0107
-0.545378
0.559255
-12.8941
14.0067
0.589446
0.224054
11.5971
32.065
0.376314
0.648296
8.16628
1.00794
-0.12359
0.318365
-2.80521
1.00794
-0.155503
0.133202
-3.59946
1.00794
-0.556213
0.119713
-14.7918
1.00794
-0.192421
-1.73751
-4.2285
ds14	-0.00002320	0.00014857	-0.00000360
12.0107
12.0107
1.04501
0.397292
22.0628
12.0107
0.284829
0.332056
6.19897
12.0107
0.192652
1.08004
4.26067
12.0107
0.634069
-0.483014
15.3919
12.0107
0.237076
-0.612025
5.38683
14.0067
0.129063
0.960582
2.86188
32.065
0.114824
-0.53203
2.59304
1.00794
-0.490283
-3.55808
-10.7196
1.00794
-2.63783
0.244774
-68.3689
1.00794
0.235086
0.202791
5.1128
1.00794
1.16998
-0.250148
37.4505
14.0067
0.165244
-0.292226
3.7995
ds15	-0.00003954	-0.00010575	0.00001203
12.0107
12.0107
-1.04501
-0.397292
-22.0628
12.0107
0.391551
2.02226
8.6213
12.0107
0.236195
-0.628478
5.2804
12.0107
1.61243
-0.21799
50.9067
12.0107
0.306643
-0.240908
7.12694
14.0067
0.147249
-0.677505
3.28844
32.065
0.128998
-0.227447
2.93839
1.00794
-0.333715
-0.357387
-7.21439
1.00794
-0.748485
0.63761
-16.6801
1.00794
0.303321
0.414226
6.65504
1.00794
-9.78324
-0.1535
-53.6961
14.0067
0.196282
-0.168377
4.58995
ds16	0.00003020	0.00007959	0.00000154
12.0107
12.0107
-0.284829
-0.332056
-6.19897
12.0107
-0.391551
-2.02226
-8.6213
12.0107
0.595295
-0.479469
13.6262
12.0107
-0.517126
-0.196778
-10.379
12.0107
1.41408
-0.215264
41.117
14.0067
0.236001
-0.507485
5.31621
32.065
0.192377
-0.204452
4.45771
1.00794
-0.180163
-0.303713
-3.92767
1.00794
-0.257071
0.93122
-5.68364
1.00794
1.34609
0.520929
29.1798
1.00794
-0.376483
-0.14267
-7.42858
14.0067
0.393582
-0.155435
9.8159
ds17	0.00002257	-0.00005722	0.00001074
12.0107
12.0107
-0.192652
-1.08004
-4.26067
12.0107
-0.236195
0.628478
-5.2804
12.0107
-0.595295
0.479469
-13.6262
12.0107
-0.276732
-0.333753
-5.89151
12.0107
-1.0281
-0.390653
-20.3803
14.0067
0.391017
8.68497
8.71716
32.065
0.28423
-0.356444
6.62504
1.00794
-0.138306
-0.828539
-3.04886
1.00794
-0.179539
0.316506
-4.01073
1.00794
-1.06729
0.24967
-25.564
1.00794
-0.230627
-0.203106
-4.80762
14.0067
1.16154
-0.229996
35.1028
ds18	0.00004512	-0.00013155	0.00000359
12.0107
12.0107
-0.634069
0.483014
-15.3919
12.0107
-1.61243
0.21799
-50.9067
12.0107
0.517126
0.196778
10.379
12.0107
0.276732
0.333753
5.89151
12.0107
0.378653
2.2914
8.28714
14.0067
0.162047
0.321402
3.51553
32.065
0.140215
5.24273
3.11839
1.00794
-0.276491
0.558883
-6.31889
1.00794
-0.511191
0.16245
-12.5635
1.00794
0.3736
0.142826
7.65589
1.00794
-1.38428
-0.51886
-26.1321
14.0067
0.223487
-0.739821
5.04481
ds19	0.00005432	0.00003067	0.00000422
12.0107
12.0107
-0.237076
0.612025
-5.38683
12.0107
-0.306643
0.240908
-7.12694
12.0107
-1.41408
0.215264
-41.117
12.0107
1.0281
0.390653
20.3803
12.0107
-0.378653
-2.2914
-8.28714
14.0067
0.283278
0.373838
6.10563
32.065
0.22267
-4.07042
4.99977
1.00794
-0.159803
0.73917
-3.5852
1.00794
-0.217526
0.174846
-4.9934
1.00794
27.9987
0.152321
100.508
1.00794
-0.297324
-0.423063
-6.29184
14.0067
0.545378
-0.559255
12.8941
ds20	-0.00002568	0.00002196	0.00001625
14.0067
12.0107
-0.129063
-0.960582
-2.86188
12.0107
-0.147249
0.677505
-3.28844
12.0107
-0.236001
0.507485
-5.31621
12.0107
-0.391017
-8.68497
-8.71716
12.0107
-0.162047
-0.321402
-3.51553
12.0107
-0.283278
-0.373838
-6.10563
32.065
1.04075
-0.342392
27.6043
1.00794
-0.102168
-0.756381
-2.25883
1.00794
-0.123043
0.328476
-2.74689
1.00794
-0.286174
0.25706
-6.50052
1.00794
-0.145066
-0.198465
-3.09867
14.0067
-0.589446
-0.224062
-11.5971
ds21	-0.00002812	-0.00000612	0.00000654
32.065
12.0107
-0.114824
0.53203
-2.59304
12.0107
-0.128998
0.227447
-2.93839
12.0107
-0.192377
0.204452
-4.45771
12.0107
-0.28423
0.356444
-6.62504
12.0107
-0.140215
-5.24273
-3.11839
12.0107
-0.22267
4.07042
-4.99977
14.0067
-1.04075
0.342392
-27.6043
1.00794
-0.0930351
0.625569
-2.08797
1.00794
-0.110034
0.167645
-2.49829
1.00794
-0.224456
0.146826
-5.2615
1.00794
-0.127319
-0.472134
-2.78594
14.0067
-0.376314
-0.648332
-8.16628
ds22	0.00005207	0.00000946	-0.00000901
1.00794
12.0107
0.490283
3.55808
10.7196
12.0107
0.333715
0.357387
7.21439
12.0107
0.180163
0.303713
3.92767
12.0107
0.138306
0.828539
3.04886
12.0107
0.276491
-0.558883
6.31889
12.0107
0.159803
-0.73917
3.5852
14.0067
0.102168
0.756381
2.25883
32.065
0.0930351
-0.625569
2.08797
1.00794
0.602215
0.229019
12.7129
1.00794
0.158896
0.191856
3.46172
1.00794
0.3455
-0.269064
8.33412
14.0067
0.12359
-0.318374
2.80521
ds23	-0.00000217	-0.00000078	-0.00001278
1.00794
12.0107
2.63783
-0.244774
68.3689
12.0107
0.748485
-0.63761
16.6801
12.0107
0.257071
-0.93122
5.68364
12.0107
0.179539
-0.316506
4.01073
12.0107
0.511191
-0.16245
12.5635
12.0107
0.217526
-0.174846
4.9934
14.0067
0.123043
-0.328476
2.74689
32.065
0.110034
-0.167645
2.49829
1.00794
-0.602215
-0.229019
-12.7129
1.00794
0.215849
1.18233
4.75706
1.00794
0.810493
-0.123716
24.1964
14.0067
0.155503
-0.133202
3.59946
ds24	-0.00002534	0.00002242	0.00000838
1.00794
12.0107
-0.235086
-0.202791
-5.1128
12.0107
-0.303321
-0.414226
-6.65504
12.0107
-1.34609
-0.520929
-29.1798
12.0107
1.06729
-0.24967
25.564
12.0107
-0.3736
-0.142826
-7.65589
12.0107
-27.9987
-0.152321
-100.508
14.0067
0.286174
-0.25706
6.50052
32.065
0.224456
-0.146826
5.2615
1.00794
-0.158896
-0.191856
-3.46172
1.00794
-0.215849
-1.18233
-4.75706
1.00794
-0.2942
-0.111997
-5.92117
14.0067
0.556213
-0.119715
14.7918
ds25	-0.00001134	0.00001801	-0.00002158
1.00794
12.0107
-1.16998
0.250148
-37.4505
12.0107
9.78324
0.1535
53.6961
12.0107
0.376483
0.14267
7.42858
12.0107
0.230627
0.203106
4.80762
12.0107
1.38428
0.51886
26.1321
12.0107
0.297324
0.423063
6.29184
14.0067
0.145066
0.198465
3.09867
32.065
0.127319
0.472134
2.78594
1.00794
-0.3455
0.269064
-8.33412
1.00794
-0.810493
0.123716
-24.1964
1.00794
0.2942
0.111997
5.92117
14.0067
0.192421
1.73725
4.2285
ds26	-0.00004889	-0.00002926	-0.00001634
14.0067
12.0107
-0.165244
0.292226
-3.7995
12.0107
-0.196282
0.168377
-4.58995
12.0107
-0.393582
0.155435
-9.8159
12.0107
-1.16154
0.229996
-35.1028
12.0107
-0.223487
0.739821
-5.04481
12.0107
-0.545378
0.559255
-12.8941
14.0067
0.589446
0.224062
11.5971
32.065
0.376314
0.648332
8.16628
1.00794
-0.12359
0.318374
-2.80521
1.00794
-0.155503
0.133202
-3.59946
1.00794
-0.556213
0.119715
-14.7918
1.00794
-0.192421
-1.73725
-4.2285
ds27	0.00005121	-0.00006500	0.00000072
12.0107
12.0107
1.04501
0.397265
22.0628
12.0107
0.284829
0.332047
6.19897
12.0107
0.192652
1.07984
4.26067
12.0107
0.634069
-0.483073
15.3919
12.0107
0.237076
-0.612057
5.38683
14.0067
0.129063
0.960425
2.86188
32.065
0.114823
-0.532078
2.59304
1.00794
-0.490263
-3.56023
-10.7196
1.00794
-2.63783
0.244764
-68.3689
1.00794
0.235081
0.202784
5.1128
1.00794
1.16998
-0.250158
37.4505
14.0067
0.165242
-0.29224
3.7995
ds28	0.00001724	0.00003193	0.00001141
12.0107
12.0107
-1.04501
-0.397265
-22.0628
12.0107
0.391551
2.02261
8.6213
12.0107
0.236195
-0.628478
5.2804
12.0107
1.61243
-0.217994
50.9067
12.0107
0.306643
-0.240903
7.12694
14.0067
0.147249
-0.677505
3.28844
32.065
0.128996
-0.227447
2.93839
1.00794
-0.333706
-0.357387
-7.21439
1.00794
-0.748485
0.63761
-16.6801
1.00794
0.303313
0.414226
6.65504
1.00794
-9.78324
-0.1535
-53.6961
14.0067
0.196279
-0.168377
4.58995
ds29	-0.00000101	-0.00003101	0.00000228
12.0107
12.0107
-0.284829
-0.332047
-6.19897
12.0107
-0.391551
-2.02261
-8.6213
12.0107
0.595295
-0.479488
13.6262
12.0107
-0.517126
-0.196785
-10.379
12.0107
1.41408
-0.215264
41.117
14.0067
0.236001
-0.507507
5.31621
32.065
0.192374
-0.204455
4.45771
1.00794
-0.180161
-0.30372
-3.92767
1.00794
-0.257071
0.931146
-5.68364
1.00794
1.34594
0.520906
29.1798
1.00794
-0.376483
-0.142672
-7.42858
14.0067
0.393569
-0.155437
9.8159
ds30	-0.00001716	0.00004567	0.00000902
12.0107
12.0107
-0.192652
-1.07984
-4.26067
12.0107
-0.236195
0.628478
-5.2804
12.0107
-0.595295
0.479488
-13.6262
12.0107
-0.276732
-0.333762
-5.89151
12.0107
-1.0281
-0.39064
-20.3803
14.0067
0.391017
8.68497
8.71716
32.065
0.284223
-0.356444
6.62504
1.00794
-0.138304
-0.828539
-3.04886
1.00794
-0.179539
0.316506
-4.01073
1.00794
-1.06739
0.24967
-25.564
1.00794
-0.230627
-0.203106
-4.80762
14.0067
1.16143
-0.229996
35.1028
ds31	0.00000613	0.00006085	0.00000111
12.0107
12.0107
-0.634069
0.483073
-15.3919
12.0107
-1.61243
0.217994
-50.9067
12.0107
0.517126
0.196785
10.379
12.0107
0.276732
0.333762
5.89151
12.0107
0.378653
2.29229
8.28714
14.0067
0.162047
0.321411
3.51553
32.065
0.140214
5.24507
3.11839
1.00794
-0.276485
0.558909
-6.31889
1.00794
-0.511191
0.162452
-12.5635
1.00794
0.373589
0.142828
7.65589
1.00794
-1.38428
-0.518837
-26.1321
14.0067
0.223483
-0.739774
5.04481
ds32	-0.00002567	-0.00002356	-0.00000003
12.0107
12.0107
-0.237076
0.612057
-5.38683
12.0107
-0.306643
0.240903
-7.12694
12.0107
-1.41408
0.215264
-41.117
12.0107
1.0281
0.39064
20.3803
12.0107
-0.378653
-2.29229
-8.28714
14.0067
0.283278
0.373826
6.10563
32.065
0.222666
-4.07183
4.99977
1.00794
-0.159801
0.739123
-3.5852
1.00794
-0.217526
0.174843
-4.9934
1.00794
27.9322
0.152319
100.508
1.00794
-0.297324
-0.423078
-6.29184
14.0067
0.545353
-0.559281
12.8941
ds33	0.00000433	0.00000191	0.00001854
14.0067
12.0107
-0.129063
-0.960425
-2.86188
12.0107
-0.147249
0.677505
-3.28844
12.0107
-0.236001
0.507507
-5.31621
12.0107
-0.391017
-8.68497
-8.71716
12.0107
-0.162047
-0.321411
-3.51553
12.0107
-0.283278
-0.373826
-6.10563
32.065
1.04066
-0.342392
27.6043
1.00794
-0.102167
-0.756381
-2.25883
1.00794
-0.123043
0.328476
-2.74689
1.00794
-0.286181
0.25706
-6.50052
1.00794
-0.145066
-0.198465
-3.09867
14.0067
-0.589476
-0.224062
-11.5971
ds34	-0.00001987	-0.00000974	0.00000638
32.065
12.0107
-0.114823
0.532078
-2.59304
12.0107
-0.128996
0.227447
-2.93839
12.0107
-0.192374
0.204455
-4.45771
12.0107
-0.284223
0.356444
-6.62504
12.0107
-0.140214
-5.24507
-3.11839
12.0107
-0.222666
4.07183
-4.99977
14.0067
-1.04066
0.342392
-27.6043
1.00794
-0.0930336
0.625569
-2.08797
1.00794
-0.110033
0.167645
-2.49829
1.00794
-0.224456
0.146826
-5.2615
1.00794
-0.127318
-0.472134
-2.78594
14.0067
-0.376314
-0.648332
-8.16628
ds35	0.00002326	0.00001487	-0.00001031
1.00794
12.0107
0.490263
3.56023
10.7196
12.0107
0.333706
0.357387
7.21439
12.0107
0.180161
0.30372
3.92767
12.0107
0.138304
0.828539
3.04886
12.0107
0.276485
-0.558909
6.31889
12.0107
0.159801
-0.739123
3.5852
14.0067
0.102167
0.756381
2.25883
32.065
0.0930336
-0.625569
2.08797
1.00794
0.602184
0.229019
12.7129
1.00794
0.158892
0.191856
3.46172
1.00794
0.34549
-0.269064
8.33412
14.0067
0.123587
-0.318374
2.80521
ds36	0.00000610	-0.00001786	-0.00001155
1.00794
12.0107
2.63783
-0.244764
68.3689
12.0107
0.748485
-0.63761
16.6801
12.0107
0.257071
-0.931146
5.68364
12.0107
0.179539
-0.316506
4.01073
12.0107
0.511191
-0.162452
12.5635
12.0107
0.217526
-0.174843
4.9934
14.0067
0.123043
-0.328476
2.74689
32.065
0.110033
-0.167645
2.49829
1.00794
-0.602184
-0.229019
-12.7129
1.00794
0.215845
1.18233
4.75706
1.00794
0.810493
-0.123716
24.1964
14.0067
0.155501
-0.133202
3.59946
ds37	-0.00001524	0.00004813	0.00000835
1.00794
12.0107
-0.235081
-0.202784
-5.1128
12.0107
-0.303313
-0.414226
-6.65504
12.0107
-1.34594
-0.520906
-29.1798
12.0107
1.06739
-0.24967
25.564
12.0107
-0.373589
-0.142828
-7.65589
12.0107
-27.9322
-0.152319
-100.508
14.0067
0.286181
-0.25706
6.50052
32.065
0.224456
-0.146826
5.2615
1.00794
-0.158892
-0.191856
-3.46172
1.00794
-0.215845
-1.18233
-4.75706
1.00794
-0.294192
-0.111997
-5.92117
14.0067
0.556213
-0.119715
14.7918
ds38	-0.00002291	-0.00002871	-0.00002187
1.00794
12.0107
-1.16998
0.250158
-37.4505
12.0107
9.78324
0.1535
53.6961
12.0107
0.376483
0.142672
7.42858
12.0107
0.230627
0.203106
4.80762
12.0107
1.38428
0.518837
26.1321
12.0107
0.297324
0.423078
6.29184
14.0067
0.145066
0.198465
3.09867
32.065
0.127318
0.472134
2.78594
1.00794
-0.34549
0.269064
-8.33412
1.00794
-0.810493
0.123716
-24.1964
1.00794
0.294192
0.111997
5.92117
14.0067
0.192418
1.73725
4.2285
ds39	-0.00000642	-0.00002746	-0.00001406
14.0067
12.0107
-0.165242
0.29224
-3.7995
12.0107
-0.196279
0.168377
-4.58995
12.0107
-0.393569
0.155437
-9.8159
12.0107
-1.16143
0.229996
-35.1028
12.0107
-0.223483
0.739774
-5.04481
12.0107
-0.545353
0.559281
-12.8941
14.0067
0.589476
0.224062
11.5971
32.065
0.376314
0.648332
8.16628
1.00794
-0.123587
0.318374
-2.80521
1.00794
-0.155501
0.133202
-3.59946
1.00794
-0.556213
0.119715
-14.7918
1.00794
-0.192418
-1.73725
-4.2285
ds40	-0.00001965	0.00008180	-0.00000073
12.0107
12.0107
1.04501
0.397279
22.1042
12.0107
0.284829
0.332056
6.19897
12.0107
0.192652
1.07994
4.26067
12.0107
0.634069
-0.483053
15.3919
12.0107
0.237076
-0.612057
5.38683
14.0067
0.129063
0.960504
2.86257
32.065
0.114823
-0.532054
2.59304
1.00794
-0.490263
-3.55916
-10.7196
1.00794
-2.63783
0.244769
-68.3689
1.00794
0.235081
0.202791
5.1128
1.00794
1.16986
-0.250153
37.3316
14.0067
0.165242
-0.29224
3.79827
ds41	-0.00000097	-0.00004798	0.00000701
12.0107
12.0107
-1.04501
-0.397279
-22.1042
12.0107
0.391551
2.02261
8.61498
12.0107
0.236195
-0.628478
5.27803
12.0107
1.61243
-0.217994
50.6873
12.0107
0.306643
-0.240908
7.12262
14.0067
0.147249
-0.677505
3.28844
32.065
0.128996
-0.227447
2.93766
1.00794
-0.333706
-0.357387
-7.21881
1.00794
-0.748485
0.63761
-16.7038
1.00794
0.303313
0.41424
6.65127
1.00794
-9.79138
-0.1535
-54.191
14.0067
0.196279
-0.168379
4.58637
ds42	0.00000816	0.00007333	0.00000533
12.0107
12.0107
-0.284829
-0.332056
-6.19897
12.0107
-0.391551
-2.02261
-8.61498
12.0107
0.595295
-0.479488
13.6262
12.0107
-0.517126
-0.196785
-10.379
12.0107
1.41408
-0.215268
41.117
14.0067
0.236001
-0.507507
5.31861
32.065
0.192374
-0.204455
4.45771
1.00794
-0.180161
-0.30372
-3.92767
1.00794
-0.257071
0.931146
-5.68364
1.00794
1.34594
0.520929
29.1798
1.00794
-0.376495
-0.142672
-7.43328
14.0067
0.393569
-0.155439
9.80771
ds43	0.00002122	-0.00004546	0.00001058
12.0107
12.0107
-0.192652
-1.07994
-4.26067
12.0107
-0.236195
0.628478
-5.27803
12.0107
-0.595295
0.479488
-13.6262
12.0107
-0.276732
-0.333762
-5.89151
12.0107
-1.0281
-0.390653
-20.3803
14.0067
0.391017
8.68497
8.72363
32.065
0.284223
-0.356444
6.62504
1.00794
-0.138304
-0.828539
-3.04886
1.00794
-0.179539
0.316506
-4.01073
1.00794
-1.06739
0.249675
-25.564
1.00794
-0.230632
-0.203106
-4.80959
14.0067
1.16143
-0.23
34.9984
ds44	0.00001147	-0.00010716	-0.00000106
12.0107
12.0107
-0.634069
0.483053
-15.3919
12.0107
-1.61243
0.217994
-50.6873
12.0107
0.517126
0.196785
10.379
12.0107
0.276732
0.333762
5.89151
12.0107
0.378653
2.29184
8.28714
14.0067
0.162047
0.321411
3.51658
32.065
0.140214
5.24507
3.11839
1.00794
-0.276485
0.558909
-6.31889
1.00794
-0.511191
0.162452
-12.5635
1.00794
0.373589
0.14283
7.65589
1.00794
-1.38444
-0.518837
-26.1903
14.0067
0.223483
-0.739821
5.04265
ds45	0.00003372	0.00001924	0.00000195
12.0107
12.0107
-0.237076
0.612057
-5.38683
12.0107
-0.306643
0.240908
-7.12262
12.0107
-1.41408
0.215268
-41.117
12.0107
1.0281
0.390653
20.3803
12.0107
-0.378653
-2.29184
-8.28714
14.0067
0.283278
0.373838
6.1088
32.065
0.222666
-4.07042
4.99977
1.00794
-0.159801
0.73917
-3.5852
1.00794
-0.217526
0.174846
-4.9934
1.00794
27.9322
0.152322
100.508
1.00794
-0.297331
-0.423063
-6.29521
14.0067
0.545353
-0.559281
12.88
ds46	-0.00001377	0.00000153	0.00001747
14.0067
12.0107
-0.129063
-0.960504
-2.86257
12.0107
-0.147249
0.677505
-3.28844
12.0107
-0.236001
0.507507
-5.31861
12.0107
-0.391017
-8.68497
-8.72363
12.0107
-0.162047
-0.321411
-3.51658
12.0107
-0.283278
-0.373838
-6.1088
32.065
1.04066
-0.342392
27.5397
1.00794
-0.102167
-0.756381
-2.25926
1.00794
-0.123043
0.328476
-2.74753
1.00794
-0.286181
0.257065
-6.50412
1.00794
-0.145067
-0.198465
-3.1003
14.0067
-0.589476
-0.224066
-11.62
ds47	-0.00001741	-0.00000483	0.00000578
32.065
12.0107
-0.114823
0.532054
-2.59304
12.0107
-0.128996
0.227447
-2.93766
12.0107
-0.192374
0.204455
-4.45771
12.0107
-0.284223
0.356444
-6.62504
12.0107
-0.140214
-5.24507
-3.11839
12.0107
-0.222666
4.07042
-4.99977
14.0067
-1.04066
0.342392
-27.5397
1.00794
-0.0930336
0.625569
-2.08797
1.00794
-0.110033
0.167645
-2.49829
1.00794
-0.224456
0.146828
-5.2615
1.00794
-0.127319
-0.472134
-2.7866
14.0067
-0.376314
-0.648368
-8.17196
ds48	0.00003537	0.00000766	-0.00000962
1.00794
12.0107
0.490263
3.55916
10.7196
12.0107
0.333706
0.357387
7.21881
12.0107
0.180161
0.30372
3.92767
12.0107
0.138304
0.828539
3.04886
12.0107
0.276485
-0.558909
6.31889
12.0107
0.159801
-0.73917
3.5852
14.0067
0.102167
0.756381
2.25926
32.065
0.0930336
-0.625569
2.08797
1.00794
0.602184
0.229019
12.7129
1.00794
0.158892
0.191859
3.46172
1.00794
0.34548
-0.269064
8.32822
14.0067
0.123587
-0.318382
2.80454
ds49	-0.00000408	-0.00000330	-0.00001083
1.00794
12.0107
2.63783
-0.244769
68.3689
12.0107
0.748485
-0.63761
16.7038
12.0107
0.257071
-0.931146
5.68364
12.0107
0.179539
-0.316506
4.01073
12.0107
0.511191
-0.162452
12.5635
12.0107
0.217526
-0.174846
4.9934
14.0067
0.123043
-0.328476
2.74753
32.065
0.110033
-0.167645
2.49829
1.00794
-0.602184
-0.229019
-12.7129
1.00794
0.215845
1.18245
4.75706
1.00794
0.810438
-0.123716
24.1467
14.0067
0.155501
-0.133203
3.59836
ds50	-0.00002638	0.00000475	0.00000743
1.00794
12.0107
-0.235081
-0.202791
-5.1128
12.0107
-0.303313
-0.41424
-6.65127
12.0107
-1.34594
-0.520929
-29.1798
12.0107
1.06739
-0.249675
25.564
12.0107
-0.373589
-0.14283
-7.65589
12.0107
-27.9322
-0.152322
-100.508
14.0067
0.286181
-0.257065
6.50412
32.065
0.224456
-0.146828
5.2615
1.00794
-0.158892
-0.191859
-3.46172
1.00794
-0.215845
-1.18245
-4.75706
1.00794
-0.2942
-0.111998
-5.92416
14.0067
0.556213
-0.119717
14.7732
ds51	-0.00000118	0.00002902	-0.00002015
1.00794
12.0107
-1.16986
0.250153
-37.3316
12.0107
9.79138
0.1535
54.191
12.0107
0.376495
0.142672
7.43328
12.0107
0.230632
0.203106
4.80959
12.0107
1.38444
0.518837
26.1903
12.0107
0.297331
0.423063
6.29521
14.0067
0.145067
0.198465
3.1003
32.065
0.127319
0.472134
2.7866
1.00794
-0.34548
0.269064
-8.32822
1.00794
-0.810438
0.123716
-24.1467
1.00794
0.2942
0.111998
5.92416
14.0067
0.192421
1.73699
4.2285
ds52	-0.00002650	-0.00000860	-0.00001316
14.0067
12.0107
-0.165242
0.29224
-3.79827
12.0107
-0.196279
0.168379
-4.58637
12.0107
-0.393569
0.155439
-9.80771
12.0107
-1.16143
0.23
-34.9984
12.0107
-0.223483
0.739821
-5.04265
12.0107
-0.545353
0.559281
-12.88
14.0067
0.589476
0.224066
11.62
32.065
0.376314
0.648368
8.17196
1.00794
-0.123587
0.318382
-2.80454
1.00794
-0.155501
0.133203
-3.59836
1.00794
-0.556213
0.119717
-14.7732
1.00794
-0.192421
-1.73699
-4.2285
