HL1
n1	0	-0.874909	0.0740898	0.82284	-0.451667	0.439019
n2	0	-0.943525	0.0801539	0.00764209	-0.63764	0.43089
n3	0	-0.47254	0.1678	-0.606428	0.0835694	-0.431206
n4	0	-0.43747	0.675665	-0.754712	-0.616289	-0.740908
n5	0	-0.502123	-0.916491	-0.763287	0.825902	0.257503
n6	0	-1.06127	-0.438513	0.859651	0.517096	0.237918
n7	0	-0.748484	0.284179	-0.0467203	-0.448747	-1.01135
n8	0	0.659815	0.693354	-0.55306	0.895842	0.0784472
n9	0	-0.758383	0.522476	-0.706556	0.437336	-0.191096
n10	0	0.545904	-1.00714	0.576785	0.43913	-0.719096
n11	0	-0.405899	-0.772912	0.809627	-0.728876	-0.638596
n12	0	-0.931695	-0.955781	-0.720875	0.670008	-0.164627
n13	0	-0.773381	0.172561	0.230093	0.138437	-0.172899
n14	0	-0.833472	0.0409522	0.657859	0.332524	-0.902028
n15	0	-0.622791	0.962541	0.754859	-0.205271	0.237424
n16	0	-0.279887	-0.863225	0.448833	-0.931066	-0.804574
n17	0	-0.818554	-0.905117	-0.977968	-0.0362039	-0.635317
n18	0	-0.0935241	-0.167944	-0.224478	-0.442498	0.715852
n19	0	-0.654826	-0.662234	-0.974706	-0.894087	-0.116946
n20	0	0.456187	0.401143	-0.331569	0.843647	-0.0141614
n21	0	1.01326	-0.121971	0.890082	-0.421728	0.476006
n22	0	0.216372	0.273249	-0.755046	-0.7437	-0.990156
n23	0	-0.113882	-0.288324	-0.93905	-0.617322	-0.991554
n24	0	0.0505977	-0.504064	0.485052	0.464625	-1.0181
n25	0	0.261962	-0.288279	0.42349	-0.257286	-0.0733806
n26	0	-0.683557	0.0674371	-0.703656	-0.252629	0.470089
n27	0	-0.599614	-0.153991	0.203691	0.282113	-0.830934
n28	0	-0.291402	0.83013	-0.615094	0.780159	0.153595
n29	0	0.988062	0.667818	0.169038	0.672588	0.363238
n30	0	0.870933	0.644542	0.518699	-0.115992	0.116295
n31	0	0.857032	0.28991	-0.257092	-0.740291	0.380032
n32	0	0.648101	-0.565431	0.353351	0.257182	-0.423658
n33	0	1.00404	0.926684	0.876732	-0.142635	-0.890955
n34	0	-0.0949092	0.492703	-0.29924	0.970585	-0.318127
n35	0	0.656906	-0.758434	0.682282	-0.343164	-0.589979
n36	0	-0.912239	-0.894808	0.364996	0.35601	0.511756
n37	0	-0.424464	0.921349	0.640361	0.0763408	-0.851598
n38	0	-0.605129	0.669718	0.877484	0.900234	0.737809
n39	0	-0.7511	0.906309	0.539608	0.65733	-0.250835
n40	0	-0.321959	0.428312	-0.0488786	-0.849713	0.405041
OL
n1	0.265137	-0.755886	-1.2518	0.446596	0.129009	-1.07691	-0.0894801	-0.566164	-0.902688	-0.332668	0.090838	-1.17603	-0.236229	-0.478821	-0.0493294	0.545315	-0.493304	-0.606878	-0.109411	-0.499381	-1.64689	0.311582	-0.418263	0.340277	-0.698159	-0.386609	-0.972398	-0.404417	-1.80248	-0.744771	-1.06343	-0.408933	-0.14618	0.241079	-0.505153	-0.469153	0.234605	-0.0993973	-1.00935	-0.370003
