HL1
n1	-0.175412	-0.178339	-1.43253	-0.271797	-0.643707	-0.0753393
n2	-0.00697682	-0.0471539	-0.236118	-0.0702839	-0.133343	-0.0461539
n3	-0.127463	-0.0049781	2.18058	0.419754	0.781846	-0.113151
n4	0.177363	-0.41573	-1.40718	-0.131812	-0.246066	0.0862811
n5	-0.0467162	-0.0309197	2.66528	0.515651	0.888443	-0.0824108
n6	0.263138	-0.383551	-3.69793	-0.790872	-1.03854	0.246322
n7	-0.387071	0.476344	3.53155	0.626342	0.899713	-0.282317
n8	-0.0245961	-0.551627	-0.146385	0.170735	0.397701	0.0913638
n9	0.164933	-0.191905	-2.58863	-0.543197	-0.992789	-0.0028647
n10	-0.0612279	0.462362	1.1816	-0.00334564	0.0357678	-0.118687
n11	-0.0373854	0.00520028	-0.240144	0.0307061	-0.0701578	-0.0221586
n12	-0.00911297	-0.0831161	-0.6924	-0.0975753	-0.347502	-0.0494164
n13	-0.0416947	0.000749981	1.76113	0.4079	0.574413	-0.153641
n14	0.146203	-0.133129	-2.93222	-0.614236	-0.8362	0.0404216
n15	-0.264508	0.281032	2.96161	0.432189	0.77732	-0.21436
n16	0.0570328	-0.493656	-0.787955	0.0382002	-0.119592	0.121568
n17	-0.0437584	-0.074589	-1.09687	-0.343717	-0.323977	-0.0985893
n18	-0.00313939	0.256688	-0.021697	-0.105581	-0.111557	0.0150345
n19	-0.0682247	-0.217561	-1.30987	-0.353602	-0.367598	0.0452788
n20	-0.0314194	-0.00499199	0.713846	0.0877196	0.202574	-0.0699919
OL
n1	-1.32488	-0.254182	2.22356	-0.783825	2.82104	-2.90821	2.74698	1.01455	-2.00018	0.916311	0.275536	-0.444592	1.95867	-2.27709	2.39907	-0.0246849	-0.577184	0.14248	-0.652822	1.00617
