HL1
n1	-0.252263	-0.255799	-1.3985	-0.264592	-0.632538	-0.152799
n2	-0.0121751	-0.0523935	-0.227137	-0.0684746	-0.130539	-0.0513935
n3	-0.233305	-0.113465	2.0976	0.404607	0.758367	-0.219829
n4	0.137503	-0.440759	-1.35769	-0.126413	-0.237697	0.0461054
n5	-0.172742	-0.163336	2.55075	0.495511	0.857224	-0.209428
n6	0.0718935	-0.556162	-3.56803	-0.770157	-1.00643	0.0535689
n7	-0.510081	0.331651	3.39654	0.606803	0.869426	-0.406296
n8	-0.0375619	-0.545156	-0.147237	0.164674	0.388306	0.0782958
n9	0.00818081	-0.343836	-2.51636	-0.529789	-0.972006	-0.160857
n10	-0.0233802	0.487103	1.1314	-0.00939967	0.0263837	-0.0805379
n11	-0.0335217	0.0151486	-0.241398	0.0285756	-0.0734601	-0.0182643
n12	-0.0224109	-0.0943891	-0.673621	-0.0944287	-0.342625	-0.0628198
n13	-0.10311	-0.0642951	1.6833	0.393884	0.552688	-0.21554
n14	-0.0208857	-0.287523	-2.83546	-0.598349	-0.811574	-0.127988
n15	-0.361916	0.166971	2.84736	0.415106	0.75084	-0.312535
n16	0.0566468	-0.476962	-0.761043	0.0382867	-0.119458	0.121179
n17	-0.0647835	-0.0957808	-1.07747	-0.339747	-0.317824	-0.119781
n18	-0.00148552	0.253976	-0.0337367	-0.106632	-0.113186	0.0167015
n19	-0.0969825	-0.238984	-1.27693	-0.349223	-0.360811	0.0162931
n20	-0.0246462	0.00183625	0.675836	0.0801573	0.190852	-0.0631637
OL
n1	-1.28564	-0.219841	2.11459	-0.703992	2.66308	-2.71458	2.59564	0.982363	-1.88509	0.879073	0.275965	-0.396784	1.84784	-2.12686	2.26429	-0.000997625	-0.535794	0.149181	-0.603629	0.957907
