HL1
n1	0.00377246	-0.0639528	-0.0125562	-0.0101008	0.00997363	-0.0439528
n2	-0.00295415	0.0423176	-0.00749652	0.0100969	0.0100256	0.0622674
n3	-0.0131721	0.00845531	-0.00915105	0.0100361	-0.009991	0.0285036
n4	0.00377433	-0.0639817	-0.0125657	0.00989926	0.00997363	-0.0439616
n5	-0.00379097	0.0440394	0.0125844	-0.00989918	0.0100264	0.0639892
n6	0.0141524	0.00598956	-0.00925152	-0.00998428	0.0100083	0.00603973
n7	-0.00377546	0.0439504	0.0125482	0.0101008	-0.00997362	0.0639569
n8	0.0133233	0.00779918	0.0108335	0.0100198	0.0100092	0.00784932
n9	0.0206448	-0.0967307	0.00589389	0.0098267	0.00995786	-0.0967223
n10	0.00291897	-0.026216	0.00928135	-0.0100422	0.00999242	-0.0263037
n11	0.00378541	-0.0639654	-0.0125502	0.0098992	-0.0100264	-0.0439856
n12	0.0131563	-0.00841534	0.00915365	0.00996398	0.00999102	-0.0284655
n13	0.0140023	-0.0102632	-0.0109492	0.0099599	-0.0100099	-0.0302832
n14	0.0302964	-0.0646089	0.00743769	0.00988291	0.00997374	-0.0646309
n15	0.0206477	-0.0966629	0.00592919	-0.0101733	0.00995786	-0.0967246
n16	0.0302988	-0.064556	0.00746939	-0.0101172	-0.0100263	-0.064644
n17	-0.0131678	0.00854253	-0.00910029	-0.00996393	-0.00999101	0.0284808
n18	-0.00377516	0.0639707	0.0125571	-0.00989928	-0.00997363	0.0439707
n19	0.0215357	-0.0984006	-0.0141999	-0.0101768	0.0099571	-0.0983505
n20	-0.00294248	0.0264392	-0.00919417	0.0100423	-0.0099924	0.0263496
n21	-0.0131753	0.00847175	-0.00913364	0.0100361	-0.00999101	0.028492
n22	-0.0131722	0.0284806	-0.00913463	-0.0099639	0.010009	0.00850059
n23	0.00377536	-0.0439809	-0.0125656	0.00989925	0.00997362	-0.063961
n24	-0.0140063	0.0103389	0.0109847	0.0100401	-0.00999014	0.0302888
n25	-0.0133159	-0.00786751	-0.0108695	0.00998022	-0.0100091	-0.00784544
n26	0.0131661	-0.0284801	0.00913534	0.00996392	0.00999101	-0.00848857
n27	-0.00374797	0.0281017	0.0108533	-0.00995382	-0.00999157	0.0280818
n28	-0.00375615	0.028079	0.0108368	0.0100461	-0.00999156	0.0281013
n29	0.0133191	0.00781829	0.010851	0.0100198	0.0100091	0.00784052
n30	-0.014142	-0.00608236	0.00921442	0.00998419	-0.0100083	-0.00607391
n31	-0.0215456	0.0983709	0.0141824	0.0101768	-0.0099571	0.0983644
n32	0.0141624	0.00593519	-0.00926874	-0.00998432	-0.00999174	0.00602494
n33	0.0131785	-0.0285096	0.0091252	0.00996388	-0.010009	-0.00850967
n34	-0.0215293	0.0983492	0.0141822	-0.00982318	-0.00995707	0.0983409
n35	-0.0133097	-0.00789588	-0.0108695	-0.0100199	-0.0100092	-0.00787366
n36	-0.00375169	0.0280754	0.0108353	-0.00995379	-0.00999156	0.0280973
n37	-0.0139964	0.0302857	0.0109663	0.0100401	-0.00999016	0.0102656
n38	0.0131735	-0.0284543	0.00915111	-0.0100361	0.009991	-0.00850251
n39	0.00294603	-0.0622524	0.00752362	-0.0100969	-0.0100256	-0.0422524
n40	-0.0141489	-0.00602285	0.00923402	-0.0100158	0.00999172	-0.00604287
OL
n1	0.0771743	-0.0740409	-0.0290617	0.07717	-0.0771928	-0.00759047	-0.0771513	-0.0109645	0.139027	0.0343175	0.0771791	0.0289293	0.0321894	0.0952327	0.139028	0.0953377	-0.0289692	-0.0772171	0.142203	-0.0344374	-0.028993	-0.0290273	0.0771489	-0.0322667	0.0108701	0.0289943	-0.0375471	-0.0376126	-0.0109012	0.0077368	-0.142215	-0.00758887	0.0290134	-0.142151	0.0110118	-0.037594	-0.032203	0.0290404	0.0739993	0.00764579
