5000	0.399082	0.138602
10000	0.221337	0.111332
15000	0.147995	0.0913009
20000	0.111123	0.0729027
25000	0.0859747	0.0515043
30000	0.0677515	0.0321776
35000	0.0566839	0.0207988
40000	0.0502363	0.0185331
45000	0.0444602	0.016354
50000	0.04002	0.0155423
55000	0.0362919	0.0141657
60000	0.0329306	0.0132689
65000	0.0308962	0.0126704
70000	0.029518	0.0121532
75000	0.0276244	0.0115235
80000	0.026194	0.0110982
85000	0.0252928	0.0113387
90000	0.0241741	0.0114652
95000	0.0231572	0.0111968
100000	0.0222361	0.0107226
105000	0.0215805	0.0105477
110000	0.0211742	0.010233
115000	0.0207548	0.0101553
120000	0.0201365	0.0101898
125000	0.0193895	0.0101821
130000	0.0187208	0.00993922
135000	0.0180457	0.0100461
140000	0.0173869	0.0099396
145000	0.0168271	0.00956316
150000	0.0163162	0.00895528
155000	0.0160234	0.00856246
160000	0.0156168	0.0083136
165000	0.0155217	0.00834331
170000	0.0151694	0.00837854
175000	0.0150468	0.00822339
180000	0.014857	0.00814366
185000	0.0145608	0.0083097
190000	0.0143984	0.00839174
195000	0.0144025	0.008287
200000	0.0142414	0.00830589
205000	0.014082	0.00819664
210000	0.014022	0.00786015
215000	0.0138124	0.00771235
220000	0.013612	0.00768616
225000	0.013425	0.00756132
230000	0.0133736	0.00738303
235000	0.0130681	0.00726227
240000	0.0129573	0.00718541
245000	0.0127097	0.00713436
250000	0.0125752	0.00716921
255000	0.012499	0.0074112
260000	0.012319	0.00732747
265000	0.012124	0.00730888
270000	0.0118455	0.00721435
275000	0.0116945	0.00713683
280000	0.0115141	0.00715965
285000	0.0113624	0.00709216
290000	0.0111151	0.00704997
295000	0.0109437	0.00703332
300000	0.0108743	0.007049
305000	0.0107273	0.00709409
310000	0.0107005	0.00707785
315000	0.010578	0.007086
320000	0.0104852	0.00714395
325000	0.0104225	0.0071775
330000	0.0103867	0.00714607
335000	0.0101585	0.00705077
340000	0.0100348	0.00699505
345000	0.00983308	0.00691723
350000	0.0098239	0.00700526
355000	0.00983152	0.00703028
360000	0.0098494	0.00691588
365000	0.00980498	0.00692636
370000	0.00977078	0.00703826
375000	0.00977778	0.00688662
380000	0.0097722	0.00690931
385000	0.00967839	0.00680438
390000	0.0095269	0.006671
395000	0.00939933	0.00661466
400000	0.00926696	0.00646425
405000	0.00900788	0.00638765
410000	0.00889872	0.00634362
415000	0.00881902	0.0063207
420000	0.00870198	0.0062139
425000	0.00871053	0.00618608
430000	0.00867496	0.00613496
435000	0.00866533	0.00607449
440000	0.00866168	0.00602779
445000	0.00859454	0.00598626
450000	0.00852847	0.00592563
455000	0.00841389	0.00576855
460000	0.00825539	0.00567256
465000	0.00819121	0.00575223
470000	0.00808411	0.00571906
475000	0.00805195	0.00563284
480000	0.0080743	0.00560663
485000	0.00814654	0.00555242
490000	0.00818399	0.00544355
495000	0.0081784	0.00538453
500000	0.00818062	0.00536893
505000	0.00815418	0.00538722
510000	0.00813352	0.00531904
515000	0.00817471	0.0052853
520000	0.00813564	0.00525977
525000	0.00806657	0.00527749
530000	0.00802377	0.00524062
535000	0.0079119	0.00512625
540000	0.00780857	0.00506383
545000	0.00773521	0.00502606
550000	0.00765254	0.00494902
555000	0.00762232	0.00494173
560000	0.00762176	0.0048863
565000	0.00765734	0.00484002
570000	0.00763959	0.00480824
575000	0.00763751	0.00477045
580000	0.00759069	0.0047374
585000	0.00751178	0.00471742
590000	0.00749947	0.00474374
595000	0.00746516	0.00482093
600000	0.00743051	0.00481787
605000	0.00741361	0.00481666
610000	0.0073734	0.00481441
615000	0.00728089	0.00475537
620000	0.00730104	0.00473065
625000	0.00716027	0.00471069
630000	0.00707143	0.00467015
635000	0.00704366	0.00467275
640000	0.00697949	0.00465411
645000	0.00695843	0.00461626
650000	0.00693848	0.00459792
655000	0.00683794	0.00459096
660000	0.00678589	0.00461507
665000	0.00678764	0.00461266
670000	0.0067595	0.00460719
675000	0.00676175	0.00462042
680000	0.00675521	0.00469186
685000	0.00675019	0.00475232
690000	0.00663935	0.00478331
695000	0.00658303	0.00478202
700000	0.00652944	0.00477966
705000	0.00652403	0.00477576
710000	0.00656193	0.00472683
715000	0.00653973	0.00470304
720000	0.0065349	0.00463678
725000	0.00648857	0.00458919
730000	0.0064414	0.00454159
735000	0.00640879	0.00451407
740000	0.00636421	0.00446773
745000	0.00636624	0.0044599
750000	0.00634828	0.00445172
755000	0.00631141	0.00441477
760000	0.00626141	0.00436167
765000	0.00620188	0.00433574
770000	0.00614654	0.00432998
775000	0.00608891	0.00430434
780000	0.00606606	0.00429303
785000	0.00598535	0.00427794
790000	0.0059824	0.0042492
795000	0.00598066	0.00426151
800000	0.00596917	0.00420911
805000	0.00591443	0.00416903
810000	0.00589033	0.00412733
815000	0.00583535	0.00408943
820000	0.00579805	0.00405402
825000	0.00578792	0.00402625
830000	0.00576723	0.00405901
835000	0.00574818	0.00407748
840000	0.0056776	0.00403261
845000	0.00560949	0.00397702
850000	0.00555732	0.00394947
855000	0.00549096	0.00391742
860000	0.00547413	0.00386955
865000	0.00546033	0.00383161
870000	0.00549881	0.00378323
875000	0.00549467	0.00375299
880000	0.00549377	0.00374465
885000	0.00547414	0.00372785
890000	0.00545885	0.00369484
895000	0.00543789	0.00371626
900000	0.00542291	0.00370686
905000	0.00538345	0.00366163
910000	0.00535589	0.00363029
915000	0.00536062	0.0036093
920000	0.00539291	0.00357962
925000	0.00540208	0.0035306
930000	0.00542151	0.00354183
935000	0.00543858	0.00354903
940000	0.00543733	0.00354629
945000	0.00538778	0.00354787
950000	0.00538794	0.00355511
955000	0.00539201	0.00352196
960000	0.00537599	0.003509
965000	0.00537725	0.00352014
970000	0.00534958	0.00351177
975000	0.00531848	0.00352899
980000	0.00533668	0.00355256
985000	0.00537874	0.00358541
990000	0.00535183	0.00355629
995000	0.00534657	0.00358215
1e+06	0.00534815	0.00355891
1.005e+06	0.00534228	0.00358146
1.01e+06	0.005333	0.00354051
1.015e+06	0.00535398	0.00350203
1.02e+06	0.00533555	0.00348327
1.025e+06	0.00530369	0.0034758
1.03e+06	0.00526419	0.00345296
1.035e+06	0.00529658	0.00344138
1.04e+06	0.00531124	0.00342636
1.045e+06	0.00526218	0.0034404
1.05e+06	0.00520869	0.00342924
1.055e+06	0.00524262	0.0034378
1.06e+06	0.00526458	0.00341922
1.065e+06	0.00524971	0.00344361
1.07e+06	0.0052179	0.00344796
1.075e+06	0.00524288	0.00346356
1.08e+06	0.00521396	0.00349077
1.085e+06	0.00518159	0.00349528
1.09e+06	0.00516133	0.00349667
1.095e+06	0.00509154	0.00348906
1.1e+06	0.00510228	0.00346792
1.105e+06	0.00512698	0.00344044
1.11e+06	0.0051301	0.00342437
1.115e+06	0.00510975	0.00342727
1.12e+06	0.00511249	0.00343743
1.125e+06	0.00511392	0.0034326
1.13e+06	0.00512313	0.00341179
1.135e+06	0.00512408	0.00340371
1.14e+06	0.00512532	0.00338787
1.145e+06	0.00512877	0.00336838
1.15e+06	0.00513882	0.00336308
1.155e+06	0.0051139	0.003354
1.16e+06	0.00509339	0.00336174
1.165e+06	0.00506979	0.00334716
1.17e+06	0.00508187	0.00332356
1.175e+06	0.00507316	0.00333255
1.18e+06	0.00504809	0.00331189
1.185e+06	0.00502079	0.00327264
1.19e+06	0.00501387	0.00325571
1.195e+06	0.00500839	0.0032193
1.2e+06	0.00499344	0.0032024
1.205e+06	0.00497457	0.00318573
1.21e+06	0.00491277	0.00314051
1.215e+06	0.00489083	0.00312896
1.22e+06	0.00489699	0.00310875
1.225e+06	0.00488576	0.00309314
1.23e+06	0.00486845	0.00307972
1.235e+06	0.00488475	0.00306849
1.24e+06	0.00489382	0.00304768
1.245e+06	0.00489897	0.00303427
1.25e+06	0.00487628	0.00303791
1.255e+06	0.00485468	0.00308534
1.26e+06	0.00485527	0.00307634
1.265e+06	0.00485038	0.00305911
1.27e+06	0.00483765	0.00306051
1.275e+06	0.0048413	0.00305875
1.28e+06	0.00483501	0.00305325
1.285e+06	0.00483294	0.00304947
1.29e+06	0.00483834	0.00305104
1.295e+06	0.00485059	0.00307309
1.3e+06	0.00482896	0.00307278
1.305e+06	0.00482162	0.00307843
1.31e+06	0.00480489	0.00308068
1.315e+06	0.0048014	0.00308449
1.32e+06	0.00479275	0.00307341
1.325e+06	0.00475734	0.00307999
1.33e+06	0.00472838	0.00309953
1.335e+06	0.00470062	0.00308487
1.34e+06	0.00469069	0.00305147
1.345e+06	0.00463359	0.00300896
1.35e+06	0.00462957	0.00297865
1.355e+06	0.00464066	0.00297056
1.36e+06	0.00466771	0.00298165
1.365e+06	0.00468169	0.00299196
1.37e+06	0.00469278	0.00299469
1.375e+06	0.00469423	0.00299903
1.38e+06	0.00468647	0.00299333
1.385e+06	0.00472585	0.00301805
1.39e+06	0.00473089	0.00304592
1.395e+06	0.00473484	0.00307349
1.4e+06	0.00472213	0.00304036
1.405e+06	0.00472283	0.00302618
1.41e+06	0.00472308	0.00301314
1.415e+06	0.00473135	0.00298895
1.42e+06	0.00474151	0.00297396
1.425e+06	0.00475435	0.00292068
1.43e+06	0.00476042	0.002898
1.435e+06	0.00478052	0.00287196
1.44e+06	0.00478174	0.00286259
1.445e+06	0.00477797	0.00284849
1.45e+06	0.00475531	0.00283483
1.455e+06	0.00476769	0.00281595
1.46e+06	0.00478598	0.00278805
1.465e+06	0.00477522	0.00276444
1.47e+06	0.00478121	0.00274912
1.475e+06	0.00474807	0.00272481
1.48e+06	0.00474948	0.00271006
1.485e+06	0.00473338	0.00272743
1.49e+06	0.00471273	0.00272143
1.495e+06	0.00470187	0.00269139
1.5e+06	0.00469133	0.00268296
1.505e+06	0.00468719	0.00266677
1.51e+06	0.00468626	0.00263895
1.515e+06	0.00468977	0.00263328
1.52e+06	0.00466951	0.002634
1.525e+06	0.00469149	0.00261687
1.53e+06	0.00469871	0.00259648
1.535e+06	0.00470625	0.00258261
1.54e+06	0.00469577	0.0025873
1.545e+06	0.00468302	0.00259231
1.55e+06	0.00466581	0.00259613
1.555e+06	0.0046292	0.00262474
1.56e+06	0.00459981	0.00264311
1.565e+06	0.00458376	0.00264377
1.57e+06	0.00458855	0.00261208
1.575e+06	0.00457807	0.00259422
1.58e+06	0.00458249	0.00260716
1.585e+06	0.00458894	0.00261328
1.59e+06	0.00459567	0.00261466
1.595e+06	0.0046043	0.00263216
1.6e+06	0.00459006	0.00263358
1.605e+06	0.00460908	0.00263378
1.61e+06	0.00460195	0.00262953
1.615e+06	0.00460504	0.00262156
1.62e+06	0.0046066	0.00260763
1.625e+06	0.0045989	0.00260598
1.63e+06	0.00459818	0.00257577
1.635e+06	0.00458676	0.00253379
1.64e+06	0.00457186	0.00250641
1.645e+06	0.00455839	0.00250173
1.65e+06	0.00452164	0.00249959
1.655e+06	0.0045104	0.0024757
1.66e+06	0.00449178	0.00244667
1.665e+06	0.00450282	0.00242507
1.67e+06	0.00447977	0.00241903
1.675e+06	0.00445979	0.0023968
1.68e+06	0.00444394	0.00239276
1.685e+06	0.00442729	0.00238515
1.69e+06	0.00439525	0.00237665
1.695e+06	0.0043951	0.00237678
1.7e+06	0.00436608	0.0023685
1.705e+06	0.00433769	0.00235774
1.71e+06	0.00431859	0.00236811
1.715e+06	0.00431067	0.00238704
1.72e+06	0.00430087	0.00238094
1.725e+06	0.0043102	0.00236703
1.73e+06	0.00430671	0.0023627
1.735e+06	0.00429557	0.00234952
1.74e+06	0.00427086	0.00233775
1.745e+06	0.00425441	0.00235785
1.75e+06	0.00423055	0.00234586
1.755e+06	0.00421961	0.00235309
1.76e+06	0.00423397	0.00233656
1.765e+06	0.00422515	0.00231953
1.77e+06	0.00420289	0.00234488
1.775e+06	0.00417045	0.00235189
1.78e+06	0.00417207	0.00233889
1.785e+06	0.0041494	0.00232078
1.79e+06	0.00416321	0.00232029
1.795e+06	0.0041767	0.0023295
1.8e+06	0.00417318	0.00230382
1.805e+06	0.0041591	0.00230186
1.81e+06	0.00415978	0.00228227
1.815e+06	0.00413934	0.0022684
1.82e+06	0.00414086	0.00224831
1.825e+06	0.00412106	0.00223996
1.83e+06	0.00408451	0.00222857
1.835e+06	0.00405435	0.00221531
1.84e+06	0.00402412	0.00219657
1.845e+06	0.00399936	0.00219972
1.85e+06	0.00401124	0.00221498
1.855e+06	0.00401269	0.00224969
1.86e+06	0.00399028	0.00225363
1.865e+06	0.00399807	0.00225814
1.87e+06	0.00401916	0.00228215
1.875e+06	0.00402974	0.00229803
1.88e+06	0.0040267	0.00227032
1.885e+06	0.00406078	0.00226207
1.89e+06	0.00406501	0.0022569
1.895e+06	0.00406964	0.00227762
1.9e+06	0.00410405	0.00230527
1.905e+06	0.00413256	0.00230981
1.91e+06	0.00413137	0.00229623
1.915e+06	0.00414765	0.00228907
1.92e+06	0.00415571	0.0022594
1.925e+06	0.00415488	0.00225066
1.93e+06	0.00415926	0.00227871
1.935e+06	0.00415533	0.00233251
1.94e+06	0.00412376	0.0023436
1.945e+06	0.00412908	0.00234666
1.95e+06	0.00414014	0.00233469
1.955e+06	0.00413253	0.00229559
1.96e+06	0.00414599	0.00231109
1.965e+06	0.0041502	0.00231749
1.97e+06	0.00414647	0.00232048
1.975e+06	0.00413677	0.00230972
1.98e+06	0.00411914	0.00228957
1.985e+06	0.00410341	0.00228989
1.99e+06	0.00409412	0.00228288
1.995e+06	0.00406381	0.00228508
2e+06	0.00405813	0.00228453
2.005e+06	0.00403964	0.00228792
2.01e+06	0.00402847	0.00228309
2.015e+06	0.00401608	0.00229333
2.02e+06	0.00399478	0.0022996
2.025e+06	0.00398116	0.00228439
2.03e+06	0.00398015	0.00227225
2.035e+06	0.00401091	0.00227691
2.04e+06	0.00402645	0.00227488
2.045e+06	0.00402813	0.00225762
2.05e+06	0.00401831	0.00225292
2.055e+06	0.00400849	0.00222961
2.06e+06	0.00399986	0.00221384
2.065e+06	0.00399383	0.00219356
2.07e+06	0.00398543	0.00219678
2.075e+06	0.003985	0.00219945
2.08e+06	0.00398311	0.00219622
2.085e+06	0.00398007	0.00218997
2.09e+06	0.00397622	0.00220413
2.095e+06	0.00397744	0.00221392
2.1e+06	0.00397887	0.00220392
2.105e+06	0.00398913	0.00220024
2.11e+06	0.00399988	0.00219547
2.115e+06	0.0040057	0.00218471
2.12e+06	0.00401688	0.00216726
2.125e+06	0.00401012	0.00217348
2.13e+06	0.00400673	0.00218953
2.135e+06	0.00401403	0.00220191
2.14e+06	0.00402149	0.00218458
2.145e+06	0.00402719	0.00214506
2.15e+06	0.00401976	0.00212501
2.155e+06	0.00402627	0.00212076
2.16e+06	0.00402318	0.00214365
2.165e+06	0.00399869	0.00216625
2.17e+06	0.00398028	0.00217571
2.175e+06	0.00396539	0.00217207
2.18e+06	0.00395517	0.00216071
2.185e+06	0.00394257	0.00215587
2.19e+06	0.0039364	0.00214571
2.195e+06	0.00393526	0.00214725
2.2e+06	0.00391697	0.00214851
2.205e+06	0.00389071	0.00214815
2.21e+06	0.00388035	0.00216523
2.215e+06	0.00387601	0.00218167
2.22e+06	0.00387733	0.00219426
2.225e+06	0.00387852	0.00219326
2.23e+06	0.00385931	0.00218807
2.235e+06	0.00385716	0.00218799
2.24e+06	0.00385013	0.00219065
2.245e+06	0.00385196	0.00219065
2.25e+06	0.00386046	0.00219669
2.255e+06	0.00386709	0.00220181
2.26e+06	0.00388063	0.00221025
2.265e+06	0.00388966	0.00221995
2.27e+06	0.00389445	0.00222139
2.275e+06	0.00390389	0.00220572
2.28e+06	0.00389448	0.0021952
2.285e+06	0.00389085	0.002207
2.29e+06	0.00388349	0.00221203
2.295e+06	0.00386327	0.00219469
2.3e+06	0.00385408	0.00218498
2.305e+06	0.00385631	0.00217766
2.31e+06	0.00387649	0.00219518
2.315e+06	0.00390464	0.00220673
2.32e+06	0.00390668	0.00221689
2.325e+06	0.00391714	0.00218315
2.33e+06	0.00392056	0.0021704
2.335e+06	0.00391314	0.00218383
2.34e+06	0.00390471	0.00218688
2.345e+06	0.00391131	0.00218441
2.35e+06	0.00391643	0.00217364
2.355e+06	0.00391652	0.00216989
2.36e+06	0.00391072	0.00215818
2.365e+06	0.00390703	0.00216484
2.37e+06	0.00389413	0.00214985
2.375e+06	0.00386706	0.00213638
2.38e+06	0.00383208	0.00213355
2.385e+06	0.00380123	0.00211705
2.39e+06	0.00377562	0.00209944
2.395e+06	0.00376669	0.00207923
2.4e+06	0.00376416	0.00205263
2.405e+06	0.0037552	0.00203433
2.41e+06	0.00373866	0.00203703
2.415e+06	0.00371598	0.00204446
2.42e+06	0.00370573	0.00204413
2.425e+06	0.00369248	0.0020449
2.43e+06	0.00368707	0.00204344
2.435e+06	0.00368545	0.00203565
2.44e+06	0.00370133	0.00203343
2.445e+06	0.00369925	0.00203072
2.45e+06	0.00369611	0.00205302
2.455e+06	0.00370248	0.00204427
2.46e+06	0.00370023	0.00204643
2.465e+06	0.00368694	0.00204437
2.47e+06	0.0036689	0.0020517
2.475e+06	0.00366272	0.00206222
2.48e+06	0.00365911	0.00205893
2.485e+06	0.00365007	0.00204804
2.49e+06	0.00365662	0.00205142
2.495e+06	0.00364851	0.00206028
2.5e+06	0.0036345	0.00205497
2.505e+06	0.0036257	0.0020462
2.51e+06	0.00362023	0.00204398
2.515e+06	0.00362905	0.00204442
2.52e+06	0.00361964	0.00204864
2.525e+06	0.00361903	0.00205109
2.53e+06	0.00361245	0.0020583
2.535e+06	0.00361477	0.00206572
2.54e+06	0.003603	0.0020661
2.545e+06	0.00360218	0.00204943
2.55e+06	0.00360273	0.00203279
2.555e+06	0.00360569	0.00202716
2.56e+06	0.00360389	0.00205019
2.565e+06	0.00359571	0.00207168
2.57e+06	0.0036012	0.0020691
2.575e+06	0.00359373	0.0020606
2.58e+06	0.00357949	0.00207688
2.585e+06	0.0035691	0.00207678
2.59e+06	0.0035655	0.00207724
2.595e+06	0.00355221	0.00207982
2.6e+06	0.00354691	0.00207834
2.605e+06	0.00354775	0.0020775
2.61e+06	0.00354439	0.00206837
2.615e+06	0.0035266	0.00205965
2.62e+06	0.00351421	0.00206044
2.625e+06	0.003506	0.00205865
2.63e+06	0.00350802	0.00206167
2.635e+06	0.00350207	0.00206002
2.64e+06	0.00350182	0.00205033
2.645e+06	0.00349759	0.00204989
2.65e+06	0.00348737	0.00202892
2.655e+06	0.00347932	0.00203529
2.66e+06	0.00348735	0.00204108
2.665e+06	0.00349427	0.00204413
2.67e+06	0.00348926	0.00204056
2.675e+06	0.00348078	0.00202894
2.68e+06	0.00347872	0.00203378
2.685e+06	0.00346903	0.00203643
2.69e+06	0.00345098	0.00202876
2.695e+06	0.00346386	0.00202707
2.7e+06	0.00346865	0.00203011
2.705e+06	0.00346687	0.00202945
2.71e+06	0.00346212	0.00203414
2.715e+06	0.0034614	0.00203592
2.72e+06	0.00345516	0.00202449
2.725e+06	0.00345823	0.00199904
2.73e+06	0.00346164	0.0019908
2.735e+06	0.003468	0.00197791
2.74e+06	0.00345543	0.00196087
2.745e+06	0.00344591	0.00196098
2.75e+06	0.00343465	0.00196119
2.755e+06	0.00343346	0.00196596
2.76e+06	0.00341167	0.00196078
2.765e+06	0.00338669	0.00195972
2.77e+06	0.00336751	0.00196326
2.775e+06	0.003348	0.00196814
2.78e+06	0.0033378	0.00196835
2.785e+06	0.0033478	0.00196631
2.79e+06	0.00334665	0.00196573
2.795e+06	0.00333201	0.00195103
2.8e+06	0.00332258	0.00195041
2.805e+06	0.00331772	0.00194518
2.81e+06	0.00331602	0.00193883
2.815e+06	0.00332105	0.00193845
2.82e+06	0.00331284	0.00193713
2.825e+06	0.00329318	0.00193398
2.83e+06	0.00329232	0.00193947
2.835e+06	0.00329983	0.00194823
2.84e+06	0.00330293	0.00194485
2.845e+06	0.00329935	0.00195843
2.85e+06	0.00328414	0.00195435
2.855e+06	0.00328222	0.00194946
2.86e+06	0.00328394	0.00194104
2.865e+06	0.00327867	0.0019408
2.87e+06	0.00328384	0.00195385
2.875e+06	0.00327563	0.00196305
2.88e+06	0.00327902	0.00196823
2.885e+06	0.00327852	0.00195938
2.89e+06	0.00328016	0.00195039
2.895e+06	0.00328582	0.00194908
2.9e+06	0.00328428	0.00193892
2.905e+06	0.00327971	0.00193209
2.91e+06	0.00328522	0.00191638
2.915e+06	0.00328694	0.00190629
2.92e+06	0.00328762	0.00189277
2.925e+06	0.00330033	0.00188541
2.93e+06	0.00330374	0.00188487
2.935e+06	0.00331128	0.00189353
2.94e+06	0.00331993	0.00190101
2.945e+06	0.00331048	0.00189377
2.95e+06	0.00329426	0.00189289
2.955e+06	0.00329421	0.00189453
2.96e+06	0.00329799	0.00190065
2.965e+06	0.00330548	0.00190377
2.97e+06	0.00328742	0.00191393
2.975e+06	0.00328178	0.00191178
2.98e+06	0.00327376	0.00190528
2.985e+06	0.00326941	0.00190521
2.99e+06	0.00326908	0.0019226
2.995e+06	0.00327155	0.00192571
3e+06	0.00327955	0.00192239
3.005e+06	0.00327266	0.00192045
3.01e+06	0.00326343	0.00192067
3.015e+06	0.00327916	0.00191349
3.02e+06	0.00328263	0.00192331
3.025e+06	0.00328713	0.00193671
3.03e+06	0.00328283	0.00193406
3.035e+06	0.00326729	0.00192616
3.04e+06	0.00325606	0.00192645
3.045e+06	0.00324983	0.00191379
3.05e+06	0.00323532	0.0019013
3.055e+06	0.00322936	0.00188799
3.06e+06	0.00322167	0.00188408
3.065e+06	0.00322444	0.00187848
3.07e+06	0.00324508	0.00188299
3.075e+06	0.00326143	0.00189221
3.08e+06	0.00327027	0.00188563
3.085e+06	0.00327505	0.0018764
3.09e+06	0.00327782	0.00187467
3.095e+06	0.00328409	0.00187297
3.1e+06	0.00327459	0.00187791
3.105e+06	0.00325924	0.00186951
3.11e+06	0.00324001	0.00186053
3.115e+06	0.00321078	0.00185855
3.12e+06	0.00319658	0.00185309
3.125e+06	0.00318022	0.00184271
3.13e+06	0.00317484	0.00184253
3.135e+06	0.00316979	0.00184186
3.14e+06	0.00317709	0.00184076
3.145e+06	0.00319256	0.00185096
3.15e+06	0.00318704	0.00185263
3.155e+06	0.00319634	0.00185878
3.16e+06	0.00320936	0.00185699
3.165e+06	0.00321198	0.00185017
3.17e+06	0.00320434	0.00183235
3.175e+06	0.00320068	0.00183216
3.18e+06	0.00318637	0.00185121
3.185e+06	0.00318591	0.00185234
3.19e+06	0.00317686	0.00185426
3.195e+06	0.00317256	0.00185666
3.2e+06	0.0031956	0.00185556
3.205e+06	0.00320046	0.00184552
3.21e+06	0.00320446	0.00183548
3.215e+06	0.00320307	0.00182425
3.22e+06	0.00320364	0.00182008
3.225e+06	0.00320747	0.00180242
3.23e+06	0.00321515	0.00179709
3.235e+06	0.00321555	0.0017884
3.24e+06	0.00320902	0.00176953
3.245e+06	0.00319565	0.00175144
3.25e+06	0.00318963	0.00174813
3.255e+06	0.00319275	0.00174681
3.26e+06	0.00319076	0.00174344
3.265e+06	0.00318206	0.00175894
3.27e+06	0.00319258	0.00176537
3.275e+06	0.0031916	0.00176222
3.28e+06	0.00319325	0.00174473
3.285e+06	0.00320158	0.00173745
3.29e+06	0.00320015	0.00171967
3.295e+06	0.00318916	0.00170057
3.3e+06	0.00319735	0.00170273
3.305e+06	0.0032097	0.00170409
3.31e+06	0.00320387	0.00169436
3.315e+06	0.00320073	0.0016872
3.32e+06	0.00319142	0.00168542
3.325e+06	0.0031911	0.00168144
3.33e+06	0.00319075	0.00168433
3.335e+06	0.00319251	0.00170212
3.34e+06	0.00318604	0.00170576
3.345e+06	0.00318015	0.00170243
3.35e+06	0.00317917	0.00169758
3.355e+06	0.00317615	0.00169396
3.36e+06	0.00316794	0.00169704
3.365e+06	0.00316796	0.00169123
3.37e+06	0.00316263	0.00168234
3.375e+06	0.0031624	0.00168869
3.38e+06	0.00316469	0.00168818
3.385e+06	0.00316658	0.00169115
3.39e+06	0.00318137	0.00170495
3.395e+06	0.00319384	0.00170363
3.4e+06	0.00319914	0.00171918
3.405e+06	0.00319769	0.00172005
3.41e+06	0.00319238	0.00171403
3.415e+06	0.00319138	0.00171011
3.42e+06	0.0031855	0.00170173
3.425e+06	0.00319399	0.00170256
3.43e+06	0.00319212	0.00170296
3.435e+06	0.00318751	0.0017066
3.44e+06	0.00319594	0.00170574
3.445e+06	0.00318624	0.00171358
3.45e+06	0.00317939	0.00172241
3.455e+06	0.00317244	0.0017353
3.46e+06	0.00317382	0.00174997
3.465e+06	0.00316694	0.00174933
3.47e+06	0.0031578	0.0017592
3.475e+06	0.0031603	0.00176518
3.48e+06	0.00316341	0.00176495
3.485e+06	0.00316071	0.00177254
3.49e+06	0.00315825	0.0017659
3.495e+06	0.00314973	0.00176638
3.5e+06	0.00314096	0.00176607
3.505e+06	0.00313175	0.00175949
3.51e+06	0.00312989	0.00174838
3.515e+06	0.00313739	0.00175672
3.52e+06	0.00315355	0.00174781
3.525e+06	0.00314773	0.00173129
3.53e+06	0.00313638	0.00172324
3.535e+06	0.0031315	0.00171994
3.54e+06	0.00315159	0.00171986
3.545e+06	0.00315231	0.00171511
3.55e+06	0.0031535	0.00170653
3.555e+06	0.00315808	0.00169115
3.56e+06	0.003156	0.00168203
3.565e+06	0.00315634	0.00166769
3.57e+06	0.00314892	0.00165522
3.575e+06	0.00315677	0.00165223
3.58e+06	0.00317107	0.00166738
3.585e+06	0.003174	0.00167154
3.59e+06	0.00316858	0.00166546
3.595e+06	0.00317464	0.0016631
3.6e+06	0.00318196	0.00167151
3.605e+06	0.00318285	0.00167399
3.61e+06	0.00318551	0.00168566
3.615e+06	0.00318631	0.00170283
3.62e+06	0.00318439	0.0017061
3.625e+06	0.00317737	0.00170171
3.63e+06	0.00317734	0.00169049
3.635e+06	0.00318442	0.00169463
3.64e+06	0.00319349	0.00169595
3.645e+06	0.00319661	0.00170127
3.65e+06	0.00319831	0.00169361
3.655e+06	0.00320453	0.00169199
3.66e+06	0.00318759	0.00168685
3.665e+06	0.00319084	0.00169257
3.67e+06	0.00316879	0.00169606
3.675e+06	0.00314944	0.00169595
3.68e+06	0.00313668	0.00169839
3.685e+06	0.00314509	0.00169645
3.69e+06	0.00314534	0.00171145
3.695e+06	0.00314598	0.00171272
3.7e+06	0.00314915	0.00170881
3.705e+06	0.00314983	0.00170225
3.71e+06	0.00316815	0.00170191
3.715e+06	0.00317709	0.00169575
3.72e+06	0.00317348	0.00169785
3.725e+06	0.00317969	0.00169647
3.73e+06	0.00318121	0.00168962
3.735e+06	0.00319053	0.00168138
3.74e+06	0.00318374	0.00167951
3.745e+06	0.00318831	0.00167426
3.75e+06	0.00318722	0.00167571
3.755e+06	0.00318421	0.00168686
3.76e+06	0.00318639	0.00168992
3.765e+06	0.00319476	0.00171375
3.77e+06	0.00320201	0.00171869
3.775e+06	0.0032044	0.00171774
3.78e+06	0.00319351	0.00172616
3.785e+06	0.00319274	0.00173152
3.79e+06	0.00319573	0.00172997
3.795e+06	0.00319839	0.00173399
3.8e+06	0.00320126	0.00173699
3.805e+06	0.0031934	0.00174048
3.81e+06	0.00319008	0.00173415
3.815e+06	0.00318814	0.00174227
3.82e+06	0.00317643	0.00175045
3.825e+06	0.00317559	0.0017585
3.83e+06	0.00317267	0.00176512
3.835e+06	0.00316816	0.00177353
3.84e+06	0.00315902	0.00176792
3.845e+06	0.00315053	0.00175562
3.85e+06	0.00314394	0.00175459
3.855e+06	0.00313843	0.00175987
3.86e+06	0.00314443	0.00175326
3.865e+06	0.00314737	0.0017595
3.87e+06	0.00314585	0.00176972
3.875e+06	0.00314473	0.00177147
3.88e+06	0.003135	0.00176745
3.885e+06	0.00312339	0.00175912
3.89e+06	0.00311418	0.00175642
3.895e+06	0.00310323	0.00174551
3.9e+06	0.00309615	0.00174026
3.905e+06	0.00308877	0.00172709
3.91e+06	0.00308331	0.00172386
3.915e+06	0.00307326	0.00172842
3.92e+06	0.00307181	0.00172985
3.925e+06	0.00306401	0.00172703
3.93e+06	0.00305808	0.00172675
3.935e+06	0.00305332	0.00172726
3.94e+06	0.00304695	0.00172445
3.945e+06	0.00302844	0.00172262
3.95e+06	0.00303022	0.0017232
3.955e+06	0.00302794	0.00171964
3.96e+06	0.00303835	0.00171886
3.965e+06	0.00305074	0.00171627
3.97e+06	0.00305383	0.00171412
3.975e+06	0.00304573	0.00170533
3.98e+06	0.00304983	0.00169427
3.985e+06	0.00303498	0.00168187
3.99e+06	0.00301919	0.00168385
3.995e+06	0.00301705	0.00168681
4e+06	0.0030064	0.00168853
4.005e+06	0.00300434	0.00169969
4.01e+06	0.00300308	0.0016984
4.015e+06	0.00299486	0.00169199
4.02e+06	0.00297674	0.0016879
4.025e+06	0.00297046	0.00168727
4.03e+06	0.00296214	0.00168762
4.035e+06	0.00295766	0.00167722
4.04e+06	0.00295354	0.00166004
4.045e+06	0.00295487	0.00165571
4.05e+06	0.00295783	0.0016579
4.055e+06	0.00295618	0.0016649
4.06e+06	0.00296341	0.00166971
4.065e+06	0.00296597	0.00166729
4.07e+06	0.00296962	0.00166719
4.075e+06	0.00297107	0.00166455
4.08e+06	0.00296621	0.00164926
4.085e+06	0.00296431	0.00163759
4.09e+06	0.00296511	0.00163633
4.095e+06	0.00297036	0.00162227
4.1e+06	0.00297327	0.00160961
4.105e+06	0.00297616	0.00160841
4.11e+06	0.00297592	0.00160211
4.115e+06	0.00297401	0.00159798
4.12e+06	0.00296946	0.00159695
4.125e+06	0.00296676	0.00159299
4.13e+06	0.00296046	0.00158959
4.135e+06	0.00295444	0.00158781
4.14e+06	0.00294202	0.00158594
4.145e+06	0.00293382	0.00158474
4.15e+06	0.002925	0.00158133
4.155e+06	0.00292575	0.00157057
4.16e+06	0.00292917	0.00155142
4.165e+06	0.00292887	0.00154985
4.17e+06	0.00292963	0.00155039
4.175e+06	0.00293018	0.00154808
4.18e+06	0.00293023	0.00152731
4.185e+06	0.00293441	0.00152107
4.19e+06	0.00292592	0.00150179
4.195e+06	0.00291851	0.00149147
4.2e+06	0.00290957	0.0014948
4.205e+06	0.00290325	0.00150203
4.21e+06	0.00290607	0.0015005
4.215e+06	0.0029031	0.00150465
4.22e+06	0.00289749	0.00150722
4.225e+06	0.00289205	0.00151734
4.23e+06	0.0029042	0.00152778
4.235e+06	0.00290143	0.00153106
4.24e+06	0.00289318	0.00152893
4.245e+06	0.00289374	0.00153589
4.25e+06	0.00287854	0.00153688
4.255e+06	0.00286614	0.00153651
4.26e+06	0.00286614	0.00153885
4.265e+06	0.00286857	0.00154083
4.27e+06	0.00286454	0.00153768
4.275e+06	0.00286613	0.00153048
4.28e+06	0.00286263	0.001517
4.285e+06	0.00286024	0.00151304
4.29e+06	0.00286035	0.00150261
4.295e+06	0.00287278	0.00150792
4.3e+06	0.00287692	0.00152301
4.305e+06	0.00288886	0.00152253
4.31e+06	0.00289439	0.00152032
4.315e+06	0.00289169	0.00151601
4.32e+06	0.00289054	0.00151099
4.325e+06	0.00288309	0.00149994
4.33e+06	0.00288325	0.00150587
4.335e+06	0.00288973	0.00150652
4.34e+06	0.00288934	0.00150936
4.345e+06	0.0028956	0.00150996
4.35e+06	0.00290598	0.00151154
4.355e+06	0.00290146	0.00150879
4.36e+06	0.00289816	0.00151164
4.365e+06	0.00289564	0.00150576
4.37e+06	0.00288895	0.00150756
4.375e+06	0.00287978	0.0014994
4.38e+06	0.00288167	0.00150187
4.385e+06	0.00288241	0.00150507
4.39e+06	0.0028773	0.00149896
4.395e+06	0.00287308	0.00148649
4.4e+06	0.00287674	0.00148704
4.405e+06	0.00286825	0.00148249
4.41e+06	0.0028627	0.00147877
4.415e+06	0.00285246	0.0014666
4.42e+06	0.00284431	0.00147149
4.425e+06	0.00284799	0.0014762
4.43e+06	0.00284993	0.00147372
4.435e+06	0.0028518	0.00147678
4.44e+06	0.00285204	0.00148086
4.445e+06	0.00284991	0.00148011
4.45e+06	0.0028436	0.0014818
4.455e+06	0.00284472	0.00147741
4.46e+06	0.00284612	0.00147375
4.465e+06	0.00284818	0.00147561
4.47e+06	0.00284578	0.00148814
4.475e+06	0.00284948	0.00148962
4.48e+06	0.00284423	0.00148768
4.485e+06	0.00283798	0.00148504
4.49e+06	0.0028378	0.00147507
4.495e+06	0.00284299	0.00147841
4.5e+06	0.00284189	0.00147137
4.505e+06	0.00284412	0.00147871
4.51e+06	0.00284363	0.00148376
4.515e+06	0.00284131	0.0014925
4.52e+06	0.00284786	0.00149009
4.525e+06	0.00285802	0.00149297
4.53e+06	0.00285874	0.00149235
4.535e+06	0.00285828	0.00148682
4.54e+06	0.00285038	0.00148816
4.545e+06	0.00283978	0.00149342
4.55e+06	0.00283314	0.00149185
4.555e+06	0.00282539	0.0014865
4.56e+06	0.00281944	0.00148642
4.565e+06	0.00281503	0.00148314
4.57e+06	0.00280508	0.00147716
4.575e+06	0.00280914	0.0014701
4.58e+06	0.00280787	0.00146844
4.585e+06	0.00280532	0.0014567
4.59e+06	0.00280351	0.00145755
4.595e+06	0.00278932	0.00146755
4.6e+06	0.00278001	0.00146815
4.605e+06	0.00277894	0.00146643
4.61e+06	0.00277745	0.00146345
4.615e+06	0.00276893	0.00145579
4.62e+06	0.00276707	0.00146113
4.625e+06	0.00276488	0.0014567
4.63e+06	0.00276569	0.0014551
4.635e+06	0.00276455	0.0014507
4.64e+06	0.0027638	0.00144795
4.645e+06	0.00275397	0.00144607
4.65e+06	0.00276	0.0014449
4.655e+06	0.00275739	0.00143277
4.66e+06	0.00275377	0.00142261
4.665e+06	0.00275406	0.00141372
4.67e+06	0.0027525	0.00140724
4.675e+06	0.00275101	0.0013975
4.68e+06	0.00275168	0.00138408
4.685e+06	0.00274519	0.00138116
4.69e+06	0.00274944	0.00137919
4.695e+06	0.00274335	0.00138119
4.7e+06	0.00273761	0.00138848
4.705e+06	0.00273426	0.00139413
4.71e+06	0.00272678	0.00140119
4.715e+06	0.00272968	0.00140598
4.72e+06	0.00273023	0.00140162
4.725e+06	0.00272663	0.00139842
4.73e+06	0.00272773	0.00140133
4.735e+06	0.00272302	0.00139789
4.74e+06	0.00271796	0.00139054
4.745e+06	0.00271371	0.00138802
4.75e+06	0.00271255	0.00138004
4.755e+06	0.00271281	0.00137346
4.76e+06	0.00271911	0.00137837
4.765e+06	0.00271936	0.00138151
4.77e+06	0.00271575	0.00138405
4.775e+06	0.00270931	0.00138643
4.78e+06	0.00270598	0.00138796
4.785e+06	0.00269687	0.00139505
4.79e+06	0.00269319	0.00139772
4.795e+06	0.00269213	0.00140763
4.8e+06	0.00268581	0.00141272
4.805e+06	0.0026862	0.00140629
4.81e+06	0.00269053	0.00140855
4.815e+06	0.00268589	0.00140815
4.82e+06	0.00268764	0.00140329
4.825e+06	0.00268008	0.00140502
4.83e+06	0.00267308	0.0014058
4.835e+06	0.00267166	0.00140555
4.84e+06	0.0026724	0.00140767
4.845e+06	0.00267513	0.0014046
4.85e+06	0.00268276	0.00140087
4.855e+06	0.00268189	0.00140059
4.86e+06	0.00269009	0.00139211
4.865e+06	0.00269718	0.00138395
4.87e+06	0.00269959	0.00137383
4.875e+06	0.00269881	0.00137169
4.88e+06	0.00268756	0.00137213
4.885e+06	0.00267663	0.00137708
4.89e+06	0.00267044	0.00139315
4.895e+06	0.0026705	0.00139312
4.9e+06	0.0026703	0.00139167
4.905e+06	0.00266723	0.00139988
4.91e+06	0.00266227	0.00139342
4.915e+06	0.00265723	0.00139244
4.92e+06	0.0026578	0.00139727
4.925e+06	0.00265636	0.00139591
4.93e+06	0.00265534	0.00140619
4.935e+06	0.00265113	0.00139863
4.94e+06	0.00264148	0.00139627
4.945e+06	0.00263159	0.00138679
4.95e+06	0.00262535	0.00138203
4.955e+06	0.00262258	0.00137873
4.96e+06	0.00262906	0.00137993
4.965e+06	0.00263096	0.00137212
4.97e+06	0.00264277	0.00136601
4.975e+06	0.00265424	0.0013654
4.98e+06	0.00266309	0.00136274
4.985e+06	0.0026558	0.00136191
4.99e+06	0.00264367	0.00136114
4.995e+06	0.00264627	0.00136101
5e+06	0.00264684	0.00136257
5.005e+06	0.00264403	0.00135978
5.01e+06	0.00265016	0.00135803
5.015e+06	0.0026512	0.00135758
5.02e+06	0.0026503	0.00136111
5.025e+06	0.00265688	0.00136534
5.03e+06	0.00265628	0.00136764
5.035e+06	0.00265205	0.00137084
5.04e+06	0.0026549	0.00136958
5.045e+06	0.00266339	0.00136533
5.05e+06	0.00266381	0.00136532
5.055e+06	0.00267091	0.00138043
5.06e+06	0.00267111	0.00137632
5.065e+06	0.00265761	0.00138228
5.07e+06	0.00265629	0.0013849
5.075e+06	0.0026589	0.00137572
5.08e+06	0.00265282	0.00137532
5.085e+06	0.00264347	0.00137219
5.09e+06	0.00263725	0.00136256
5.095e+06	0.00263739	0.00136301
5.1e+06	0.00264016	0.00135914
5.105e+06	0.00264068	0.00135506
5.11e+06	0.00263674	0.00136097
5.115e+06	0.00262769	0.00136262
5.12e+06	0.00262019	0.00136312
5.125e+06	0.00261419	0.00136965
5.13e+06	0.00260779	0.00137179
5.135e+06	0.00259766	0.00137144
5.14e+06	0.00258788	0.00137428
5.145e+06	0.00258653	0.00137362
5.15e+06	0.00258352	0.00137318
5.155e+06	0.00258102	0.00137103
5.16e+06	0.00258834	0.00137231
5.165e+06	0.00259316	0.00137895
5.17e+06	0.00260169	0.00137985
5.175e+06	0.00260939	0.00137873
5.18e+06	0.00261976	0.00138079
5.185e+06	0.00262753	0.00139233
5.19e+06	0.0026226	0.00140382
5.195e+06	0.00262277	0.00141307
5.2e+06	0.00262929	0.00142096
5.205e+06	0.00262919	0.00141984
5.21e+06	0.00263228	0.00142003
5.215e+06	0.00263603	0.00140476
5.22e+06	0.00263383	0.00139888
5.225e+06	0.0026334	0.00139942
5.23e+06	0.00263025	0.00139981
5.235e+06	0.00262167	0.00140076
5.24e+06	0.00262273	0.00140709
5.245e+06	0.00261782	0.00139977
5.25e+06	0.00260955	0.0013891
5.255e+06	0.00260746	0.00139207
5.26e+06	0.00260596	0.00139139
5.265e+06	0.00260295	0.00139473
5.27e+06	0.00259788	0.00139991
5.275e+06	0.00260516	0.00140081
5.28e+06	0.00260591	0.00140351
5.285e+06	0.00260176	0.00139563
5.29e+06	0.00259466	0.00139446
5.295e+06	0.00259807	0.0013925
5.3e+06	0.00260207	0.001391
5.305e+06	0.00259693	0.00138139
5.31e+06	0.00259102	0.00137254
5.315e+06	0.00258967	0.0013672
5.32e+06	0.00258928	0.00136723
5.325e+06	0.00258607	0.00137045
5.33e+06	0.00259164	0.00137019
5.335e+06	0.00259003	0.00137082
5.34e+06	0.00259068	0.00136958
5.345e+06	0.00258715	0.0013726
5.35e+06	0.0025791	0.00137226
5.355e+06	0.0025754	0.00136353
5.36e+06	0.00258359	0.00135373
5.365e+06	0.00258367	0.00135003
5.37e+06	0.00258063	0.0013385
5.375e+06	0.00257854	0.00132959
5.38e+06	0.00258117	0.00131522
5.385e+06	0.00258181	0.00131384
5.39e+06	0.00258261	0.00130505
5.395e+06	0.00258451	0.00130394
5.4e+06	0.00258533	0.00130509
5.405e+06	0.00258156	0.00130108
5.41e+06	0.00257357	0.00129085
5.415e+06	0.00256377	0.00128638
5.42e+06	0.0025597	0.00128868
5.425e+06	0.00254857	0.00128737
5.43e+06	0.00254365	0.00129167
5.435e+06	0.00253805	0.00129463
5.44e+06	0.00252841	0.00129147
5.445e+06	0.00252242	0.00128693
5.45e+06	0.00251796	0.00127864
5.455e+06	0.00251434	0.00127327
5.46e+06	0.0025137	0.00127773
5.465e+06	0.00251593	0.00127761
5.47e+06	0.00252197	0.00127594
5.475e+06	0.00251619	0.00127786
5.48e+06	0.00251252	0.00126894
5.485e+06	0.00250362	0.00126102
5.49e+06	0.00250237	0.00126506
5.495e+06	0.00250244	0.00125904
5.5e+06	0.00249993	0.0012561
5.505e+06	0.00250379	0.00124897
5.51e+06	0.00249165	0.00123714
5.515e+06	0.00248893	0.00124062
5.52e+06	0.00248621	0.00124314
5.525e+06	0.00248406	0.00123516
5.53e+06	0.00248387	0.00123324
5.535e+06	0.00248393	0.00123119
5.54e+06	0.00248534	0.00122987
5.545e+06	0.00248616	0.00123463
5.55e+06	0.00248632	0.00123566
5.555e+06	0.00248371	0.00123965
5.56e+06	0.00248151	0.00123787
5.565e+06	0.00248268	0.00123761
5.57e+06	0.00248525	0.00124109
5.575e+06	0.00248728	0.00123899
5.58e+06	0.00248801	0.00124346
5.585e+06	0.00248851	0.00123883
5.59e+06	0.00249048	0.00123246
5.595e+06	0.00248321	0.00122669
5.6e+06	0.00247455	0.00121828
5.605e+06	0.00246753	0.00121049
5.61e+06	0.00247055	0.00120107
5.615e+06	0.00247822	0.00119655
5.62e+06	0.0024868	0.00119483
5.625e+06	0.00248567	0.00120292
5.63e+06	0.00249155	0.00120769
5.635e+06	0.00249589	0.00121849
5.64e+06	0.00249482	0.00122547
5.645e+06	0.00248948	0.00122851
5.65e+06	0.0024841	0.00123026
5.655e+06	0.00248073	0.00122507
5.66e+06	0.00248332	0.00122634
5.665e+06	0.00248123	0.00122379
5.67e+06	0.00247301	0.00122468
5.675e+06	0.002465	0.00122415
5.68e+06	0.00245466	0.00121699
5.685e+06	0.00245068	0.00121871
5.69e+06	0.00244446	0.00122401
5.695e+06	0.00244064	0.00122407
5.7e+06	0.00243881	0.00122878
5.705e+06	0.00244107	0.00123586
5.71e+06	0.00244028	0.0012394
5.715e+06	0.0024448	0.00124128
5.72e+06	0.00244778	0.00124301
5.725e+06	0.00244718	0.00123944
5.73e+06	0.00244524	0.00123673
5.735e+06	0.00243446	0.00122771
5.74e+06	0.00242465	0.00122494
5.745e+06	0.00241482	0.00122265
5.75e+06	0.00240699	0.0012211
5.755e+06	0.0024058	0.0012124
5.76e+06	0.00240088	0.00120421
5.765e+06	0.0023956	0.00120661
5.77e+06	0.00239637	0.00121841
5.775e+06	0.0023915	0.00122568
5.78e+06	0.00239101	0.00122427
5.785e+06	0.00238886	0.00122518
5.79e+06	0.00239029	0.0012238
5.795e+06	0.00238578	0.00122245
5.8e+06	0.00238932	0.00122075
5.805e+06	0.00238974	0.00122468
5.81e+06	0.00238872	0.00123619
5.815e+06	0.00238513	0.00123314
5.82e+06	0.00238444	0.00123566
5.825e+06	0.00239245	0.00123531
5.83e+06	0.00239549	0.00123465
5.835e+06	0.0024009	0.00123195
5.84e+06	0.00239772	0.0012335
5.845e+06	0.00239689	0.00123411
5.85e+06	0.00239545	0.00122854
5.855e+06	0.00239661	0.00122069
5.86e+06	0.00239963	0.00122214
5.865e+06	0.00240163	0.00122111
5.87e+06	0.00239925	0.0012162
5.875e+06	0.00240335	0.00122649
5.88e+06	0.0024127	0.00122865
5.885e+06	0.0024192	0.00122959
5.89e+06	0.00241792	0.00122756
5.895e+06	0.00242373	0.00122379
5.9e+06	0.00242741	0.00122416
5.905e+06	0.00242236	0.00121859
5.91e+06	0.00242173	0.0012145
5.915e+06	0.00241922	0.00120742
5.92e+06	0.00241741	0.00120721
5.925e+06	0.00242549	0.0012125
5.93e+06	0.00241744	0.00121488
5.935e+06	0.00240942	0.00121901
5.94e+06	0.00240222	0.00121258
5.945e+06	0.0023913	0.00121141
5.95e+06	0.00238156	0.00121222
5.955e+06	0.00237343	0.00121502
5.96e+06	0.00237245	0.00121421
5.965e+06	0.00237216	0.00121801
5.97e+06	0.00237728	0.00121175
5.975e+06	0.0023752	0.00120869
5.98e+06	0.00238309	0.00120522
5.985e+06	0.00238292	0.0012033
5.99e+06	0.00237644	0.00120006
5.995e+06	0.00237709	0.00118921
6e+06	0.00237739	0.00118465
6.005e+06	0.0023764	0.00118107
6.01e+06	0.00236991	0.00117721
6.015e+06	0.00236971	0.0011705
6.02e+06	0.00236977	0.00117248
6.025e+06	0.00236165	0.00117387
6.03e+06	0.00235459	0.00116994
6.035e+06	0.00235518	0.00116483
6.04e+06	0.00235878	0.00115936
6.045e+06	0.00235613	0.0011563
6.05e+06	0.00235866	0.00115357
6.055e+06	0.00236167	0.00115477
6.06e+06	0.00236699	0.00115326
6.065e+06	0.00236557	0.00114999
6.07e+06	0.00235895	0.00116023
6.075e+06	0.00235647	0.00115926
6.08e+06	0.00236028	0.00116263
6.085e+06	0.0023574	0.00116631
6.09e+06	0.0023558	0.00116969
6.095e+06	0.00235727	0.00117431
6.1e+06	0.00236093	0.00117136
6.105e+06	0.00236245	0.00117578
6.11e+06	0.00236186	0.00117095
6.115e+06	0.00236524	0.00117078
6.12e+06	0.00236295	0.00116856
6.125e+06	0.00236453	0.00116864
6.13e+06	0.00236091	0.00116102
6.135e+06	0.00236384	0.00116774
6.14e+06	0.00236628	0.0011733
6.145e+06	0.00237268	0.00117146
6.15e+06	0.00237345	0.00117393
6.155e+06	0.00237411	0.00117179
6.16e+06	0.00237132	0.0011755
6.165e+06	0.00236923	0.00117474
6.17e+06	0.00236855	0.00115971
6.175e+06	0.00236584	0.00114984
6.18e+06	0.0023566	0.00115059
6.185e+06	0.002358	0.00114949
6.19e+06	0.00236383	0.00115142
6.195e+06	0.00236335	0.00115119
6.2e+06	0.00235849	0.00115189
6.205e+06	0.00235367	0.00116042
6.21e+06	0.0023575	0.00116569
6.215e+06	0.00235201	0.00116783
6.22e+06	0.00234976	0.00116232
6.225e+06	0.00234891	0.00117031
6.23e+06	0.0023492	0.00117404
6.235e+06	0.00234373	0.00117717
6.24e+06	0.00233993	0.00117621
6.245e+06	0.00233903	0.00117687
6.25e+06	0.00234363	0.00117004
6.255e+06	0.00234703	0.00116464
6.26e+06	0.00234805	0.00116612
6.265e+06	0.0023537	0.00117117
6.27e+06	0.00235349	0.00117526
6.275e+06	0.00235438	0.00117958
6.28e+06	0.00234717	0.00118026
6.285e+06	0.00233771	0.00117691
6.29e+06	0.00233048	0.00117403
6.295e+06	0.00233169	0.0011711
6.3e+06	0.00232934	0.00116779
6.305e+06	0.00231984	0.00116341
6.31e+06	0.0023091	0.00116166
6.315e+06	0.00230293	0.00116026
6.32e+06	0.00229601	0.0011539
6.325e+06	0.00228895	0.00115154
6.33e+06	0.00228103	0.00114051
6.335e+06	0.00226754	0.00114604
6.34e+06	0.00226666	0.0011577
6.345e+06	0.00226575	0.001162
6.35e+06	0.00226504	0.00116957
6.355e+06	0.00226987	0.00117469
6.36e+06	0.00226836	0.00118085
6.365e+06	0.0022592	0.00117713
6.37e+06	0.00225874	0.00117722
6.375e+06	0.00226023	0.00118249
6.38e+06	0.00225583	0.0011827
6.385e+06	0.00225182	0.00118349
6.39e+06	0.00224529	0.00118351
6.395e+06	0.00224482	0.00117641
6.4e+06	0.00224497	0.00117527
6.405e+06	0.0022456	0.00116957
6.41e+06	0.00223915	0.00117054
6.415e+06	0.00223272	0.00116606
6.42e+06	0.0022336	0.00116194
6.425e+06	0.00223989	0.00116164
6.43e+06	0.00223906	0.00115221
6.435e+06	0.00223245	0.00114108
6.44e+06	0.00223668	0.00113448
6.445e+06	0.0022345	0.00112744
6.45e+06	0.00222997	0.00112858
6.455e+06	0.00223056	0.00112551
6.46e+06	0.00222763	0.00112538
6.465e+06	0.00222558	0.00112529
6.47e+06	0.00222569	0.00112565
6.475e+06	0.00222094	0.00112125
6.48e+06	0.00221415	0.0011246
6.485e+06	0.00220933	0.0011196
6.49e+06	0.00221268	0.00111441
6.495e+06	0.0022118	0.00110958
6.5e+06	0.00220464	0.00110563
6.505e+06	0.00219657	0.00110631
6.51e+06	0.00218543	0.00110953
6.515e+06	0.00218864	0.00111468
6.52e+06	0.00218739	0.00111632
6.525e+06	0.00218689	0.00111659
6.53e+06	0.00219128	0.00112866
6.535e+06	0.00218802	0.00112994
6.54e+06	0.00219216	0.00113418
6.545e+06	0.00219377	0.00113725
6.55e+06	0.0021926	0.00113999
6.555e+06	0.00218742	0.00113271
6.56e+06	0.00217974	0.00112057
6.565e+06	0.00217021	0.00111798
6.57e+06	0.00216446	0.0011125
6.575e+06	0.00215763	0.0011037
6.58e+06	0.00216052	0.00109934
6.585e+06	0.00216351	0.00109732
6.59e+06	0.00216579	0.00109599
6.595e+06	0.00215982	0.0010913
6.6e+06	0.00215566	0.00109434
6.605e+06	0.00215803	0.00109518
6.61e+06	0.00215962	0.00109064
6.615e+06	0.00215893	0.00108325
6.62e+06	0.00215839	0.00108043
6.625e+06	0.00215697	0.0010805
6.63e+06	0.0021557	0.00108292
6.635e+06	0.0021589	0.00107895
6.64e+06	0.00215804	0.00107875
6.645e+06	0.00215863	0.00107697
6.65e+06	0.0021552	0.00107319
6.655e+06	0.00215574	0.00107603
6.66e+06	0.00215048	0.00107405
6.665e+06	0.00215163	0.00107183
6.67e+06	0.00215292	0.00107388
6.675e+06	0.0021525	0.0010737
6.68e+06	0.00215617	0.00107461
6.685e+06	0.00215354	0.00106735
6.69e+06	0.00215733	0.00106166
6.695e+06	0.00215643	0.0010581
6.7e+06	0.00215768	0.00104908
6.705e+06	0.0021583	0.0010476
6.71e+06	0.00215908	0.00104355
6.715e+06	0.00216454	0.00104217
6.72e+06	0.00216473	0.00104222
6.725e+06	0.00216363	0.00104152
6.73e+06	0.00216159	0.00104155
6.735e+06	0.00215913	0.00104452
6.74e+06	0.00215581	0.00104579
6.745e+06	0.00215437	0.00104432
6.75e+06	0.00215553	0.00103647
6.755e+06	0.00215884	0.00102477
6.76e+06	0.00216105	0.00101932
6.765e+06	0.00215621	0.00101208
6.77e+06	0.00215841	0.00100314
6.775e+06	0.00215723	0.000999843
6.78e+06	0.00215914	0.0010031
6.785e+06	0.00216204	0.00100463
6.79e+06	0.00216226	0.00100215
6.795e+06	0.00215892	0.00100007
6.8e+06	0.00216024	0.000995832
6.805e+06	0.00215548	0.000992839
6.81e+06	0.00215457	0.000994692
6.815e+06	0.00215395	0.0009967
6.82e+06	0.00215802	0.000995131
6.825e+06	0.0021601	0.000989461
6.83e+06	0.00215863	0.000985349
6.835e+06	0.0021649	0.00098299
6.84e+06	0.00217045	0.000975616
6.845e+06	0.002169	0.00097679
6.85e+06	0.00216833	0.000978841
6.855e+06	0.00216422	0.000977854
6.86e+06	0.0021658	0.000975286
6.865e+06	0.00216651	0.000971352
6.87e+06	0.00216253	0.00096791
6.875e+06	0.00216819	0.000961513
6.88e+06	0.00216801	0.000957646
6.885e+06	0.00216543	0.000956908
6.89e+06	0.00216401	0.000949144
6.895e+06	0.00216303	0.000944312
6.9e+06	0.00216407	0.00094212
6.905e+06	0.0021646	0.000937833
6.91e+06	0.00216409	0.000939753
6.915e+06	0.00216612	0.000943572
6.92e+06	0.00215892	0.000948037
6.925e+06	0.00215567	0.000955469
6.93e+06	0.00215169	0.000955067
6.935e+06	0.00215479	0.000953612
6.94e+06	0.00215194	0.000954401
6.945e+06	0.00214821	0.000952552
6.95e+06	0.00214629	0.000948731
6.955e+06	0.00214148	0.000948308
6.96e+06	0.00213772	0.000947293
6.965e+06	0.00213322	0.000941319
6.97e+06	0.00212737	0.000938567
6.975e+06	0.002118	0.000938738
6.98e+06	0.00211014	0.000940983
6.985e+06	0.00210312	0.000952447
6.99e+06	0.0021045	0.000955339
6.995e+06	0.00210366	0.000962537
7e+06	0.00210045	0.000962691
7.005e+06	0.00209626	0.000970778
7.01e+06	0.00209631	0.000969805
7.015e+06	0.00209338	0.00097061
7.02e+06	0.00209621	0.000969066
7.025e+06	0.00209772	0.000972905
7.03e+06	0.0020986	0.000974356
7.035e+06	0.00209441	0.000976954
7.04e+06	0.00209516	0.000980255
7.045e+06	0.00209153	0.000979554
7.05e+06	0.00209341	0.000973431
7.055e+06	0.002093	0.000972136
7.06e+06	0.00208802	0.000966041
7.065e+06	0.0020835	0.000963586
7.07e+06	0.00207687	0.000963549
7.075e+06	0.00207309	0.000962481
7.08e+06	0.00207951	0.000960151
7.085e+06	0.00208745	0.00095418
7.09e+06	0.00209704	0.000954159
7.095e+06	0.00210103	0.000956937
7.1e+06	0.00210271	0.00095866
7.105e+06	0.00210602	0.000960013
7.11e+06	0.00211169	0.00096128
7.115e+06	0.00211212	0.000961416
7.12e+06	0.00210828	0.000966318
7.125e+06	0.00210592	0.000966285
7.13e+06	0.00209925	0.000961563
7.135e+06	0.00208718	0.000958538
7.14e+06	0.00207906	0.000955777
7.145e+06	0.00207352	0.000947619
7.15e+06	0.00207722	0.000947438
7.155e+06	0.00207811	0.00095104
7.16e+06	0.00208037	0.000957601
7.165e+06	0.00208203	0.000966724
7.17e+06	0.00208123	0.000978729
7.175e+06	0.00207494	0.000990243
7.18e+06	0.00207322	0.000994098
7.185e+06	0.00207309	0.000999292
7.19e+06	0.00207253	0.00100567
7.195e+06	0.00207031	0.00101362
7.2e+06	0.00206596	0.00101215
7.205e+06	0.00206589	0.00101344
7.21e+06	0.00206993	0.00101549
7.215e+06	0.00206866	0.00101599
7.22e+06	0.0020697	0.00101946
7.225e+06	0.00206935	0.00102073
7.23e+06	0.00206603	0.00101585
7.235e+06	0.00206676	0.00101163
7.24e+06	0.00206625	0.00101227
7.245e+06	0.00206572	0.00101061
7.25e+06	0.00206935	0.00100382
7.255e+06	0.00207122	0.00100031
7.26e+06	0.00207141	0.00100006
7.265e+06	0.00207111	0.00100152
7.27e+06	0.00206932	0.00100343
7.275e+06	0.00206222	0.00100888
7.28e+06	0.00206393	0.00101017
7.285e+06	0.00206473	0.00100774
7.29e+06	0.00206945	0.00100387
7.295e+06	0.00207101	0.000995405
7.3e+06	0.00206637	0.000986421
7.305e+06	0.00206391	0.00098226
7.31e+06	0.00206228	0.000987688
7.315e+06	0.00205741	0.000991456
7.32e+06	0.00205416	0.000994478
7.325e+06	0.00205305	0.000996142
7.33e+06	0.00204636	0.000990209
7.335e+06	0.0020415	0.000984375
7.34e+06	0.00204585	0.000979383
7.345e+06	0.0020419	0.00097763
7.35e+06	0.00204161	0.000977148
7.355e+06	0.00204085	0.000975269
7.36e+06	0.00204483	0.000975189
7.365e+06	0.00204726	0.000975535
7.37e+06	0.00205367	0.0009771
7.375e+06	0.0020463	0.000973847
7.38e+06	0.0020407	0.000971317
7.385e+06	0.00204207	0.000968625
7.39e+06	0.00204404	0.000969622
7.395e+06	0.00204456	0.00096742
7.4e+06	0.00204275	0.000971372
7.405e+06	0.00203899	0.000973404
7.41e+06	0.00203615	0.000971852
7.415e+06	0.00203909	0.000975039
7.42e+06	0.00203888	0.000975593
7.425e+06	0.00204024	0.000978761
7.43e+06	0.00203903	0.000975918
7.435e+06	0.0020381	0.000976051
7.44e+06	0.00204274	0.000976956
7.445e+06	0.00204723	0.00097299
7.45e+06	0.00205567	0.000973111
7.455e+06	0.00206116	0.000972424
7.46e+06	0.00206257	0.000970315
7.465e+06	0.00205976	0.000966233
7.47e+06	0.00205638	0.000960329
7.475e+06	0.0020545	0.000954845
7.48e+06	0.00205406	0.000955407
7.485e+06	0.00205202	0.000957159
7.49e+06	0.00205252	0.00095457
7.495e+06	0.00205249	0.000952338
7.5e+06	0.00204886	0.000955541
7.505e+06	0.0020439	0.000963841
7.51e+06	0.00204131	0.000964992
7.515e+06	0.00204544	0.00096492
7.52e+06	0.0020479	0.000963895
7.525e+06	0.00205586	0.000965593
7.53e+06	0.00206474	0.000962862
7.535e+06	0.00206725	0.000968285
7.54e+06	0.00206273	0.000971311
7.545e+06	0.00205573	0.000979035
7.55e+06	0.00206184	0.000975354
7.555e+06	0.00206438	0.000975367
7.56e+06	0.0020649	0.00097892
7.565e+06	0.00206665	0.000982621
7.57e+06	0.00205955	0.000980371
7.575e+06	0.00205097	0.000982338
7.58e+06	0.00205265	0.000983038
7.585e+06	0.00205206	0.000981055
7.59e+06	0.00204967	0.000981989
7.595e+06	0.00204816	0.000974852
7.6e+06	0.00204382	0.000967586
7.605e+06	0.00204229	0.000964119
7.61e+06	0.00204273	0.000965646
7.615e+06	0.00203774	0.000963878
7.62e+06	0.00204045	0.000964821
7.625e+06	0.00204375	0.00096807
7.63e+06	0.00203869	0.000966692
7.635e+06	0.00203327	0.000970795
7.64e+06	0.00203364	0.000971209
7.645e+06	0.00203181	0.000968453
7.65e+06	0.00203074	0.000966861
7.655e+06	0.00202699	0.000971245
7.66e+06	0.00202021	0.000969419
7.665e+06	0.00201075	0.000965059
7.67e+06	0.00200783	0.000964082
7.675e+06	0.00200859	0.000965474
7.68e+06	0.00200929	0.000972025
7.685e+06	0.0020041	0.000968776
7.69e+06	0.00199739	0.00096327
7.695e+06	0.0019939	0.000954966
7.7e+06	0.00198932	0.000953241
7.705e+06	0.00198991	0.000949471
7.71e+06	0.00198915	0.000945074
7.715e+06	0.001986	0.000942975
7.72e+06	0.00198311	0.000943113
7.725e+06	0.00198253	0.000937464
7.73e+06	0.00198197	0.000932029
7.735e+06	0.00198607	0.000925272
7.74e+06	0.00198659	0.000921583
7.745e+06	0.00198762	0.000919168
7.75e+06	0.00198853	0.00092247
7.755e+06	0.00199126	0.000924769
7.76e+06	0.00199372	0.000926954
7.765e+06	0.00199473	0.000929956
7.77e+06	0.00199546	0.000927054
7.775e+06	0.00199807	0.000923796
7.78e+06	0.00199651	0.000922199
7.785e+06	0.00199367	0.000919661
7.79e+06	0.00199319	0.00092004
7.795e+06	0.0019943	0.000924981
7.8e+06	0.0019969	0.000926848
7.805e+06	0.00199529	0.000926095
7.81e+06	0.00199547	0.000920889
7.815e+06	0.00199127	0.000916445
7.82e+06	0.0019935	0.000916747
7.825e+06	0.00199419	0.000914232
7.83e+06	0.00199045	0.000912589
7.835e+06	0.00198474	0.000906984
7.84e+06	0.0019793	0.000904401
7.845e+06	0.00197286	0.000903048
7.85e+06	0.00197224	0.000906721
7.855e+06	0.00197546	0.000908668
7.86e+06	0.00197179	0.000912165
7.865e+06	0.00196794	0.000915754
7.87e+06	0.0019694	0.000914589
7.875e+06	0.00196924	0.000909496
7.88e+06	0.00197375	0.000908139
7.885e+06	0.00198031	0.000903118
7.89e+06	0.00198393	0.000903832
7.895e+06	0.00198558	0.000897965
7.9e+06	0.00198276	0.000896103
7.905e+06	0.00197461	0.000899799
7.91e+06	0.00196732	0.000900182
7.915e+06	0.00196309	0.000897387
7.92e+06	0.00195785	0.000894448
7.925e+06	0.00195586	0.000899443
7.93e+06	0.00195558	0.000906178
7.935e+06	0.00194965	0.0009101
7.94e+06	0.00194969	0.000907073
7.945e+06	0.00195311	0.000909854
7.95e+06	0.00195041	0.000909243
7.955e+06	0.00194807	0.00090997
7.96e+06	0.0019493	0.000909952
7.965e+06	0.00195279	0.000910084
7.97e+06	0.00195393	0.000914581
7.975e+06	0.0019541	0.000917659
7.98e+06	0.00195892	0.000922771
7.985e+06	0.0019564	0.000923045
7.99e+06	0.00195799	0.000916436
7.995e+06	0.00195874	0.000914863
8e+06	0.0019619	0.000912174
8.005e+06	0.00196056	0.000913486
8.01e+06	0.00196031	0.000917078
8.015e+06	0.00195801	0.000914049
8.02e+06	0.00195366	0.000913485
8.025e+06	0.00195556	0.000910899
8.03e+06	0.00195665	0.000906124
8.035e+06	0.00195839	0.000898453
8.04e+06	0.00196025	0.000896573
8.045e+06	0.00196083	0.000892883
8.05e+06	0.00195815	0.000889563
8.055e+06	0.00195457	0.00089125
8.06e+06	0.00195415	0.000890503
8.065e+06	0.00195645	0.000893696
8.07e+06	0.00195935	0.000903253
8.075e+06	0.00195858	0.00090236
8.08e+06	0.0019584	0.000908987
8.085e+06	0.00195764	0.000910967
8.09e+06	0.00195557	0.000911911
8.095e+06	0.00195598	0.000917012
8.1e+06	0.00195742	0.000925005
8.105e+06	0.00195977	0.000923741
8.11e+06	0.00196177	0.000924877
8.115e+06	0.00195857	0.000918986
8.12e+06	0.00195603	0.000916541
8.125e+06	0.0019571	0.000917508
8.13e+06	0.00195932	0.000918751
8.135e+06	0.00195815	0.000919119
8.14e+06	0.00195747	0.000919046
8.145e+06	0.0019533	0.000922033
8.15e+06	0.0019549	0.000922893
8.155e+06	0.00195454	0.000920223
8.16e+06	0.00195383	0.000920142
8.165e+06	0.00195216	0.00091786
8.17e+06	0.00194251	0.000911979
8.175e+06	0.00193403	0.000904835
8.18e+06	0.0019277	0.000900958
8.185e+06	0.00192728	0.000898506
8.19e+06	0.00192554	0.000897122
8.195e+06	0.00192234	0.000898401
8.2e+06	0.0019213	0.000902028
8.205e+06	0.00191872	0.000903176
8.21e+06	0.00191669	0.000901745
8.215e+06	0.00191564	0.000897972
8.22e+06	0.00191495	0.000892316
8.225e+06	0.0019105	0.000892134
8.23e+06	0.00191104	0.00089301
8.235e+06	0.00190905	0.000896114
8.24e+06	0.00190455	0.000894491
8.245e+06	0.00190805	0.000890424
8.25e+06	0.00190643	0.000887924
8.255e+06	0.00190066	0.000885537
8.26e+06	0.00189799	0.000879015
8.265e+06	0.00189831	0.000878773
8.27e+06	0.00189635	0.000878614
8.275e+06	0.00189351	0.000880581
8.28e+06	0.00189363	0.000884698
8.285e+06	0.00188986	0.000884703
8.29e+06	0.00188496	0.00089182
8.295e+06	0.00188456	0.00088974
8.3e+06	0.00188497	0.000886705
8.305e+06	0.00188465	0.000884406
8.31e+06	0.00188204	0.000880928
8.315e+06	0.00187759	0.000875474
8.32e+06	0.00187783	0.00087678
8.325e+06	0.00188068	0.000873934
8.33e+06	0.00188371	0.000875546
8.335e+06	0.00188794	0.000879254
8.34e+06	0.00188805	0.000881183
8.345e+06	0.00188759	0.000884392
8.35e+06	0.00188541	0.000884854
8.355e+06	0.00188466	0.000881043
8.36e+06	0.00188698	0.000880238
8.365e+06	0.0018838	0.000882176
8.37e+06	0.00188564	0.000882136
8.375e+06	0.00188819	0.000879325
8.38e+06	0.00188478	0.000875861
8.385e+06	0.00188354	0.000873878
8.39e+06	0.00188121	0.000873934
8.395e+06	0.00188171	0.000873499
8.4e+06	0.00188435	0.000876454
8.405e+06	0.0018824	0.000877474
8.41e+06	0.00187825	0.000880067
8.415e+06	0.00188328	0.00087795
8.42e+06	0.00188873	0.000880225
8.425e+06	0.00189298	0.000884938
8.43e+06	0.00189261	0.000887639
8.435e+06	0.00189357	0.000886444
8.44e+06	0.00189904	0.000883973
8.445e+06	0.00189836	0.000879991
8.45e+06	0.001897	0.000880782
8.455e+06	0.0018951	0.000882916
8.46e+06	0.00189368	0.000886925
8.465e+06	0.00189253	0.000883747
8.47e+06	0.0018991	0.000881371
8.475e+06	0.0019058	0.000877713
8.48e+06	0.00190697	0.000876167
8.485e+06	0.00190918	0.000877387
8.49e+06	0.00190724	0.000875774
8.495e+06	0.00190747	0.000872101
8.5e+06	0.00190526	0.000870277
8.505e+06	0.00190545	0.00087446
8.51e+06	0.0019078	0.000875496
8.515e+06	0.00191013	0.000875459
8.52e+06	0.00191105	0.000881406
8.525e+06	0.00190355	0.000882568
8.53e+06	0.00189671	0.000879392
8.535e+06	0.00189261	0.000878727
8.54e+06	0.00188865	0.000873633
8.545e+06	0.00188034	0.000877348
8.55e+06	0.00187774	0.000885672
8.555e+06	0.0018722	0.0008875
8.56e+06	0.0018638	0.000886271
8.565e+06	0.00185866	0.000885451
8.57e+06	0.00185185	0.000883121
8.575e+06	0.00184931	0.000881327
8.58e+06	0.00185012	0.000883504
8.585e+06	0.0018515	0.000888683
8.59e+06	0.00184523	0.000886311
8.595e+06	0.00184175	0.000892538
8.6e+06	0.00184206	0.000894336
8.605e+06	0.0018451	0.000896537
8.61e+06	0.00184319	0.000899189
8.615e+06	0.00184329	0.000900341
8.62e+06	0.00183536	0.000898832
8.625e+06	0.0018325	0.000897313
8.63e+06	0.00182651	0.000890488
8.635e+06	0.00181939	0.000889877
8.64e+06	0.00182057	0.000888611
8.645e+06	0.00181948	0.000883299
8.65e+06	0.00182407	0.000885604
8.655e+06	0.00182111	0.000887485
8.66e+06	0.00181602	0.000888405
8.665e+06	0.00181387	0.000892512
8.67e+06	0.00180703	0.000889938
8.675e+06	0.00180099	0.000885072
8.68e+06	0.0017997	0.000887882
8.685e+06	0.00179781	0.000887121
8.69e+06	0.0017993	0.000888749
8.695e+06	0.00180203	0.000889347
8.7e+06	0.00180191	0.000891151
8.705e+06	0.00180007	0.000893275
8.71e+06	0.00179383	0.000896592
8.715e+06	0.00179217	0.00089752
8.72e+06	0.00179366	0.000895067
8.725e+06	0.00179307	0.000892654
8.73e+06	0.00179127	0.000893715
8.735e+06	0.00178695	0.000890558
8.74e+06	0.00178368	0.000889884
8.745e+06	0.00178306	0.000888881
8.75e+06	0.00178551	0.000891482
8.755e+06	0.00178511	0.000893847
8.76e+06	0.00178589	0.000893482
8.765e+06	0.00178786	0.000895715
8.77e+06	0.0017822	0.000890592
8.775e+06	0.00177943	0.000888427
8.78e+06	0.00177684	0.000890648
8.785e+06	0.001781	0.000899264
8.79e+06	0.00178247	0.000901032
8.795e+06	0.00178303	0.000896013
8.8e+06	0.00178084	0.000893519
8.805e+06	0.00178434	0.000888756
8.81e+06	0.0017882	0.000887521
8.815e+06	0.00179011	0.000886849
8.82e+06	0.00179798	0.000889606
8.825e+06	0.00179883	0.000886177
8.83e+06	0.00179909	0.000887676
8.835e+06	0.0017984	0.000887744
8.84e+06	0.00179449	0.000885215
8.845e+06	0.00179404	0.000882719
8.85e+06	0.00179458	0.000879854
8.855e+06	0.00179683	0.000883197
8.86e+06	0.00179579	0.000884566
8.865e+06	0.00179835	0.00088325
8.87e+06	0.00180365	0.000884842
8.875e+06	0.0018041	0.000881622
8.88e+06	0.00180281	0.000883041
8.885e+06	0.00179985	0.000881132
8.89e+06	0.00179787	0.000886009
8.895e+06	0.00179461	0.000885169
8.9e+06	0.00179339	0.000880272
8.905e+06	0.00179392	0.000883541
8.91e+06	0.00179494	0.000886522
8.915e+06	0.00179867	0.000892881
8.92e+06	0.00179578	0.000894109
8.925e+06	0.00178495	0.000889821
8.93e+06	0.00177919	0.000888884
8.935e+06	0.00177521	0.000893383
8.94e+06	0.00177301	0.000894774
8.945e+06	0.00177559	0.000895472
8.95e+06	0.00177711	0.000896635
8.955e+06	0.00177422	0.000896795
8.96e+06	0.00176807	0.000901495
8.965e+06	0.00177115	0.000904168
8.97e+06	0.0017747	0.000902384
8.975e+06	0.00177579	0.000897363
8.98e+06	0.00177581	0.000897864
8.985e+06	0.00177147	0.000896434
8.99e+06	0.00176622	0.00089221
8.995e+06	0.00176188	0.000893124
9e+06	0.00175697	0.0008984
9.005e+06	0.00175233	0.000899637
9.01e+06	0.00175409	0.000902787
9.015e+06	0.00175492	0.000904613
9.02e+06	0.00175406	0.000905642
9.025e+06	0.0017554	0.000901478
9.03e+06	0.00175589	0.000896542
9.035e+06	0.00175582	0.000897378
9.04e+06	0.00175364	0.000897338
9.045e+06	0.00175134	0.000893635
9.05e+06	0.00174973	0.000893177
9.055e+06	0.00174835	0.000891329
9.06e+06	0.00175105	0.000888246
9.065e+06	0.00175355	0.000885703
9.07e+06	0.00175586	0.000884321
9.075e+06	0.00175931	0.000882371
9.08e+06	0.00175586	0.000882284
9.085e+06	0.00175922	0.000880782
9.09e+06	0.00176188	0.000885262
9.095e+06	0.00176166	0.000884506
9.1e+06	0.00176145	0.000881926
9.105e+06	0.00175956	0.000882762
9.11e+06	0.00176258	0.000880009
9.115e+06	0.00176121	0.000882764
9.12e+06	0.00176229	0.000886248
9.125e+06	0.00176385	0.000889041
9.13e+06	0.00176718	0.000888313
9.135e+06	0.00176857	0.000891263
9.14e+06	0.00177204	0.000892437
9.145e+06	0.00177142	0.000888163
9.15e+06	0.00177348	0.000892028
9.155e+06	0.00177892	0.000889748
9.16e+06	0.00177956	0.000891411
9.165e+06	0.00178023	0.000889253
9.17e+06	0.00177782	0.000887718
9.175e+06	0.00178224	0.000890498
9.18e+06	0.00178488	0.000892165
9.185e+06	0.00178549	0.000889327
9.19e+06	0.00178701	0.000885833
9.195e+06	0.0017856	0.000882944
9.2e+06	0.00178548	0.000882525
9.205e+06	0.00178711	0.000883534
9.21e+06	0.00178886	0.000882832
9.215e+06	0.00178712	0.000879874
9.22e+06	0.00178939	0.000878708
9.225e+06	0.00179122	0.000880537
9.23e+06	0.00178872	0.000882443
9.235e+06	0.00178495	0.000880243
9.24e+06	0.00178235	0.000875673
9.245e+06	0.00177668	0.000870529
9.25e+06	0.00177181	0.000873121
9.255e+06	0.00176892	0.000876453
9.26e+06	0.00177027	0.000875863
9.265e+06	0.00176866	0.000877032
9.27e+06	0.00176183	0.000877399
9.275e+06	0.00176039	0.000880902
9.28e+06	0.00175521	0.000882299
9.285e+06	0.00174938	0.000886375
9.29e+06	0.00174606	0.000889487
9.295e+06	0.00174836	0.000892452
9.3e+06	0.00174565	0.000893523
9.305e+06	0.00174786	0.000893165
9.31e+06	0.00174927	0.000894766
9.315e+06	0.00175177	0.000897796
9.32e+06	0.00175114	0.000892023
9.325e+06	0.00175057	0.000888199
9.33e+06	0.00174845	0.000887478
9.335e+06	0.00174327	0.000887255
9.34e+06	0.0017411	0.000886377
9.345e+06	0.00174441	0.000883379
9.35e+06	0.00174332	0.000881731
9.355e+06	0.00174236	0.000879407
9.36e+06	0.0017379	0.000877137
9.365e+06	0.00173889	0.000876521
9.37e+06	0.00174017	0.0008781
9.375e+06	0.00173808	0.000878169
9.38e+06	0.00173504	0.0008776
9.385e+06	0.00173131	0.000873393
9.39e+06	0.00172771	0.000875305
9.395e+06	0.00172593	0.0008784
9.4e+06	0.00172664	0.000880589
9.405e+06	0.00172474	0.000882774
9.41e+06	0.00171872	0.00087965
9.415e+06	0.00171728	0.000875552
9.42e+06	0.00171503	0.000878293
9.425e+06	0.00171388	0.000880217
9.43e+06	0.00171616	0.000878303
9.435e+06	0.00171383	0.00087525
9.44e+06	0.00171612	0.000873343
9.445e+06	0.00171213	0.000870288
9.45e+06	0.00170573	0.000866995
9.455e+06	0.00170976	0.000863221
9.46e+06	0.00171182	0.000862263
9.465e+06	0.00170954	0.000862833
9.47e+06	0.00171117	0.000862584
9.475e+06	0.00171118	0.000865718
9.48e+06	0.0017114	0.000868289
9.485e+06	0.00170727	0.000866407
9.49e+06	0.00170852	0.000866176
9.495e+06	0.00170807	0.000867228
9.5e+06	0.00170904	0.000870585
9.505e+06	0.00170522	0.000872239
9.51e+06	0.00170454	0.000868306
9.515e+06	0.00170497	0.000862885
9.52e+06	0.00170241	0.000860637
9.525e+06	0.00170124	0.000861857
9.53e+06	0.00170495	0.000861336
9.535e+06	0.00170678	0.000864466
9.54e+06	0.00170833	0.000861921
9.545e+06	0.00170357	0.000860192
9.55e+06	0.00169834	0.000856087
9.555e+06	0.00169587	0.000852812
9.56e+06	0.00169659	0.000851913
9.565e+06	0.0016992	0.000855146
9.57e+06	0.00169888	0.000854676
9.575e+06	0.0016984	0.00085433
9.58e+06	0.00169438	0.000855345
9.585e+06	0.00169694	0.000857403
9.59e+06	0.00169735	0.00086457
9.595e+06	0.00169482	0.000867419
9.6e+06	0.00169544	0.000866613
9.605e+06	0.00169277	0.000864015
9.61e+06	0.00169058	0.000861173
9.615e+06	0.00169167	0.000862828
9.62e+06	0.00169012	0.000863214
9.625e+06	0.00169269	0.000863672
9.63e+06	0.00169152	0.000864727
9.635e+06	0.00169174	0.000859924
9.64e+06	0.00169317	0.000853782
9.645e+06	0.00169427	0.000855378
9.65e+06	0.00169593	0.000852449
9.655e+06	0.00169638	0.000856361
9.66e+06	0.0016978	0.000847543
9.665e+06	0.00169643	0.000841354
9.67e+06	0.0016949	0.000839051
9.675e+06	0.00169261	0.000836441
9.68e+06	0.00169006	0.00083471
9.685e+06	0.00169392	0.000833369
9.69e+06	0.00169285	0.000837482
9.695e+06	0.00169346	0.000840336
9.7e+06	0.00169505	0.000844112
9.705e+06	0.00169392	0.000843925
9.71e+06	0.00169857	0.000842123
9.715e+06	0.00169888	0.000841958
9.72e+06	0.00169822	0.000843111
9.725e+06	0.00169602	0.000850222
9.73e+06	0.00169497	0.000851541
9.735e+06	0.00169468	0.000851016
9.74e+06	0.00169063	0.000846715
9.745e+06	0.00169129	0.000844741
9.75e+06	0.00168975	0.000843272
9.755e+06	0.00168629	0.000836167
9.76e+06	0.00167832	0.00083072
9.765e+06	0.0016735	0.000828658
9.77e+06	0.00166868	0.000827136
9.775e+06	0.00166577	0.000824691
9.78e+06	0.00166891	0.000826507
9.785e+06	0.00167174	0.000824813
9.79e+06	0.00167283	0.000823509
9.795e+06	0.00167262	0.000821014
9.8e+06	0.00167273	0.000819909
9.805e+06	0.00167343	0.000817473
9.81e+06	0.00167461	0.000815976
9.815e+06	0.00167694	0.000809177
9.82e+06	0.00168024	0.00080679
9.825e+06	0.00168333	0.000805337
9.83e+06	0.00168217	0.000806133
9.835e+06	0.0016789	0.000805437
9.84e+06	0.00167919	0.000804013
9.845e+06	0.00168116	0.000803212
9.85e+06	0.00168198	0.000799842
9.855e+06	0.00167813	0.000798818
9.86e+06	0.00167414	0.000799801
9.865e+06	0.00166927	0.000798923
9.87e+06	0.00166383	0.000798575
9.875e+06	0.00165405	0.000799918
9.88e+06	0.00164973	0.000797092
9.885e+06	0.00165423	0.000796207
9.89e+06	0.00165727	0.000794653
9.895e+06	0.00165258	0.000793963
9.9e+06	0.00164764	0.000792947
9.905e+06	0.00164632	0.00079407
9.91e+06	0.00164115	0.00078804
9.915e+06	0.00164173	0.000782943
9.92e+06	0.0016466	0.000777581
9.925e+06	0.00164733	0.000772312
9.93e+06	0.00164721	0.00076639
9.935e+06	0.00164822	0.000767797
9.94e+06	0.00165098	0.000767164
9.945e+06	0.0016525	0.000768312
9.95e+06	0.00165171	0.000768764
9.955e+06	0.00164952	0.000761697
9.96e+06	0.0016482	0.000753863
9.965e+06	0.0016486	0.000751899
9.97e+06	0.00164954	0.000748056
9.975e+06	0.00164885	0.000744842
9.98e+06	0.00164187	0.000741839
9.985e+06	0.00163963	0.00073771
9.99e+06	0.00163846	0.000735697
9.995e+06	0.00163998	0.000732468
1e+07	0.00163922	0.000731422
