1000	1.40412
2000	0.989046
3000	2.41748
4000	3.73368
5000	4.88257
6000	6.00708
7000	7.02241
8000	7.98034
9000	8.92584
10000	9.81682
11000	10.7185
12000	11.5394
13000	12.3175
14000	13.1036
15000	13.7985
16000	14.5884
17000	15.3616
18000	16.0704
19000	16.7629
20000	17.3745
21000	18.0842
22000	18.757
23000	19.4605
24000	20.1186
25000	20.7534
26000	21.3909
27000	21.9859
28000	22.529
29000	23.1014
30000	23.6953
31000	24.3171
32000	24.8917
33000	25.4429
34000	26.0201
35000	26.5297
36000	27.1181
37000	27.5919
38000	28.123
39000	28.6468
40000	29.1793
41000	29.7451
42000	30.2353
43000	30.7553
44000	31.2671
45000	31.7625
46000	32.3161
47000	32.8315
48000	33.3648
49000	33.8585
50000	34.3012
51000	34.8231
52000	35.3118
53000	35.7858
54000	36.2373
55000	36.7554
56000	37.2453
57000	37.7388
58000	38.1601
59000	38.6267
60000	39.1362
61000	39.6222
62000	40.0694
63000	40.461
64000	40.9524
65000	41.3803
66000	41.8309
67000	42.2588
68000	42.6542
69000	43.0249
70000	43.4097
71000	43.8109
72000	44.2009
73000	44.6254
74000	45.0462
75000	45.3898
76000	45.8181
77000	46.2402
78000	46.6054
79000	46.9887
80000	47.3108
81000	47.6836
82000	48.0256
83000	48.3633
84000	48.7087
85000	49.0698
86000	49.3841
87000	49.6971
88000	50.0542
89000	50.372
90000	50.6515
91000	50.9343
92000	51.2549
93000	51.4252
94000	51.5111
95000	51.7586
96000	51.8899
97000	52.0624
98000	52.222
99000	52.4196
100000	52.6334
110000	52.9739
120000	51.4961
130000	48.9276
140000	46.1554
150000	43.5509
160000	40.8111
170000	39.3404
180000	39.0126
190000	38.7182
200000	38.5083
210000	38.3071
220000	38.3791
230000	38.5177
240000	37.5848
250000	37.4125
260000	37.4979
270000	37.2284
280000	37.4195
290000	36.7732
300000	36.1944
310000	35.7326
320000	34.4905
330000	32.318
340000	29.6933
350000	27.0527
360000	23.5861
370000	20.603
380000	18.0773
390000	16.2443
400000	14.9811
410000	13.7573
420000	12.6779
430000	11.4963
440000	9.98696
450000	8.81222
460000	7.81081
470000	6.95041
480000	6.49067
490000	5.93187
500000	5.20097
510000	4.62567
520000	4.0825
530000	3.6478
540000	3.30928
550000	2.99584
560000	2.69153
570000	2.30251
580000	2.08576
590000	1.81268
600000	1.64099
610000	1.50733
620000	1.30283
630000	1.14365
640000	1.01555
650000	0.931151
660000	0.808789
670000	0.758259
680000	0.658175
690000	0.628809
700000	0.545498
710000	0.496727
720000	0.428995
730000	0.365232
740000	0.318624
750000	0.282501
760000	0.247519
770000	0.215008
780000	0.186602
790000	0.161942
800000	0.153784
810000	0.137056
820000	0.124967
830000	0.121244
840000	0.112233
850000	0.0981843
860000	0.090998
870000	0.0844549
880000	0.0780767
890000	0.0783363
900000	0.0725508
910000	0.0673947
920000	0.0613988
930000	0.0581242
940000	0.0556909
950000	0.0527448
960000	0.0487602
970000	0.0469036
980000	0.0455732
990000	0.0428942
1e+06	0.0398794
1.01e+06	0.037675
1.02e+06	0.0357126
1.03e+06	0.0323044
1.04e+06	0.029242
1.05e+06	0.0284596
1.06e+06	0.0273868
1.07e+06	0.0265935
1.08e+06	0.0246591
1.09e+06	0.0220651
1.1e+06	0.0215382
1.11e+06	0.0200829
1.12e+06	0.0188309
1.13e+06	0.0185052
1.14e+06	0.018202
1.15e+06	0.0183237
1.16e+06	0.0178338
1.17e+06	0.017878
1.18e+06	0.0174484
1.19e+06	0.0162083
1.2e+06	0.0163579
1.21e+06	0.0162154
1.22e+06	0.0156893
1.23e+06	0.0153483
1.24e+06	0.0143096
1.25e+06	0.0137659
1.26e+06	0.0133251
1.27e+06	0.0128916
1.28e+06	0.0127007
1.29e+06	0.013017
1.3e+06	0.0133126
1.31e+06	0.0129057
1.32e+06	0.0125857
1.33e+06	0.012053
1.34e+06	0.0123081
1.35e+06	0.0123566
1.36e+06	0.0125775
1.37e+06	0.012288
1.38e+06	0.0122496
1.39e+06	0.0121912
1.4e+06	0.0122672
1.41e+06	0.0125065
1.42e+06	0.012079
1.43e+06	0.0117091
1.44e+06	0.0117703
1.45e+06	0.0114778
1.46e+06	0.0117139
1.47e+06	0.0117733
1.48e+06	0.0119616
1.49e+06	0.0118115
1.5e+06	0.0119345
1.51e+06	0.0122848
1.52e+06	0.0121016
1.53e+06	0.0117536
1.54e+06	0.0117592
1.55e+06	0.0119201
1.56e+06	0.0116102
1.57e+06	0.0113965
1.58e+06	0.0112902
1.59e+06	0.0112437
1.6e+06	0.0113651
1.61e+06	0.0114087
1.62e+06	0.0115349
1.63e+06	0.0114919
1.64e+06	0.0112332
1.65e+06	0.0112569
1.66e+06	0.0111151
1.67e+06	0.0110082
1.68e+06	0.0107941
1.69e+06	0.0106754
1.7e+06	0.0108763
1.71e+06	0.010897
1.72e+06	0.0108669
1.73e+06	0.0107126
1.74e+06	0.0105355
1.75e+06	0.0104592
1.76e+06	0.0103462
1.77e+06	0.0102577
1.78e+06	0.0101691
1.79e+06	0.00998544
1.8e+06	0.00998703
1.81e+06	0.0101334
1.82e+06	0.0100369
1.83e+06	0.00995325
1.84e+06	0.00978228
1.85e+06	0.00977635
1.86e+06	0.00962001
1.87e+06	0.00954755
1.88e+06	0.00950783
1.89e+06	0.009343
1.9e+06	0.00936229
1.91e+06	0.00937846
1.92e+06	0.00931273
1.93e+06	0.00910268
1.94e+06	0.00889377
1.95e+06	0.00868538
1.96e+06	0.00847269
1.97e+06	0.00840427
1.98e+06	0.00798959
1.99e+06	0.0077224
2e+06	0.00755338
2.01e+06	0.0074171
2.02e+06	0.00731839
2.03e+06	0.00721346
2.04e+06	0.00715582
2.05e+06	0.00705103
2.06e+06	0.00690418
2.07e+06	0.00668552
2.08e+06	0.00653435
2.09e+06	0.00649253
2.1e+06	0.00645518
2.11e+06	0.00635686
2.12e+06	0.00617621
2.13e+06	0.00620903
2.14e+06	0.00624155
2.15e+06	0.00611544
2.16e+06	0.00601395
2.17e+06	0.00604257
2.18e+06	0.00593184
2.19e+06	0.00583874
2.2e+06	0.00582921
2.21e+06	0.00568139
2.22e+06	0.00563394
2.23e+06	0.00574588
2.24e+06	0.0057847
2.25e+06	0.00576753
2.26e+06	0.00588768
2.27e+06	0.00591305
2.28e+06	0.005863
2.29e+06	0.0056853
2.3e+06	0.00563756
2.31e+06	0.00560865
2.32e+06	0.0056074
2.33e+06	0.00559023
2.34e+06	0.00559244
2.35e+06	0.00556796
2.36e+06	0.00556726
2.37e+06	0.00553093
2.38e+06	0.00554995
2.39e+06	0.00550369
2.4e+06	0.0055219
2.41e+06	0.00556024
2.42e+06	0.00552502
2.43e+06	0.00564578
2.44e+06	0.00561328
2.45e+06	0.00559117
2.46e+06	0.00550662
2.47e+06	0.00548081
2.48e+06	0.00545772
2.49e+06	0.00547046
2.5e+06	0.00550193
2.51e+06	0.00549355
2.52e+06	0.00552427
2.53e+06	0.00543862
2.54e+06	0.00547536
2.55e+06	0.00545851
2.56e+06	0.00550889
2.57e+06	0.00553595
2.58e+06	0.00556114
2.59e+06	0.00557814
2.6e+06	0.00558355
2.61e+06	0.00559022
2.62e+06	0.00555704
2.63e+06	0.00550914
2.64e+06	0.00553828
2.65e+06	0.00544499
2.66e+06	0.00541141
2.67e+06	0.00546406
2.68e+06	0.00544039
2.69e+06	0.00543815
2.7e+06	0.00551221
2.71e+06	0.00563218
2.72e+06	0.00565977
2.73e+06	0.00565006
2.74e+06	0.00566559
2.75e+06	0.00562486
2.76e+06	0.00559754
2.77e+06	0.00560605
2.78e+06	0.00553971
2.79e+06	0.00553194
2.8e+06	0.00556876
2.81e+06	0.00563693
2.82e+06	0.00564638
2.83e+06	0.00560527
2.84e+06	0.00556632
2.85e+06	0.00556808
2.86e+06	0.00554507
2.87e+06	0.00545371
2.88e+06	0.00539283
2.89e+06	0.0053334
2.9e+06	0.00532434
2.91e+06	0.00535468
2.92e+06	0.00539634
2.93e+06	0.00539555
2.94e+06	0.00540919
2.95e+06	0.00541555
2.96e+06	0.00536021
2.97e+06	0.00537207
2.98e+06	0.00531888
2.99e+06	0.00532496
3e+06	0.0053568
3.01e+06	0.00539577
3.02e+06	0.00538509
3.03e+06	0.00539202
3.04e+06	0.00543
3.05e+06	0.00540472
3.06e+06	0.00535579
3.07e+06	0.00537653
3.08e+06	0.00544528
3.09e+06	0.00549579
3.1e+06	0.00554332
3.11e+06	0.00556243
3.12e+06	0.0055536
3.13e+06	0.00551961
3.14e+06	0.00552211
3.15e+06	0.00552697
3.16e+06	0.00559865
3.17e+06	0.00562767
3.18e+06	0.00564077
3.19e+06	0.00568445
3.2e+06	0.00565315
3.21e+06	0.00565448
3.22e+06	0.00559809
3.23e+06	0.00561289
3.24e+06	0.00559432
3.25e+06	0.00558652
3.26e+06	0.00555299
3.27e+06	0.0055154
3.28e+06	0.00545435
3.29e+06	0.0054277
3.3e+06	0.00533617
3.31e+06	0.00529751
3.32e+06	0.00525393
3.33e+06	0.0052541
3.34e+06	0.005196
3.35e+06	0.00518285
3.36e+06	0.00524282
3.37e+06	0.00526274
3.38e+06	0.00530546
3.39e+06	0.00525784
3.4e+06	0.00523873
3.41e+06	0.00515582
3.42e+06	0.00512681
3.43e+06	0.00512366
3.44e+06	0.00514861
3.45e+06	0.00515144
3.46e+06	0.00513323
3.47e+06	0.00507969
3.48e+06	0.00504898
3.49e+06	0.00503279
3.5e+06	0.00502446
3.51e+06	0.0050439
3.52e+06	0.00501507
3.53e+06	0.00500259
3.54e+06	0.0049871
3.55e+06	0.00499372
3.56e+06	0.00495815
3.57e+06	0.00497631
3.58e+06	0.00498835
3.59e+06	0.00497592
3.6e+06	0.00494723
3.61e+06	0.00492015
3.62e+06	0.00489654
3.63e+06	0.00486698
3.64e+06	0.00492554
3.65e+06	0.00493898
3.66e+06	0.00491729
3.67e+06	0.00491772
3.68e+06	0.0048974
3.69e+06	0.00487455
3.7e+06	0.00489067
3.71e+06	0.00488597
3.72e+06	0.00487746
3.73e+06	0.00489405
3.74e+06	0.00487654
3.75e+06	0.00487772
3.76e+06	0.00482348
3.77e+06	0.00478592
3.78e+06	0.00478082
3.79e+06	0.0047331
3.8e+06	0.00471295
3.81e+06	0.00470593
3.82e+06	0.00466962
3.83e+06	0.00469143
3.84e+06	0.00467952
3.85e+06	0.00466489
3.86e+06	0.00465883
3.87e+06	0.00467792
3.88e+06	0.00468421
3.89e+06	0.00467322
3.9e+06	0.00465571
3.91e+06	0.00468053
3.92e+06	0.00471166
3.93e+06	0.00471458
3.94e+06	0.00468594
3.95e+06	0.00468262
3.96e+06	0.00470612
3.97e+06	0.00467819
3.98e+06	0.00468574
3.99e+06	0.00470381
4e+06	0.0046863
4.01e+06	0.00465413
4.02e+06	0.0045944
4.03e+06	0.00454443
4.04e+06	0.00448835
4.05e+06	0.00447767
4.06e+06	0.00445717
4.07e+06	0.00442869
4.08e+06	0.00438077
4.09e+06	0.0043453
4.1e+06	0.00434257
4.11e+06	0.00430078
4.12e+06	0.00429649
4.13e+06	0.00429525
4.14e+06	0.00434243
4.15e+06	0.00434732
4.16e+06	0.00433983
4.17e+06	0.00434396
4.18e+06	0.00433113
4.19e+06	0.00430899
4.2e+06	0.0043227
4.21e+06	0.0043125
4.22e+06	0.00427744
4.23e+06	0.00424825
4.24e+06	0.00422129
4.25e+06	0.00421777
4.26e+06	0.00420836
4.27e+06	0.00416148
4.28e+06	0.0041476
4.29e+06	0.00414343
4.3e+06	0.00412247
4.31e+06	0.00410092
4.32e+06	0.00407648
4.33e+06	0.00407165
4.34e+06	0.00400804
4.35e+06	0.00394998
4.36e+06	0.00392898
4.37e+06	0.00390459
4.38e+06	0.00389545
4.39e+06	0.00389594
4.4e+06	0.00389861
4.41e+06	0.00389831
4.42e+06	0.00393126
4.43e+06	0.00394826
4.44e+06	0.00390229
4.45e+06	0.00389695
4.46e+06	0.00391909
4.47e+06	0.00390144
4.48e+06	0.00389413
4.49e+06	0.00389185
4.5e+06	0.00387377
4.51e+06	0.00387942
4.52e+06	0.00387394
4.53e+06	0.00386477
4.54e+06	0.00385938
4.55e+06	0.00384142
4.56e+06	0.00381883
4.57e+06	0.00379819
4.58e+06	0.00377034
4.59e+06	0.00379632
4.6e+06	0.00378449
4.61e+06	0.00378955
4.62e+06	0.00381631
4.63e+06	0.00378422
4.64e+06	0.00376815
4.65e+06	0.00374647
4.66e+06	0.00372541
4.67e+06	0.00370318
4.68e+06	0.00369337
4.69e+06	0.00371393
4.7e+06	0.00372875
4.71e+06	0.0036906
4.72e+06	0.00370992
4.73e+06	0.00373276
4.74e+06	0.00373841
4.75e+06	0.00374725
4.76e+06	0.00374711
4.77e+06	0.00375041
4.78e+06	0.00376454
4.79e+06	0.00375509
4.8e+06	0.00376749
4.81e+06	0.00376539
4.82e+06	0.00376006
4.83e+06	0.00376988
4.84e+06	0.00378158
4.85e+06	0.00379639
4.86e+06	0.0038246
4.87e+06	0.00386148
4.88e+06	0.00389845
4.89e+06	0.00389038
4.9e+06	0.00387871
4.91e+06	0.00389414
4.92e+06	0.00389586
4.93e+06	0.00387072
4.94e+06	0.00383913
4.95e+06	0.00383585
4.96e+06	0.00381316
4.97e+06	0.00379071
4.98e+06	0.00377995
4.99e+06	0.00373697
5e+06	0.00372805
5.01e+06	0.00370118
5.02e+06	0.00368805
5.03e+06	0.00371899
5.04e+06	0.00371862
5.05e+06	0.00372155
5.06e+06	0.00370772
5.07e+06	0.00372009
5.08e+06	0.00369292
5.09e+06	0.00370087
5.1e+06	0.00370931
5.11e+06	0.00370482
5.12e+06	0.00369183
5.13e+06	0.00367664
5.14e+06	0.00367254
5.15e+06	0.00367915
5.16e+06	0.00366292
5.17e+06	0.00365192
5.18e+06	0.00360741
5.19e+06	0.00356297
5.2e+06	0.00354922
5.21e+06	0.00351836
5.22e+06	0.00349846
5.23e+06	0.00347365
5.24e+06	0.00345184
5.25e+06	0.00345051
5.26e+06	0.00343482
5.27e+06	0.0033984
5.28e+06	0.00340035
5.29e+06	0.00338847
5.3e+06	0.00338323
5.31e+06	0.00335959
5.32e+06	0.00332816
5.33e+06	0.00330087
5.34e+06	0.00329219
5.35e+06	0.00329579
5.36e+06	0.00330329
5.37e+06	0.00331223
5.38e+06	0.00327888
5.39e+06	0.00326204
5.4e+06	0.00325536
5.41e+06	0.0032373
5.42e+06	0.00319478
5.43e+06	0.00315599
5.44e+06	0.00312982
5.45e+06	0.00312093
5.46e+06	0.00310805
5.47e+06	0.00309684
5.48e+06	0.00307876
5.49e+06	0.00306001
5.5e+06	0.00306384
5.51e+06	0.00304101
5.52e+06	0.00302291
5.53e+06	0.00300138
5.54e+06	0.00299527
5.55e+06	0.00298198
5.56e+06	0.00296741
5.57e+06	0.00297441
5.58e+06	0.00294904
5.59e+06	0.00295881
5.6e+06	0.00296
5.61e+06	0.00294413
5.62e+06	0.0029221
5.63e+06	0.00291222
5.64e+06	0.00289296
5.65e+06	0.00289239
5.66e+06	0.00288049
5.67e+06	0.00283838
5.68e+06	0.00282435
5.69e+06	0.00279476
5.7e+06	0.00276786
5.71e+06	0.0027456
5.72e+06	0.00274007
5.73e+06	0.0027394
5.74e+06	0.00275575
5.75e+06	0.00275109
5.76e+06	0.00272946
5.77e+06	0.0027346
5.78e+06	0.00272435
5.79e+06	0.00269774
5.8e+06	0.00269473
5.81e+06	0.00268199
5.82e+06	0.00265995
5.83e+06	0.00267259
5.84e+06	0.00266831
5.85e+06	0.00267555
5.86e+06	0.00267837
5.87e+06	0.00265914
5.88e+06	0.00265475
5.89e+06	0.00266101
5.9e+06	0.00265014
5.91e+06	0.00263128
5.92e+06	0.00263005
5.93e+06	0.00260129
5.94e+06	0.0025818
5.95e+06	0.0025697
5.96e+06	0.00255748
5.97e+06	0.00254468
5.98e+06	0.00255075
5.99e+06	0.00254537
6e+06	0.00254835
6.01e+06	0.00254212
6.02e+06	0.00255394
6.03e+06	0.00253395
6.04e+06	0.00253093
6.05e+06	0.00251843
6.06e+06	0.00250415
6.07e+06	0.00249647
6.08e+06	0.00248618
6.09e+06	0.00249002
6.1e+06	0.00249219
6.11e+06	0.00248071
6.12e+06	0.00246685
6.13e+06	0.00245621
6.14e+06	0.00241738
6.15e+06	0.00239295
6.16e+06	0.00237102
6.17e+06	0.00236329
6.18e+06	0.00233944
6.19e+06	0.00233733
6.2e+06	0.00233368
6.21e+06	0.00234976
6.22e+06	0.00235932
6.23e+06	0.0023667
6.24e+06	0.0023505
6.25e+06	0.00233759
6.26e+06	0.00231751
6.27e+06	0.00231179
6.28e+06	0.00229725
6.29e+06	0.00227422
6.3e+06	0.00227106
6.31e+06	0.00224048
6.32e+06	0.00222164
6.33e+06	0.00222306
6.34e+06	0.00220969
6.35e+06	0.00220849
6.36e+06	0.00221394
6.37e+06	0.00221067
6.38e+06	0.00219449
6.39e+06	0.00219377
6.4e+06	0.00220204
6.41e+06	0.00219421
6.42e+06	0.00219811
6.43e+06	0.00218398
6.44e+06	0.002181
6.45e+06	0.00217639
6.46e+06	0.00215848
6.47e+06	0.00212676
6.48e+06	0.00211961
6.49e+06	0.00211427
6.5e+06	0.00208381
6.51e+06	0.00207414
6.52e+06	0.00206632
6.53e+06	0.00205454
6.54e+06	0.00204353
6.55e+06	0.00201466
6.56e+06	0.00200888
6.57e+06	0.00201291
6.58e+06	0.00201214
6.59e+06	0.00201537
6.6e+06	0.0020122
6.61e+06	0.00199379
6.62e+06	0.0019722
6.63e+06	0.00195049
6.64e+06	0.00193614
6.65e+06	0.00192714
6.66e+06	0.00193616
6.67e+06	0.00192115
6.68e+06	0.00191495
6.69e+06	0.00191656
6.7e+06	0.0019233
6.71e+06	0.00192515
6.72e+06	0.00191774
6.73e+06	0.00190866
6.74e+06	0.00190801
6.75e+06	0.00189392
6.76e+06	0.00190402
6.77e+06	0.00190326
6.78e+06	0.00190369
6.79e+06	0.00190906
6.8e+06	0.00191559
6.81e+06	0.00191863
6.82e+06	0.00193076
6.83e+06	0.0019399
6.84e+06	0.00195351
6.85e+06	0.00194154
6.86e+06	0.00194313
6.87e+06	0.00195151
6.88e+06	0.0019583
6.89e+06	0.00194399
6.9e+06	0.00193688
6.91e+06	0.00192532
6.92e+06	0.00190462
6.93e+06	0.00189434
6.94e+06	0.00188593
6.95e+06	0.00189181
6.96e+06	0.0018807
6.97e+06	0.00187329
6.98e+06	0.00188277
6.99e+06	0.00189334
7e+06	0.00189116
7.01e+06	0.0018864
7.02e+06	0.00188861
7.03e+06	0.00188065
7.04e+06	0.00186373
7.05e+06	0.0018667
7.06e+06	0.00186287
7.07e+06	0.00185731
7.08e+06	0.00185772
7.09e+06	0.00184732
7.1e+06	0.00184773
7.11e+06	0.00183336
7.12e+06	0.00183072
7.13e+06	0.00183134
7.14e+06	0.00183393
7.15e+06	0.00182789
7.16e+06	0.00183555
7.17e+06	0.00182488
7.18e+06	0.00183778
7.19e+06	0.00184952
7.2e+06	0.00185637
7.21e+06	0.00186371
7.22e+06	0.00187226
7.23e+06	0.00186717
7.24e+06	0.00187578
7.25e+06	0.00187964
7.26e+06	0.00188505
7.27e+06	0.00190183
7.28e+06	0.00190586
7.29e+06	0.00191326
7.3e+06	0.00192067
7.31e+06	0.00193029
7.32e+06	0.00193471
7.33e+06	0.00194243
7.34e+06	0.00195838
7.35e+06	0.00193907
7.36e+06	0.001937
7.37e+06	0.00193752
7.38e+06	0.00193941
7.39e+06	0.00194708
7.4e+06	0.00196313
7.41e+06	0.00197045
7.42e+06	0.00196312
7.43e+06	0.00196223
7.44e+06	0.00195973
7.45e+06	0.00195812
7.46e+06	0.00196294
7.47e+06	0.00195794
7.48e+06	0.00195554
7.49e+06	0.00195201
7.5e+06	0.00194844
7.51e+06	0.00194834
7.52e+06	0.00194897
7.53e+06	0.00193894
7.54e+06	0.00194239
7.55e+06	0.00196256
7.56e+06	0.00197126
7.57e+06	0.00198755
7.58e+06	0.00199811
7.59e+06	0.00200721
7.6e+06	0.00202222
7.61e+06	0.00202722
7.62e+06	0.00203293
7.63e+06	0.00203797
7.64e+06	0.00203911
7.65e+06	0.00204802
7.66e+06	0.00206846
7.67e+06	0.00208745
7.68e+06	0.00208694
7.69e+06	0.00209677
7.7e+06	0.00210626
7.71e+06	0.00210734
7.72e+06	0.00210707
7.73e+06	0.00211786
7.74e+06	0.00211843
7.75e+06	0.00212048
7.76e+06	0.00211149
7.77e+06	0.00209806
7.78e+06	0.00209309
7.79e+06	0.00209225
7.8e+06	0.00208222
7.81e+06	0.00208721
7.82e+06	0.00208452
7.83e+06	0.00208986
7.84e+06	0.00208393
7.85e+06	0.00207728
7.86e+06	0.00206443
7.87e+06	0.00206183
7.88e+06	0.00206333
7.89e+06	0.0020504
7.9e+06	0.00205143
7.91e+06	0.00205117
7.92e+06	0.00204552
7.93e+06	0.0020349
7.94e+06	0.00203301
7.95e+06	0.0020296
7.96e+06	0.00203012
7.97e+06	0.00202836
7.98e+06	0.00202499
7.99e+06	0.0020255
8e+06	0.00202989
8.01e+06	0.00203292
8.02e+06	0.00203035
8.03e+06	0.00203455
8.04e+06	0.00203802
8.05e+06	0.00203577
8.06e+06	0.00204092
8.07e+06	0.00203717
8.08e+06	0.00203785
8.09e+06	0.0020384
8.1e+06	0.0020308
8.11e+06	0.00202759
8.12e+06	0.00202335
8.13e+06	0.00201626
8.14e+06	0.00201604
8.15e+06	0.00200992
8.16e+06	0.00201042
8.17e+06	0.00201252
8.18e+06	0.00201106
8.19e+06	0.00201746
8.2e+06	0.00201888
8.21e+06	0.00201816
8.22e+06	0.00201101
8.23e+06	0.00201345
8.24e+06	0.00201765
8.25e+06	0.00202076
8.26e+06	0.00201326
8.27e+06	0.00201816
8.28e+06	0.00202172
8.29e+06	0.00202977
8.3e+06	0.00203324
8.31e+06	0.002036
8.32e+06	0.00203903
8.33e+06	0.00204853
8.34e+06	0.00205014
8.35e+06	0.00205716
8.36e+06	0.00205657
8.37e+06	0.00205353
8.38e+06	0.00204699
8.39e+06	0.00204405
8.4e+06	0.00204077
8.41e+06	0.00204518
8.42e+06	0.00204047
8.43e+06	0.00203332
8.44e+06	0.0020293
8.45e+06	0.00202881
8.46e+06	0.0020362
8.47e+06	0.00204024
8.48e+06	0.00203761
8.49e+06	0.00203348
8.5e+06	0.00202558
8.51e+06	0.00201806
8.52e+06	0.00201231
8.53e+06	0.00201685
8.54e+06	0.00202071
8.55e+06	0.0020152
8.56e+06	0.00200993
8.57e+06	0.00199959
8.58e+06	0.00199299
8.59e+06	0.00200023
8.6e+06	0.00201284
8.61e+06	0.0020179
8.62e+06	0.00202484
8.63e+06	0.00202257
8.64e+06	0.00202824
8.65e+06	0.0020351
8.66e+06	0.00203999
8.67e+06	0.00204247
8.68e+06	0.00204908
8.69e+06	0.00205725
8.7e+06	0.00206029
8.71e+06	0.00205822
8.72e+06	0.00205642
8.73e+06	0.00205815
8.74e+06	0.00206395
8.75e+06	0.00207102
8.76e+06	0.00207029
8.77e+06	0.00206043
8.78e+06	0.00205571
8.79e+06	0.00205235
8.8e+06	0.00205453
8.81e+06	0.00205674
8.82e+06	0.00205657
8.83e+06	0.00205064
8.84e+06	0.00205439
8.85e+06	0.00206071
8.86e+06	0.00206262
8.87e+06	0.00206541
8.88e+06	0.00206154
8.89e+06	0.0020572
8.9e+06	0.0020521
8.91e+06	0.00205883
8.92e+06	0.00206577
8.93e+06	0.00207068
8.94e+06	0.00206456
8.95e+06	0.00206492
8.96e+06	0.00205839
8.97e+06	0.00205652
8.98e+06	0.00206341
8.99e+06	0.00205891
9e+06	0.00206412
9.01e+06	0.00205016
9.02e+06	0.00204756
9.03e+06	0.00204364
9.04e+06	0.00203625
9.05e+06	0.00203065
9.06e+06	0.00203215
9.07e+06	0.002032
9.08e+06	0.00202801
9.09e+06	0.00202257
9.1e+06	0.00202329
9.11e+06	0.00202152
9.12e+06	0.00201695
9.13e+06	0.00202435
9.14e+06	0.00202626
9.15e+06	0.00202795
9.16e+06	0.00202112
9.17e+06	0.00202126
9.18e+06	0.0020281
9.19e+06	0.00202129
9.2e+06	0.00201248
9.21e+06	0.00201206
9.22e+06	0.00200527
9.23e+06	0.00199825
9.24e+06	0.00199426
9.25e+06	0.00199468
9.26e+06	0.00198368
9.27e+06	0.00197143
9.28e+06	0.00197427
9.29e+06	0.00196551
9.3e+06	0.00196604
9.31e+06	0.00196062
9.32e+06	0.00195611
9.33e+06	0.00195821
9.34e+06	0.00195533
9.35e+06	0.00194446
9.36e+06	0.00194681
9.37e+06	0.00194611
9.38e+06	0.00193787
9.39e+06	0.00194312
9.4e+06	0.00195014
9.41e+06	0.00195043
9.42e+06	0.00194458
9.43e+06	0.00194632
9.44e+06	0.00195082
9.45e+06	0.00195279
9.46e+06	0.00195458
9.47e+06	0.00195275
9.48e+06	0.00194515
9.49e+06	0.00194268
9.5e+06	0.00194225
9.51e+06	0.00193875
9.52e+06	0.00194088
9.53e+06	0.00193984
9.54e+06	0.00194132
9.55e+06	0.00193776
9.56e+06	0.00194206
9.57e+06	0.00194168
9.58e+06	0.00194293
9.59e+06	0.00193746
9.6e+06	0.00194035
9.61e+06	0.00193756
9.62e+06	0.00193576
9.63e+06	0.00192918
9.64e+06	0.00192088
9.65e+06	0.00192016
9.66e+06	0.00191725
9.67e+06	0.00191515
9.68e+06	0.00191283
9.69e+06	0.00191029
9.7e+06	0.00190851
9.71e+06	0.00190063
9.72e+06	0.0018936
9.73e+06	0.00189167
9.74e+06	0.00189458
9.75e+06	0.00189225
9.76e+06	0.0018844
9.77e+06	0.00188122
9.78e+06	0.00188024
9.79e+06	0.00187928
9.8e+06	0.00187129
9.81e+06	0.00187176
9.82e+06	0.00185831
9.83e+06	0.0018465
9.84e+06	0.00183914
9.85e+06	0.00183622
9.86e+06	0.00183103
9.87e+06	0.00182464
9.88e+06	0.00181892
9.89e+06	0.00181017
9.9e+06	0.00180726
9.91e+06	0.00180596
9.92e+06	0.00180028
9.93e+06	0.00179964
9.94e+06	0.00180267
9.95e+06	0.00180691
9.96e+06	0.00180532
9.97e+06	0.00180276
9.98e+06	0.00179274
9.99e+06	0.00178336
1e+07	0.00178241
