5000	0.76198
10000	0.181903
15000	0.0632535
20000	0.0421579
25000	0.0325662
30000	0.0271022
35000	0.0233346
40000	0.0203781
45000	0.0182676
50000	0.0166718
55000	0.0156283
60000	0.014771
65000	0.0138305
70000	0.0129967
75000	0.0124157
80000	0.0117885
85000	0.0111035
90000	0.0106367
95000	0.0101935
100000	0.009796
105000	0.00949804
110000	0.00918017
115000	0.00896375
120000	0.00873212
125000	0.0084289
130000	0.00818933
135000	0.00796701
140000	0.00780501
145000	0.00767451
150000	0.00748376
155000	0.00739023
160000	0.00716689
165000	0.00700968
170000	0.00687605
175000	0.00679815
180000	0.00664279
185000	0.0065094
190000	0.00640902
195000	0.00624412
200000	0.00615607
205000	0.0060657
210000	0.00602225
215000	0.00595274
220000	0.0058475
225000	0.00576911
230000	0.00557612
235000	0.00547775
240000	0.0054531
245000	0.00542478
250000	0.00536931
255000	0.00531235
260000	0.00525238
265000	0.0051805
270000	0.00507549
275000	0.00497464
280000	0.00488711
285000	0.00491194
290000	0.00486176
295000	0.00481789
300000	0.00470161
305000	0.00462631
310000	0.00455836
315000	0.00454161
320000	0.00453379
325000	0.00448086
330000	0.00442609
335000	0.00437462
340000	0.00432303
345000	0.00429702
350000	0.00423758
355000	0.00419561
360000	0.00411002
365000	0.00403859
370000	0.00399271
375000	0.00394781
380000	0.00391609
385000	0.00390721
390000	0.00384287
395000	0.00377975
400000	0.00374127
405000	0.00370685
410000	0.00368871
415000	0.00368918
420000	0.00367422
425000	0.00368261
430000	0.00368195
435000	0.00363412
440000	0.00360216
445000	0.00357806
450000	0.00355904
455000	0.00352699
460000	0.0034698
465000	0.00341528
470000	0.00341595
475000	0.00339729
480000	0.00339321
485000	0.00339665
490000	0.00338779
495000	0.00335869
500000	0.00330384
505000	0.00326958
510000	0.00326593
515000	0.00326407
520000	0.00323719
525000	0.00324569
530000	0.00324597
535000	0.00323226
540000	0.00324344
545000	0.00323911
550000	0.00323554
555000	0.00323828
560000	0.00324403
565000	0.00322405
570000	0.00322106
575000	0.00321798
580000	0.00320867
585000	0.0031939
590000	0.00316659
595000	0.00315876
600000	0.00315299
605000	0.00315562
610000	0.0031436
615000	0.00312144
620000	0.0030639
625000	0.00303595
630000	0.0030254
635000	0.00302579
640000	0.00301959
645000	0.00300188
650000	0.00298813
655000	0.00297406
660000	0.00295346
665000	0.00295399
670000	0.00292877
675000	0.00290788
680000	0.00288991
685000	0.00286626
690000	0.00283176
695000	0.00281169
700000	0.0028044
705000	0.00278332
710000	0.00276259
715000	0.00276104
720000	0.00276577
725000	0.00274021
730000	0.00273801
735000	0.00269821
740000	0.00267662
745000	0.00267467
750000	0.00268595
755000	0.00267174
760000	0.00264932
765000	0.00261318
770000	0.00261467
775000	0.00259901
780000	0.00259722
785000	0.00258392
790000	0.00256079
795000	0.00253739
800000	0.00251618
805000	0.00249829
810000	0.00249328
815000	0.00246949
820000	0.00245226
825000	0.0024517
830000	0.00244575
835000	0.00241971
840000	0.00239741
845000	0.00238241
850000	0.00236249
855000	0.00235579
860000	0.00235574
865000	0.00235162
870000	0.00235647
875000	0.00235911
880000	0.00236735
885000	0.00236802
890000	0.00237616
895000	0.00236613
900000	0.00236016
905000	0.00233793
910000	0.00231377
915000	0.00229432
920000	0.0022897
925000	0.00227406
930000	0.00226274
935000	0.00226666
940000	0.00226669
945000	0.00227381
950000	0.00229088
955000	0.00229157
960000	0.00228947
965000	0.00227978
970000	0.00227065
975000	0.00226225
980000	0.00224746
985000	0.00224661
990000	0.00223868
995000	0.00222617
1e+06	0.00221667
1.005e+06	0.00220929
1.01e+06	0.00219776
1.015e+06	0.00219544
1.02e+06	0.00217516
1.025e+06	0.0021648
1.03e+06	0.00215036
1.035e+06	0.00213449
1.04e+06	0.00211804
1.045e+06	0.00211626
1.05e+06	0.00209836
1.055e+06	0.00208006
1.06e+06	0.00205537
1.065e+06	0.00204996
1.07e+06	0.00204307
1.075e+06	0.00203984
1.08e+06	0.00203685
1.085e+06	0.00204199
1.09e+06	0.00203869
1.095e+06	0.00203635
1.1e+06	0.00203164
1.105e+06	0.00203616
1.11e+06	0.00202748
1.115e+06	0.00202264
1.12e+06	0.00200569
1.125e+06	0.00200154
1.13e+06	0.00199141
1.135e+06	0.00198592
1.14e+06	0.00196336
1.145e+06	0.00195134
1.15e+06	0.00194444
1.155e+06	0.00194569
1.16e+06	0.00193959
1.165e+06	0.00193149
1.17e+06	0.00193353
1.175e+06	0.00193337
1.18e+06	0.00193262
1.185e+06	0.00193501
1.19e+06	0.00192172
1.195e+06	0.00191312
1.2e+06	0.00190619
1.205e+06	0.00190176
1.21e+06	0.00189787
1.215e+06	0.00190451
1.22e+06	0.0018998
1.225e+06	0.00188251
1.23e+06	0.00187212
1.235e+06	0.0018585
1.24e+06	0.00185602
1.245e+06	0.00184163
1.25e+06	0.0018289
1.255e+06	0.00182151
1.26e+06	0.00181166
1.265e+06	0.0018061
1.27e+06	0.00179662
1.275e+06	0.001785
1.28e+06	0.00176927
1.285e+06	0.00176231
1.29e+06	0.0017616
1.295e+06	0.00178023
1.3e+06	0.00178802
1.305e+06	0.00179065
1.31e+06	0.00178515
1.315e+06	0.00177682
1.32e+06	0.00178007
1.325e+06	0.0017773
1.33e+06	0.00177115
1.335e+06	0.00177821
1.34e+06	0.00178009
1.345e+06	0.00178404
1.35e+06	0.00178432
1.355e+06	0.00178836
1.36e+06	0.00177312
1.365e+06	0.00175948
1.37e+06	0.00174901
1.375e+06	0.00174288
1.38e+06	0.0017454
1.385e+06	0.0017437
1.39e+06	0.00173664
1.395e+06	0.00173092
1.4e+06	0.00172584
1.405e+06	0.00171511
1.41e+06	0.00170947
1.415e+06	0.00170358
1.42e+06	0.00168975
1.425e+06	0.00168525
1.43e+06	0.00168359
1.435e+06	0.0016804
1.44e+06	0.00168218
1.445e+06	0.00168349
1.45e+06	0.00167528
1.455e+06	0.00166622
1.46e+06	0.00166721
1.465e+06	0.00166398
1.47e+06	0.0016584
1.475e+06	0.00165402
1.48e+06	0.00164653
1.485e+06	0.00165309
1.49e+06	0.00164238
1.495e+06	0.00163716
1.5e+06	0.0016349
1.505e+06	0.00163048
1.51e+06	0.00162836
1.515e+06	0.00162728
1.52e+06	0.00162975
1.525e+06	0.00163182
1.53e+06	0.0016326
1.535e+06	0.00163335
1.54e+06	0.0016312
1.545e+06	0.00162609
1.55e+06	0.00162397
1.555e+06	0.00162816
1.56e+06	0.00163023
1.565e+06	0.00162497
1.57e+06	0.00161869
1.575e+06	0.00161105
1.58e+06	0.00160176
1.585e+06	0.00159621
1.59e+06	0.00158257
1.595e+06	0.00157454
1.6e+06	0.00157141
1.605e+06	0.00157132
1.61e+06	0.00156565
1.615e+06	0.0015544
1.62e+06	0.00155159
1.625e+06	0.00154591
1.63e+06	0.00154852
1.635e+06	0.00153972
1.64e+06	0.00153199
1.645e+06	0.00152802
1.65e+06	0.00151841
1.655e+06	0.00151156
1.66e+06	0.00150394
1.665e+06	0.0014887
1.67e+06	0.00147866
1.675e+06	0.00147031
1.68e+06	0.00146347
1.685e+06	0.00145722
1.69e+06	0.00145089
1.695e+06	0.0014488
1.7e+06	0.00144815
1.705e+06	0.00144427
1.71e+06	0.00144588
1.715e+06	0.00144427
1.72e+06	0.00144207
1.725e+06	0.0014336
1.73e+06	0.00142396
1.735e+06	0.0014195
1.74e+06	0.00142163
1.745e+06	0.00142589
1.75e+06	0.00142844
1.755e+06	0.00142383
1.76e+06	0.00142856
1.765e+06	0.00142615
1.77e+06	0.0014205
1.775e+06	0.00142126
1.78e+06	0.00141789
1.785e+06	0.00141729
1.79e+06	0.00142038
1.795e+06	0.00141687
1.8e+06	0.00142227
1.805e+06	0.00141998
1.81e+06	0.00141809
1.815e+06	0.00142157
1.82e+06	0.00142786
1.825e+06	0.00142792
1.83e+06	0.00143094
1.835e+06	0.00143122
1.84e+06	0.0014248
1.845e+06	0.00142041
1.85e+06	0.00141514
1.855e+06	0.00141739
1.86e+06	0.0014156
1.865e+06	0.00141374
1.87e+06	0.00140838
1.875e+06	0.00140411
1.88e+06	0.00139924
1.885e+06	0.00139788
1.89e+06	0.00139084
1.895e+06	0.00138563
1.9e+06	0.00137987
1.905e+06	0.00137849
1.91e+06	0.00137228
1.915e+06	0.00137114
1.92e+06	0.00137481
1.925e+06	0.00137598
1.93e+06	0.00137219
1.935e+06	0.00136765
1.94e+06	0.00136014
1.945e+06	0.00135481
1.95e+06	0.00134466
1.955e+06	0.0013399
1.96e+06	0.0013426
1.965e+06	0.00134604
1.97e+06	0.00134631
1.975e+06	0.00134721
1.98e+06	0.00134175
1.985e+06	0.00133653
1.99e+06	0.00133515
1.995e+06	0.00133287
2e+06	0.00133236
2.005e+06	0.00132107
2.01e+06	0.0013196
2.015e+06	0.00131683
2.02e+06	0.00132039
2.025e+06	0.00132156
2.03e+06	0.00132204
2.035e+06	0.00131617
2.04e+06	0.00131125
2.045e+06	0.00130744
2.05e+06	0.00130705
2.055e+06	0.00130886
2.06e+06	0.00130463
2.065e+06	0.00130199
2.07e+06	0.00129304
2.075e+06	0.00128078
2.08e+06	0.00126885
2.085e+06	0.00125536
2.09e+06	0.00124103
2.095e+06	0.00123126
2.1e+06	0.00122717
2.105e+06	0.00122831
2.11e+06	0.00122845
2.115e+06	0.00122745
2.12e+06	0.00122763
2.125e+06	0.00122962
2.13e+06	0.00122614
2.135e+06	0.0012213
2.14e+06	0.00121437
2.145e+06	0.00121111
2.15e+06	0.0012074
2.155e+06	0.00119817
2.16e+06	0.00119158
2.165e+06	0.00119109
2.17e+06	0.00119089
2.175e+06	0.001193
2.18e+06	0.00119627
2.185e+06	0.00119449
2.19e+06	0.00119421
2.195e+06	0.00119145
2.2e+06	0.0011905
2.205e+06	0.001189
2.21e+06	0.00118721
2.215e+06	0.00118405
2.22e+06	0.00118239
2.225e+06	0.00117733
2.23e+06	0.00117305
2.235e+06	0.00116506
2.24e+06	0.0011671
2.245e+06	0.00116378
2.25e+06	0.00117188
2.255e+06	0.00117273
2.26e+06	0.00116749
2.265e+06	0.00116259
2.27e+06	0.00116148
2.275e+06	0.00116244
2.28e+06	0.0011704
2.285e+06	0.00116984
2.29e+06	0.00116882
2.295e+06	0.00117011
2.3e+06	0.00116624
2.305e+06	0.00116276
2.31e+06	0.0011575
2.315e+06	0.00115427
2.32e+06	0.00114726
2.325e+06	0.00114658
2.33e+06	0.00114522
2.335e+06	0.00114953
2.34e+06	0.00115259
2.345e+06	0.00115341
2.35e+06	0.00114823
2.355e+06	0.00114945
2.36e+06	0.00114965
2.365e+06	0.00114633
2.37e+06	0.00114326
2.375e+06	0.00113781
2.38e+06	0.00113332
2.385e+06	0.00113144
2.39e+06	0.00113729
2.395e+06	0.00114004
2.4e+06	0.00113824
2.405e+06	0.00113964
2.41e+06	0.00113909
2.415e+06	0.00113736
2.42e+06	0.00113746
2.425e+06	0.00113838
2.43e+06	0.0011411
2.435e+06	0.00114008
2.44e+06	0.00114034
2.445e+06	0.00114482
2.45e+06	0.00114403
2.455e+06	0.00114153
2.46e+06	0.001141
2.465e+06	0.00113616
2.47e+06	0.00112957
2.475e+06	0.00112332
2.48e+06	0.00111894
2.485e+06	0.00111241
2.49e+06	0.00111472
2.495e+06	0.00111318
2.5e+06	0.00111444
2.505e+06	0.0011122
2.51e+06	0.00110476
2.515e+06	0.00110319
2.52e+06	0.00110447
2.525e+06	0.00110407
2.53e+06	0.001108
2.535e+06	0.00111135
2.54e+06	0.00110841
2.545e+06	0.0011089
2.55e+06	0.00111016
2.555e+06	0.00110901
2.56e+06	0.00110782
2.565e+06	0.00111206
2.57e+06	0.00111181
2.575e+06	0.0011134
2.58e+06	0.00111489
2.585e+06	0.00111605
2.59e+06	0.00111603
2.595e+06	0.00111886
2.6e+06	0.00111562
2.605e+06	0.00111047
2.61e+06	0.00110413
2.615e+06	0.00109839
2.62e+06	0.00109696
2.625e+06	0.00109678
2.63e+06	0.00109376
2.635e+06	0.00108738
2.64e+06	0.00108701
2.645e+06	0.00108699
2.65e+06	0.00108676
2.655e+06	0.00108809
2.66e+06	0.0010843
2.665e+06	0.00108474
2.67e+06	0.00108659
2.675e+06	0.00109044
2.68e+06	0.00108948
2.685e+06	0.00108803
2.69e+06	0.00108213
2.695e+06	0.00107746
2.7e+06	0.00107829
2.705e+06	0.00108484
2.71e+06	0.00108886
2.715e+06	0.00108943
2.72e+06	0.00109078
2.725e+06	0.00108696
2.73e+06	0.00108755
2.735e+06	0.00108757
2.74e+06	0.00108381
2.745e+06	0.00108229
2.75e+06	0.00107744
2.755e+06	0.00107667
2.76e+06	0.00107417
2.765e+06	0.00107085
2.77e+06	0.00106814
2.775e+06	0.00106321
2.78e+06	0.00105853
2.785e+06	0.00106199
2.79e+06	0.00106208
2.795e+06	0.00106175
2.8e+06	0.00106265
2.805e+06	0.0010653
2.81e+06	0.00106183
2.815e+06	0.00105783
2.82e+06	0.00105452
2.825e+06	0.00105092
2.83e+06	0.00105067
2.835e+06	0.0010479
2.84e+06	0.00104418
2.845e+06	0.00103558
2.85e+06	0.00103013
2.855e+06	0.00102675
2.86e+06	0.00102359
2.865e+06	0.00101849
2.87e+06	0.00101331
2.875e+06	0.00101015
2.88e+06	0.00100162
2.885e+06	0.000995028
2.89e+06	0.000989257
2.895e+06	0.000985404
2.9e+06	0.000985629
2.905e+06	0.00098406
2.91e+06	0.000990444
2.915e+06	0.000990486
2.92e+06	0.000993519
2.925e+06	0.00098935
2.93e+06	0.000984321
2.935e+06	0.000976962
2.94e+06	0.000971627
2.945e+06	0.000968974
2.95e+06	0.000969673
2.955e+06	0.000968513
2.96e+06	0.000967967
2.965e+06	0.000966208
2.97e+06	0.000965144
2.975e+06	0.000964363
2.98e+06	0.000960863
2.985e+06	0.000963877
2.99e+06	0.00096508
2.995e+06	0.000964972
3e+06	0.000964985
3.005e+06	0.000962623
3.01e+06	0.000957036
3.015e+06	0.000951758
3.02e+06	0.000949312
3.025e+06	0.000947206
3.03e+06	0.000945626
3.035e+06	0.00094497
3.04e+06	0.0009427
3.045e+06	0.000941093
3.05e+06	0.00094115
3.055e+06	0.000934371
3.06e+06	0.000927425
3.065e+06	0.000922083
3.07e+06	0.000921652
3.075e+06	0.000923264
3.08e+06	0.000926339
3.085e+06	0.00092658
3.09e+06	0.000928161
3.095e+06	0.000928412
3.1e+06	0.000929677
3.105e+06	0.000931676
3.11e+06	0.000934376
3.115e+06	0.000932065
3.12e+06	0.00092914
3.125e+06	0.000932469
3.13e+06	0.000932076
3.135e+06	0.000930284
3.14e+06	0.000929488
3.145e+06	0.000929259
3.15e+06	0.000927519
3.155e+06	0.00092604
3.16e+06	0.000923521
3.165e+06	0.000922681
3.17e+06	0.000918785
3.175e+06	0.000916363
3.18e+06	0.000915739
3.185e+06	0.000914208
3.19e+06	0.000916747
3.195e+06	0.000917192
3.2e+06	0.000917568
3.205e+06	0.000914255
3.21e+06	0.000908569
3.215e+06	0.00090725
3.22e+06	0.000905386
3.225e+06	0.000905617
3.23e+06	0.000904602
3.235e+06	0.000901241
3.24e+06	0.000899125
3.245e+06	0.000894429
3.25e+06	0.000890567
3.255e+06	0.000890174
3.26e+06	0.000891567
3.265e+06	0.000892069
3.27e+06	0.000894316
3.275e+06	0.000898871
3.28e+06	0.000899474
3.285e+06	0.00090036
3.29e+06	0.000900058
3.295e+06	0.000899236
3.3e+06	0.00089734
3.305e+06	0.000897879
3.31e+06	0.000895596
3.315e+06	0.000898418
3.32e+06	0.000901359
3.325e+06	0.000899528
3.33e+06	0.000901426
3.335e+06	0.0008993
3.34e+06	0.000895667
3.345e+06	0.000891849
3.35e+06	0.000888932
3.355e+06	0.000889041
3.36e+06	0.000886566
3.365e+06	0.000885136
3.37e+06	0.000885302
3.375e+06	0.000889827
3.38e+06	0.000893545
3.385e+06	0.000889904
3.39e+06	0.000889727
3.395e+06	0.000883941
3.4e+06	0.00088136
3.405e+06	0.000881084
3.41e+06	0.000881195
3.415e+06	0.000877943
3.42e+06	0.000875082
3.425e+06	0.000870882
3.43e+06	0.000870135
3.435e+06	0.000869756
3.44e+06	0.000868015
3.445e+06	0.000870402
3.45e+06	0.000870203
3.455e+06	0.000869162
3.46e+06	0.000866886
3.465e+06	0.000864148
3.47e+06	0.000861482
3.475e+06	0.000865963
3.48e+06	0.000865728
3.485e+06	0.000866244
3.49e+06	0.000868116
3.495e+06	0.00086935
3.5e+06	0.00087215
3.505e+06	0.000875326
3.51e+06	0.000877582
3.515e+06	0.000880496
3.52e+06	0.000882634
3.525e+06	0.000882868
3.53e+06	0.000883808
3.535e+06	0.000883206
3.54e+06	0.000881405
3.545e+06	0.000879415
3.55e+06	0.000882628
3.555e+06	0.000889331
3.56e+06	0.000893858
3.565e+06	0.000895175
3.57e+06	0.000896134
3.575e+06	0.000896775
3.58e+06	0.000894589
3.585e+06	0.000894985
3.59e+06	0.000893291
3.595e+06	0.000893534
3.6e+06	0.000893705
3.605e+06	0.000891572
3.61e+06	0.000889826
3.615e+06	0.000888911
3.62e+06	0.000888261
3.625e+06	0.000887175
3.63e+06	0.000884127
3.635e+06	0.000881179
3.64e+06	0.000878651
3.645e+06	0.000880237
3.65e+06	0.000880741
3.655e+06	0.000881211
3.66e+06	0.000878515
3.665e+06	0.000877326
3.67e+06	0.000876864
3.675e+06	0.000877404
3.68e+06	0.000875886
3.685e+06	0.000874503
3.69e+06	0.000873894
3.695e+06	0.000876672
3.7e+06	0.000876353
3.705e+06	0.000879176
3.71e+06	0.000876827
3.715e+06	0.000873602
3.72e+06	0.000871863
3.725e+06	0.000871171
3.73e+06	0.000872638
3.735e+06	0.000871771
3.74e+06	0.000870057
3.745e+06	0.000869955
3.75e+06	0.000871236
3.755e+06	0.000870771
3.76e+06	0.000869529
3.765e+06	0.000869235
3.77e+06	0.000870287
3.775e+06	0.000869319
3.78e+06	0.000871002
3.785e+06	0.000872088
3.79e+06	0.000868825
3.795e+06	0.000864889
3.8e+06	0.00086244
3.805e+06	0.000861379
3.81e+06	0.000861324
3.815e+06	0.000856181
3.82e+06	0.00085615
3.825e+06	0.000855959
3.83e+06	0.00085379
3.835e+06	0.000850349
3.84e+06	0.000848696
3.845e+06	0.000846365
3.85e+06	0.000846511
3.855e+06	0.000844961
3.86e+06	0.000843399
3.865e+06	0.000842124
3.87e+06	0.000836068
3.875e+06	0.000833866
3.88e+06	0.000834731
3.885e+06	0.000832381
3.89e+06	0.000832548
3.895e+06	0.000835184
3.9e+06	0.000832506
3.905e+06	0.00082921
3.91e+06	0.000827549
3.915e+06	0.000827448
3.92e+06	0.000825762
3.925e+06	0.000826949
3.93e+06	0.000828922
3.935e+06	0.000832083
3.94e+06	0.000831822
3.945e+06	0.00083311
3.95e+06	0.000831385
3.955e+06	0.000833147
3.96e+06	0.000833061
3.965e+06	0.000829326
3.97e+06	0.000828913
3.975e+06	0.000827073
3.98e+06	0.000825125
3.985e+06	0.000821896
3.99e+06	0.000821454
3.995e+06	0.000819686
4e+06	0.000819314
4.005e+06	0.000819053
4.01e+06	0.000816338
4.015e+06	0.000815882
4.02e+06	0.00081316
4.025e+06	0.000811791
4.03e+06	0.000810258
4.035e+06	0.000805612
4.04e+06	0.000802368
4.045e+06	0.000803738
4.05e+06	0.000804775
4.055e+06	0.000804444
4.06e+06	0.000804752
4.065e+06	0.000804524
4.07e+06	0.000804137
4.075e+06	0.000803307
4.08e+06	0.000803261
4.085e+06	0.000802356
4.09e+06	0.000800801
4.095e+06	0.000798731
4.1e+06	0.000799507
4.105e+06	0.000799047
4.11e+06	0.000798451
4.115e+06	0.000796318
4.12e+06	0.000798304
4.125e+06	0.000799648
4.13e+06	0.000798882
4.135e+06	0.00079513
4.14e+06	0.000793538
4.145e+06	0.000791917
4.15e+06	0.000788458
4.155e+06	0.000790017
4.16e+06	0.000791708
4.165e+06	0.000790364
4.17e+06	0.000786008
4.175e+06	0.000786776
4.18e+06	0.000788693
4.185e+06	0.000789498
4.19e+06	0.000789883
4.195e+06	0.000789286
4.2e+06	0.000789726
4.205e+06	0.000787153
4.21e+06	0.000783886
4.215e+06	0.000780353
4.22e+06	0.000779981
4.225e+06	0.000776096
4.23e+06	0.000774674
4.235e+06	0.000774382
4.24e+06	0.000773951
4.245e+06	0.000770196
4.25e+06	0.000767518
4.255e+06	0.000766023
4.26e+06	0.000766174
4.265e+06	0.000767124
4.27e+06	0.000763455
4.275e+06	0.000764486
4.28e+06	0.000765746
4.285e+06	0.000765785
4.29e+06	0.000765013
4.295e+06	0.000766842
4.3e+06	0.000765206
4.305e+06	0.000766529
4.31e+06	0.000767796
4.315e+06	0.000770202
4.32e+06	0.000770288
4.325e+06	0.000769987
4.33e+06	0.000770366
4.335e+06	0.000770824
4.34e+06	0.000771623
4.345e+06	0.000770577
4.35e+06	0.000771674
4.355e+06	0.000772829
4.36e+06	0.000770646
4.365e+06	0.00076667
4.37e+06	0.000765636
4.375e+06	0.000761134
4.38e+06	0.000756954
4.385e+06	0.00075669
4.39e+06	0.000755983
4.395e+06	0.000754483
4.4e+06	0.000751628
4.405e+06	0.000750144
4.41e+06	0.000751848
4.415e+06	0.000752102
4.42e+06	0.000749834
4.425e+06	0.000748804
4.43e+06	0.000749292
4.435e+06	0.000748469
4.44e+06	0.000749441
4.445e+06	0.000746079
4.45e+06	0.000744822
4.455e+06	0.000744074
4.46e+06	0.000742949
4.465e+06	0.000740323
4.47e+06	0.000739757
4.475e+06	0.000738136
4.48e+06	0.000736281
4.485e+06	0.000734524
4.49e+06	0.000734249
4.495e+06	0.000732721
4.5e+06	0.000731779
4.505e+06	0.000732104
4.51e+06	0.000731806
4.515e+06	0.000730955
4.52e+06	0.000730787
4.525e+06	0.00073123
4.53e+06	0.000729402
4.535e+06	0.00072973
4.54e+06	0.000733805
4.545e+06	0.00073662
4.55e+06	0.000735443
4.555e+06	0.000734147
4.56e+06	0.000734278
4.565e+06	0.000734468
4.57e+06	0.000732914
4.575e+06	0.000732828
4.58e+06	0.00073278
4.585e+06	0.000729938
4.59e+06	0.000731287
4.595e+06	0.000731195
4.6e+06	0.000731017
4.605e+06	0.000729808
4.61e+06	0.000728769
4.615e+06	0.000727906
4.62e+06	0.000726966
4.625e+06	0.000728546
4.63e+06	0.000730527
4.635e+06	0.000729148
4.64e+06	0.000731067
4.645e+06	0.000732394
4.65e+06	0.000733762
4.655e+06	0.000733182
4.66e+06	0.000731175
4.665e+06	0.000731513
4.67e+06	0.000730373
4.675e+06	0.000729865
4.68e+06	0.000728523
4.685e+06	0.000728592
4.69e+06	0.000729389
4.695e+06	0.000727839
4.7e+06	0.000727032
4.705e+06	0.000729494
4.71e+06	0.000730215
4.715e+06	0.00073096
4.72e+06	0.000733326
4.725e+06	0.000732542
4.73e+06	0.000732437
4.735e+06	0.000732477
4.74e+06	0.000733011
4.745e+06	0.000735917
4.75e+06	0.000737928
4.755e+06	0.000739743
4.76e+06	0.000742549
4.765e+06	0.000742843
4.77e+06	0.000744487
4.775e+06	0.000744349
4.78e+06	0.00074268
4.785e+06	0.000740182
4.79e+06	0.000739844
4.795e+06	0.000738501
4.8e+06	0.000738575
4.805e+06	0.000737034
4.81e+06	0.000734739
4.815e+06	0.000733856
4.82e+06	0.000731766
4.825e+06	0.000729939
4.83e+06	0.000729432
4.835e+06	0.000729467
4.84e+06	0.000729795
4.845e+06	0.000731595
4.85e+06	0.000731658
4.855e+06	0.000732047
4.86e+06	0.000730834
4.865e+06	0.000732964
4.87e+06	0.000734223
4.875e+06	0.000734193
4.88e+06	0.000734851
4.885e+06	0.000734067
4.89e+06	0.000732021
4.895e+06	0.000732894
4.9e+06	0.000731956
4.905e+06	0.000732181
4.91e+06	0.000733107
4.915e+06	0.000733102
4.92e+06	0.000733628
4.925e+06	0.00073309
4.93e+06	0.000733464
4.935e+06	0.000733769
4.94e+06	0.00073263
4.945e+06	0.000731869
4.95e+06	0.000731512
4.955e+06	0.000731035
4.96e+06	0.000730745
4.965e+06	0.0007313
4.97e+06	0.00073262
4.975e+06	0.000732224
4.98e+06	0.000733361
4.985e+06	0.00073439
4.99e+06	0.000735695
4.995e+06	0.00073345
5e+06	0.000729585
5.005e+06	0.000726211
5.01e+06	0.000726967
5.015e+06	0.000728827
5.02e+06	0.000730201
5.025e+06	0.000731507
5.03e+06	0.000732906
5.035e+06	0.00073278
5.04e+06	0.000732146
5.045e+06	0.000734775
5.05e+06	0.000733987
5.055e+06	0.000733279
5.06e+06	0.000733818
5.065e+06	0.000735214
5.07e+06	0.000736656
5.075e+06	0.00073698
5.08e+06	0.000739254
5.085e+06	0.000741201
5.09e+06	0.000742451
5.095e+06	0.000743534
5.1e+06	0.000740981
5.105e+06	0.000737981
5.11e+06	0.000738745
5.115e+06	0.0007366
5.12e+06	0.000733656
5.125e+06	0.000733709
5.13e+06	0.000732156
5.135e+06	0.000731029
5.14e+06	0.000731733
5.145e+06	0.000731779
5.15e+06	0.000730407
5.155e+06	0.000728183
5.16e+06	0.000728351
5.165e+06	0.000728249
5.17e+06	0.000726918
5.175e+06	0.000728961
5.18e+06	0.00072869
5.185e+06	0.000728764
5.19e+06	0.000727627
5.195e+06	0.000724648
5.2e+06	0.000722277
5.205e+06	0.000720382
5.21e+06	0.000719911
5.215e+06	0.00072201
5.22e+06	0.000723443
5.225e+06	0.00072523
5.23e+06	0.0007268
5.235e+06	0.000724565
5.24e+06	0.000721491
5.245e+06	0.000719776
5.25e+06	0.000719913
5.255e+06	0.000721359
5.26e+06	0.000723447
5.265e+06	0.000725387
5.27e+06	0.00072655
5.275e+06	0.000728641
5.28e+06	0.000726905
5.285e+06	0.000726452
5.29e+06	0.000726281
5.295e+06	0.000724788
5.3e+06	0.000725129
5.305e+06	0.000723786
5.31e+06	0.000724782
5.315e+06	0.00072637
5.32e+06	0.000726654
5.325e+06	0.000728062
5.33e+06	0.000727772
5.335e+06	0.000724771
5.34e+06	0.000724133
5.345e+06	0.000725413
5.35e+06	0.000725361
5.355e+06	0.000724183
5.36e+06	0.000722858
5.365e+06	0.000724026
5.37e+06	0.000724577
5.375e+06	0.000724183
5.38e+06	0.000722226
5.385e+06	0.000721618
5.39e+06	0.000722123
5.395e+06	0.000723962
5.4e+06	0.000724485
5.405e+06	0.000724892
5.41e+06	0.000723625
5.415e+06	0.000722397
5.42e+06	0.000719598
5.425e+06	0.000717869
5.43e+06	0.000714635
5.435e+06	0.000714109
5.44e+06	0.000717917
5.445e+06	0.000720605
5.45e+06	0.000721733
5.455e+06	0.000722096
5.46e+06	0.000720843
5.465e+06	0.000718613
5.47e+06	0.000716921
5.475e+06	0.000714984
5.48e+06	0.000715426
5.485e+06	0.000716474
5.49e+06	0.000714927
5.495e+06	0.000714806
5.5e+06	0.000712581
5.505e+06	0.000712641
5.51e+06	0.000712816
5.515e+06	0.000711784
5.52e+06	0.00071111
5.525e+06	0.000708153
5.53e+06	0.000708417
5.535e+06	0.000708009
5.54e+06	0.00070966
5.545e+06	0.000709838
5.55e+06	0.000706569
5.555e+06	0.000705119
5.56e+06	0.000702642
5.565e+06	0.000700368
5.57e+06	0.00069737
5.575e+06	0.000698268
5.58e+06	0.000698366
5.585e+06	0.000699891
5.59e+06	0.000699391
5.595e+06	0.000701128
5.6e+06	0.000700457
5.605e+06	0.00069964
5.61e+06	0.000696259
5.615e+06	0.000696659
5.62e+06	0.000694514
5.625e+06	0.000691986
5.63e+06	0.000693829
5.635e+06	0.00069568
5.64e+06	0.000696547
5.645e+06	0.000696759
5.65e+06	0.000697049
5.655e+06	0.000696868
5.66e+06	0.000698261
5.665e+06	0.000696242
5.67e+06	0.000695499
5.675e+06	0.000697027
5.68e+06	0.000696301
5.685e+06	0.000696408
5.69e+06	0.000696378
5.695e+06	0.000695983
5.7e+06	0.000692953
5.705e+06	0.000692669
5.71e+06	0.000693618
5.715e+06	0.000692558
5.72e+06	0.000692192
5.725e+06	0.000690972
5.73e+06	0.000691088
5.735e+06	0.000690178
5.74e+06	0.000687001
5.745e+06	0.000685033
5.75e+06	0.00068351
5.755e+06	0.000681363
5.76e+06	0.000679888
5.765e+06	0.000678576
5.77e+06	0.00068004
5.775e+06	0.000679847
5.78e+06	0.000680241
5.785e+06	0.0006818
5.79e+06	0.000681097
5.795e+06	0.000680649
5.8e+06	0.000679509
5.805e+06	0.000679835
5.81e+06	0.000679349
5.815e+06	0.000680212
5.82e+06	0.000681162
5.825e+06	0.000679382
5.83e+06	0.000679113
5.835e+06	0.000676768
5.84e+06	0.000674541
5.845e+06	0.000673125
5.85e+06	0.000670772
5.855e+06	0.00067106
5.86e+06	0.000672144
5.865e+06	0.000674945
5.87e+06	0.000674222
5.875e+06	0.000672999
5.88e+06	0.000671754
5.885e+06	0.000671033
5.89e+06	0.000670437
5.895e+06	0.000669781
5.9e+06	0.000671498
5.905e+06	0.000672179
5.91e+06	0.000674752
5.915e+06	0.000674965
5.92e+06	0.000675393
5.925e+06	0.000675099
5.93e+06	0.000678166
5.935e+06	0.000680297
5.94e+06	0.000680579
5.945e+06	0.000679938
5.95e+06	0.000678526
5.955e+06	0.000678944
5.96e+06	0.000679024
5.965e+06	0.000677957
5.97e+06	0.000677217
5.975e+06	0.000677127
5.98e+06	0.000676619
5.985e+06	0.000674466
5.99e+06	0.000673427
5.995e+06	0.000673095
6e+06	0.000673051
6.005e+06	0.00067335
6.01e+06	0.000672862
6.015e+06	0.000672928
6.02e+06	0.000672144
6.025e+06	0.000671959
6.03e+06	0.00067208
6.035e+06	0.000672269
6.04e+06	0.000673306
6.045e+06	0.00067316
6.05e+06	0.000671983
6.055e+06	0.000671351
6.06e+06	0.000671669
6.065e+06	0.000672274
6.07e+06	0.000672895
6.075e+06	0.000674367
6.08e+06	0.000675756
6.085e+06	0.00067477
6.09e+06	0.000675702
6.095e+06	0.000675127
6.1e+06	0.000672857
6.105e+06	0.000670541
6.11e+06	0.000668553
6.115e+06	0.000667916
6.12e+06	0.000670304
6.125e+06	0.000669489
6.13e+06	0.000671815
6.135e+06	0.000672692
6.14e+06	0.000672148
6.145e+06	0.000673403
6.15e+06	0.00067351
6.155e+06	0.00067354
6.16e+06	0.000674543
6.165e+06	0.000674608
6.17e+06	0.000677078
6.175e+06	0.00067562
6.18e+06	0.000675564
6.185e+06	0.000675598
6.19e+06	0.000676494
6.195e+06	0.00067635
6.2e+06	0.000675818
6.205e+06	0.000675112
6.21e+06	0.00067442
6.215e+06	0.000673571
6.22e+06	0.000674364
6.225e+06	0.0006737
6.23e+06	0.000674616
6.235e+06	0.000676121
6.24e+06	0.000676665
6.245e+06	0.000677698
6.25e+06	0.000677909
6.255e+06	0.000678263
6.26e+06	0.000681422
6.265e+06	0.000681566
6.27e+06	0.000682541
6.275e+06	0.000684375
6.28e+06	0.000684247
6.285e+06	0.000684927
6.29e+06	0.000685286
6.295e+06	0.000684991
6.3e+06	0.000684398
6.305e+06	0.000685068
6.31e+06	0.000684404
6.315e+06	0.00068564
6.32e+06	0.000685987
6.325e+06	0.000683577
6.33e+06	0.000685096
6.335e+06	0.000686503
6.34e+06	0.000686013
6.345e+06	0.000686686
6.35e+06	0.000686927
6.355e+06	0.000687596
6.36e+06	0.00068651
6.365e+06	0.000685714
6.37e+06	0.000686025
6.375e+06	0.000685632
6.38e+06	0.000685859
6.385e+06	0.000684317
6.39e+06	0.000683215
6.395e+06	0.000682112
6.4e+06	0.000680897
6.405e+06	0.000679527
6.41e+06	0.000676536
6.415e+06	0.000675644
6.42e+06	0.000675679
6.425e+06	0.000674025
6.43e+06	0.000672209
6.435e+06	0.000675723
6.44e+06	0.000674915
6.445e+06	0.000675787
6.45e+06	0.000676453
6.455e+06	0.000674879
6.46e+06	0.000674039
6.465e+06	0.000673288
6.47e+06	0.000672276
6.475e+06	0.000671361
6.48e+06	0.000671956
6.485e+06	0.000671555
6.49e+06	0.000671408
6.495e+06	0.000671505
6.5e+06	0.000670283
6.505e+06	0.000669831
6.51e+06	0.000668698
6.515e+06	0.000669296
6.52e+06	0.000667889
6.525e+06	0.000665984
6.53e+06	0.000664453
6.535e+06	0.000664034
6.54e+06	0.000664455
6.545e+06	0.000664267
6.55e+06	0.000664555
6.555e+06	0.00066454
6.56e+06	0.000664628
6.565e+06	0.000663683
6.57e+06	0.000662203
6.575e+06	0.00066452
6.58e+06	0.00066425
6.585e+06	0.000663669
6.59e+06	0.000665557
6.595e+06	0.000666575
6.6e+06	0.000667483
6.605e+06	0.000666696
6.61e+06	0.000668071
6.615e+06	0.000669564
6.62e+06	0.000670263
6.625e+06	0.00067011
6.63e+06	0.000668943
6.635e+06	0.000666788
6.64e+06	0.000667625
6.645e+06	0.000667058
6.65e+06	0.000665306
6.655e+06	0.000662894
6.66e+06	0.000662234
6.665e+06	0.000661942
6.67e+06	0.000661528
6.675e+06	0.000661564
6.68e+06	0.000659645
6.685e+06	0.000657614
6.69e+06	0.000656369
6.695e+06	0.000655936
6.7e+06	0.000655369
6.705e+06	0.000655302
6.71e+06	0.000656045
6.715e+06	0.000655852
6.72e+06	0.000654927
6.725e+06	0.000653932
6.73e+06	0.000652709
6.735e+06	0.00065261
6.74e+06	0.00065146
6.745e+06	0.000651214
6.75e+06	0.000651017
6.755e+06	0.000651905
6.76e+06	0.000652036
6.765e+06	0.000651757
6.77e+06	0.000650547
6.775e+06	0.000648878
6.78e+06	0.00064862
6.785e+06	0.000647104
6.79e+06	0.000646556
6.795e+06	0.000646028
6.8e+06	0.000645861
6.805e+06	0.000644586
6.81e+06	0.000642943
6.815e+06	0.000642567
6.82e+06	0.000640379
6.825e+06	0.000639275
6.83e+06	0.000637733
6.835e+06	0.000637075
6.84e+06	0.000636379
6.845e+06	0.000636735
6.85e+06	0.000638219
6.855e+06	0.000636986
6.86e+06	0.000634167
6.865e+06	0.000634531
6.87e+06	0.000636697
6.875e+06	0.000636881
6.88e+06	0.000636806
6.885e+06	0.00063559
6.89e+06	0.000636588
6.895e+06	0.000636257
6.9e+06	0.000635922
6.905e+06	0.000634705
6.91e+06	0.000631782
6.915e+06	0.00063172
6.92e+06	0.000631456
6.925e+06	0.000630859
6.93e+06	0.000630294
6.935e+06	0.000630673
6.94e+06	0.000629159
6.945e+06	0.000629706
6.95e+06	0.00062831
6.955e+06	0.000627835
6.96e+06	0.000628486
6.965e+06	0.00062653
6.97e+06	0.000625052
6.975e+06	0.000624077
6.98e+06	0.000622846
6.985e+06	0.000624425
6.99e+06	0.000623766
6.995e+06	0.000624324
7e+06	0.000625044
7.005e+06	0.000621767
7.01e+06	0.000621042
7.015e+06	0.000620923
7.02e+06	0.000621337
7.025e+06	0.000622662
7.03e+06	0.000622757
7.035e+06	0.000624013
7.04e+06	0.000624538
7.045e+06	0.00062518
7.05e+06	0.00062538
7.055e+06	0.000625147
7.06e+06	0.000624596
7.065e+06	0.000623778
7.07e+06	0.000624302
7.075e+06	0.000624208
7.08e+06	0.000622046
7.085e+06	0.000620329
7.09e+06	0.000619942
7.095e+06	0.000619705
7.1e+06	0.00062091
7.105e+06	0.000622584
7.11e+06	0.000623643
7.115e+06	0.000623823
7.12e+06	0.000623789
7.125e+06	0.000622661
7.13e+06	0.000620002
7.135e+06	0.000619919
7.14e+06	0.000620188
7.145e+06	0.000619743
7.15e+06	0.000618651
7.155e+06	0.000616335
7.16e+06	0.000614104
7.165e+06	0.000611873
7.17e+06	0.000610946
7.175e+06	0.000610368
7.18e+06	0.000610688
7.185e+06	0.000610366
7.19e+06	0.000609758
7.195e+06	0.000609745
7.2e+06	0.000610306
7.205e+06	0.000609838
7.21e+06	0.000608908
7.215e+06	0.000608401
7.22e+06	0.000608323
7.225e+06	0.000609038
7.23e+06	0.000607869
7.235e+06	0.000606362
7.24e+06	0.00060542
7.245e+06	0.000603741
7.25e+06	0.000601998
7.255e+06	0.000600491
7.26e+06	0.000598945
7.265e+06	0.000598943
7.27e+06	0.000598787
7.275e+06	0.000600111
7.28e+06	0.00060016
7.285e+06	0.000600269
7.29e+06	0.00059876
7.295e+06	0.000595872
7.3e+06	0.000595971
7.305e+06	0.000594028
7.31e+06	0.00059165
7.315e+06	0.000590078
7.32e+06	0.000591221
7.325e+06	0.000591211
7.33e+06	0.000589716
7.335e+06	0.000587872
7.34e+06	0.000586568
7.345e+06	0.000585546
7.35e+06	0.000585741
7.355e+06	0.000585178
7.36e+06	0.000584377
7.365e+06	0.0005858
7.37e+06	0.000585614
7.375e+06	0.0005845
7.38e+06	0.00058328
7.385e+06	0.000582082
7.39e+06	0.000583069
7.395e+06	0.000584971
7.4e+06	0.000584899
7.405e+06	0.000585526
7.41e+06	0.00058579
7.415e+06	0.000587518
7.42e+06	0.000587468
7.425e+06	0.000587862
7.43e+06	0.000588857
7.435e+06	0.000590226
7.44e+06	0.000591528
7.445e+06	0.000590957
7.45e+06	0.000590692
7.455e+06	0.000591291
7.46e+06	0.000590346
7.465e+06	0.00059096
7.47e+06	0.00059141
7.475e+06	0.000592341
7.48e+06	0.0005935
7.485e+06	0.000594386
7.49e+06	0.000594068
7.495e+06	0.000594349
7.5e+06	0.000593278
7.505e+06	0.000591353
7.51e+06	0.000591567
7.515e+06	0.000592053
7.52e+06	0.000591909
7.525e+06	0.000590628
7.53e+06	0.000590733
7.535e+06	0.000590703
7.54e+06	0.000590632
7.545e+06	0.000588805
7.55e+06	0.00058767
7.555e+06	0.000587146
7.56e+06	0.000585793
7.565e+06	0.000584131
7.57e+06	0.000581772
7.575e+06	0.000578856
7.58e+06	0.000577579
7.585e+06	0.000576921
7.59e+06	0.000578567
7.595e+06	0.000579648
7.6e+06	0.000579828
7.605e+06	0.000578979
7.61e+06	0.000580078
7.615e+06	0.000580191
7.62e+06	0.00057986
7.625e+06	0.000580103
7.63e+06	0.000580944
7.635e+06	0.000581898
7.64e+06	0.000582205
7.645e+06	0.000582045
7.65e+06	0.00058101
7.655e+06	0.000580034
7.66e+06	0.000580062
7.665e+06	0.000579543
7.67e+06	0.000580215
7.675e+06	0.000581114
7.68e+06	0.000583539
7.685e+06	0.000584047
7.69e+06	0.00058475
7.695e+06	0.000585584
7.7e+06	0.000585591
7.705e+06	0.000585953
7.71e+06	0.000586507
7.715e+06	0.000585732
7.72e+06	0.000585385
7.725e+06	0.000585465
7.73e+06	0.000584888
7.735e+06	0.000583989
7.74e+06	0.000584043
7.745e+06	0.000585357
7.75e+06	0.000585069
7.755e+06	0.00058468
7.76e+06	0.000586465
7.765e+06	0.000585064
7.77e+06	0.000583342
7.775e+06	0.000584007
7.78e+06	0.000583621
7.785e+06	0.000582496
7.79e+06	0.000582322
7.795e+06	0.000582591
7.8e+06	0.000582099
7.805e+06	0.000581145
7.81e+06	0.000581959
7.815e+06	0.000582567
7.82e+06	0.000581351
7.825e+06	0.000581332
7.83e+06	0.00058147
7.835e+06	0.000582136
7.84e+06	0.000582497
7.845e+06	0.000581928
7.85e+06	0.000582547
7.855e+06	0.000581809
7.86e+06	0.000583213
7.865e+06	0.000584177
7.87e+06	0.000583768
7.875e+06	0.000582474
7.88e+06	0.000581197
7.885e+06	0.000578764
7.89e+06	0.000577686
7.895e+06	0.000577049
7.9e+06	0.00057546
7.905e+06	0.000575904
7.91e+06	0.000576046
7.915e+06	0.000575823
7.92e+06	0.000574017
7.925e+06	0.000572101
7.93e+06	0.000572597
7.935e+06	0.000571703
7.94e+06	0.000571885
7.945e+06	0.000573433
7.95e+06	0.000573854
7.955e+06	0.000575182
7.96e+06	0.000575943
7.965e+06	0.000575154
7.97e+06	0.000574981
7.975e+06	0.00057493
7.98e+06	0.000574684
7.985e+06	0.000575409
7.99e+06	0.000576081
7.995e+06	0.000576415
8e+06	0.000575925
8.005e+06	0.000574309
8.01e+06	0.000572742
8.015e+06	0.000571133
8.02e+06	0.000570378
8.025e+06	0.000570855
8.03e+06	0.00057139
8.035e+06	0.00057278
8.04e+06	0.000573034
8.045e+06	0.000571944
8.05e+06	0.00056985
8.055e+06	0.000570862
8.06e+06	0.000570014
8.065e+06	0.000568826
8.07e+06	0.000568517
8.075e+06	0.000568106
8.08e+06	0.000568769
8.085e+06	0.000567978
8.09e+06	0.000565825
8.095e+06	0.000564139
8.1e+06	0.000563176
8.105e+06	0.000562845
8.11e+06	0.000563208
8.115e+06	0.000563111
8.12e+06	0.000563265
8.125e+06	0.000562486
8.13e+06	0.000562743
8.135e+06	0.000561758
8.14e+06	0.000561846
8.145e+06	0.000560709
8.15e+06	0.000558657
8.155e+06	0.000557072
8.16e+06	0.000556036
8.165e+06	0.00055565
8.17e+06	0.000556505
8.175e+06	0.000556467
8.18e+06	0.00055535
8.185e+06	0.000556401
8.19e+06	0.0005582
8.195e+06	0.000559924
8.2e+06	0.00056028
8.205e+06	0.00056021
8.21e+06	0.000559401
8.215e+06	0.000559218
8.22e+06	0.000558228
8.225e+06	0.000557498
8.23e+06	0.000557915
8.235e+06	0.000557439
8.24e+06	0.000557286
8.245e+06	0.000555908
8.25e+06	0.00055662
8.255e+06	0.000557827
8.26e+06	0.000558827
8.265e+06	0.00055957
8.27e+06	0.000559323
8.275e+06	0.000559657
8.28e+06	0.000559696
8.285e+06	0.000560539
8.29e+06	0.000561553
8.295e+06	0.000562199
8.3e+06	0.000562441
8.305e+06	0.000561441
8.31e+06	0.00056133
8.315e+06	0.000561089
8.32e+06	0.000560013
8.325e+06	0.000559146
8.33e+06	0.00055879
8.335e+06	0.000558817
8.34e+06	0.00055984
8.345e+06	0.000560535
8.35e+06	0.000559413
8.355e+06	0.0005591
8.36e+06	0.000558863
8.365e+06	0.000558606
8.37e+06	0.000559159
8.375e+06	0.000558289
8.38e+06	0.000558363
8.385e+06	0.000558801
8.39e+06	0.000559377
8.395e+06	0.000559242
8.4e+06	0.000560241
8.405e+06	0.00055963
8.41e+06	0.00056005
8.415e+06	0.000559366
8.42e+06	0.00055852
8.425e+06	0.000560275
8.43e+06	0.000562079
8.435e+06	0.000561833
8.44e+06	0.000561165
8.445e+06	0.000558999
8.45e+06	0.000558841
8.455e+06	0.00055879
8.46e+06	0.000558821
8.465e+06	0.000558888
8.47e+06	0.000558648
8.475e+06	0.000557688
8.48e+06	0.000555701
8.485e+06	0.000554612
8.49e+06	0.000554971
8.495e+06	0.000556793
8.5e+06	0.000559422
8.505e+06	0.000559976
8.51e+06	0.000562678
8.515e+06	0.000563691
8.52e+06	0.000562702
8.525e+06	0.000564054
8.53e+06	0.000564671
8.535e+06	0.000565924
8.54e+06	0.00056686
8.545e+06	0.000568006
8.55e+06	0.000568685
8.555e+06	0.000569214
8.56e+06	0.000570743
8.565e+06	0.000570223
8.57e+06	0.00056854
8.575e+06	0.00056821
8.58e+06	0.000567276
8.585e+06	0.000566457
8.59e+06	0.000567536
8.595e+06	0.000567283
8.6e+06	0.000566953
8.605e+06	0.000568064
8.61e+06	0.000567046
8.615e+06	0.000567436
8.62e+06	0.000568627
8.625e+06	0.000569574
8.63e+06	0.000570007
8.635e+06	0.00057103
8.64e+06	0.000571071
8.645e+06	0.000571629
8.65e+06	0.000572195
8.655e+06	0.000572228
8.66e+06	0.000572228
8.665e+06	0.000573388
8.67e+06	0.000573682
8.675e+06	0.000572843
8.68e+06	0.000571462
8.685e+06	0.000572679
8.69e+06	0.000572303
8.695e+06	0.000571694
8.7e+06	0.000570186
8.705e+06	0.000570388
8.71e+06	0.000569118
8.715e+06	0.000567659
8.72e+06	0.000567029
8.725e+06	0.000566647
8.73e+06	0.000566189
8.735e+06	0.000566559
8.74e+06	0.000566285
8.745e+06	0.000564632
8.75e+06	0.000564072
8.755e+06	0.000563271
8.76e+06	0.000563039
8.765e+06	0.000561741
8.77e+06	0.000562808
8.775e+06	0.000563736
8.78e+06	0.000563788
8.785e+06	0.000563671
8.79e+06	0.000563885
8.795e+06	0.000564779
8.8e+06	0.000566239
8.805e+06	0.000566403
8.81e+06	0.000566265
8.815e+06	0.000566026
8.82e+06	0.000566021
8.825e+06	0.000566538
8.83e+06	0.000566499
8.835e+06	0.000566806
8.84e+06	0.000566014
8.845e+06	0.000565198
8.85e+06	0.000564856
8.855e+06	0.000564798
8.86e+06	0.00056669
8.865e+06	0.000566285
8.87e+06	0.00056532
8.875e+06	0.000567055
8.88e+06	0.000567786
8.885e+06	0.000569289
8.89e+06	0.000568892
8.895e+06	0.000566757
8.9e+06	0.000565686
8.905e+06	0.000565319
8.91e+06	0.00056454
8.915e+06	0.00056252
8.92e+06	0.000561176
8.925e+06	0.000559933
8.93e+06	0.000559552
8.935e+06	0.000558825
8.94e+06	0.000557506
8.945e+06	0.000557249
8.95e+06	0.000556818
8.955e+06	0.000558157
8.96e+06	0.000558229
8.965e+06	0.0005569
8.97e+06	0.00055646
8.975e+06	0.000555848
8.98e+06	0.000554033
8.985e+06	0.000552566
8.99e+06	0.000551761
8.995e+06	0.000550889
9e+06	0.000550828
9.005e+06	0.000550827
9.01e+06	0.000550221
9.015e+06	0.000549272
9.02e+06	0.000549383
9.025e+06	0.000548356
9.03e+06	0.000547852
9.035e+06	0.000546687
9.04e+06	0.000546166
9.045e+06	0.000545656
9.05e+06	0.000545335
9.055e+06	0.000545478
9.06e+06	0.000545943
9.065e+06	0.000545502
9.07e+06	0.000545542
9.075e+06	0.000544779
9.08e+06	0.00054411
9.085e+06	0.000544383
9.09e+06	0.000543452
9.095e+06	0.000542784
9.1e+06	0.00054173
9.105e+06	0.000540799
9.11e+06	0.000539267
9.115e+06	0.000539548
9.12e+06	0.000538864
9.125e+06	0.000538609
9.13e+06	0.000538011
9.135e+06	0.000536924
9.14e+06	0.000535587
9.145e+06	0.00053459
9.15e+06	0.000536129
9.155e+06	0.000536443
9.16e+06	0.000535809
9.165e+06	0.000534954
9.17e+06	0.000534791
9.175e+06	0.000535835
9.18e+06	0.000536007
9.185e+06	0.000536311
9.19e+06	0.000535809
9.195e+06	0.000535136
9.2e+06	0.000535568
9.205e+06	0.000536688
9.21e+06	0.000536823
9.215e+06	0.000538195
9.22e+06	0.000538719
9.225e+06	0.000538748
9.23e+06	0.000537899
9.235e+06	0.000536989
9.24e+06	0.000537623
9.245e+06	0.000537694
9.25e+06	0.000536729
9.255e+06	0.000537575
9.26e+06	0.000538838
9.265e+06	0.000540065
9.27e+06	0.000540385
9.275e+06	0.00053967
9.28e+06	0.000540087
9.285e+06	0.000539681
9.29e+06	0.00054056
9.295e+06	0.000540079
9.3e+06	0.000539449
9.305e+06	0.000539247
9.31e+06	0.000539057
9.315e+06	0.000540164
9.32e+06	0.000540334
9.325e+06	0.000541187
9.33e+06	0.000540322
9.335e+06	0.000539402
9.34e+06	0.000538139
9.345e+06	0.000537737
9.35e+06	0.000537349
9.355e+06	0.000536528
9.36e+06	0.000536036
9.365e+06	0.000535243
9.37e+06	0.00053587
9.375e+06	0.000535238
9.38e+06	0.000534577
9.385e+06	0.000531883
9.39e+06	0.000531744
9.395e+06	0.00053187
9.4e+06	0.000532111
9.405e+06	0.000531986
9.41e+06	0.000531387
9.415e+06	0.000531202
9.42e+06	0.000530467
9.425e+06	0.000531167
9.43e+06	0.000531118
9.435e+06	0.000531288
9.44e+06	0.000532047
9.445e+06	0.000532897
9.45e+06	0.000532376
9.455e+06	0.000532577
9.46e+06	0.000531294
9.465e+06	0.00053222
9.47e+06	0.000533131
9.475e+06	0.000532941
9.48e+06	0.000532379
9.485e+06	0.000532605
9.49e+06	0.000532071
9.495e+06	0.00053197
9.5e+06	0.00053292
9.505e+06	0.00053453
9.51e+06	0.000534293
9.515e+06	0.00053438
9.52e+06	0.000533756
9.525e+06	0.000532781
9.53e+06	0.000531583
9.535e+06	0.000530175
9.54e+06	0.000528701
9.545e+06	0.000526826
9.55e+06	0.000525981
9.555e+06	0.000524373
9.56e+06	0.000524183
9.565e+06	0.00052356
9.57e+06	0.000522581
9.575e+06	0.000521147
9.58e+06	0.000519539
9.585e+06	0.000519304
9.59e+06	0.000519078
9.595e+06	0.000518535
9.6e+06	0.000518167
9.605e+06	0.000517428
9.61e+06	0.000516838
9.615e+06	0.000516454
9.62e+06	0.000516764
9.625e+06	0.000516927
9.63e+06	0.000517885
9.635e+06	0.00051749
9.64e+06	0.000517456
9.645e+06	0.000517894
9.65e+06	0.000518248
9.655e+06	0.000518833
9.66e+06	0.000519374
9.665e+06	0.000518501
9.67e+06	0.000517039
9.675e+06	0.000516217
9.68e+06	0.00051618
9.685e+06	0.000516159
9.69e+06	0.000517216
9.695e+06	0.00051821
9.7e+06	0.000518778
9.705e+06	0.000518734
9.71e+06	0.000518637
9.715e+06	0.000518554
9.72e+06	0.000517793
9.725e+06	0.000517293
9.73e+06	0.000517155
9.735e+06	0.000516264
9.74e+06	0.000515727
9.745e+06	0.000515979
9.75e+06	0.000515816
9.755e+06	0.000515237
9.76e+06	0.000514324
9.765e+06	0.000512673
9.77e+06	0.000512308
9.775e+06	0.000513197
9.78e+06	0.000512889
9.785e+06	0.000512185
9.79e+06	0.000511273
9.795e+06	0.00050995
9.8e+06	0.000510448
9.805e+06	0.000511222
9.81e+06	0.000511298
9.815e+06	0.000511428
9.82e+06	0.000512378
9.825e+06	0.000512142
9.83e+06	0.000511391
9.835e+06	0.000510239
9.84e+06	0.000510546
9.845e+06	0.000511543
9.85e+06	0.000512379
9.855e+06	0.000512676
9.86e+06	0.00051237
9.865e+06	0.000512264
9.87e+06	0.000511284
9.875e+06	0.000510881
9.88e+06	0.000508603
9.885e+06	0.000507163
9.89e+06	0.000506654
9.895e+06	0.000506202
9.9e+06	0.000505393
9.905e+06	0.000503394
9.91e+06	0.000501679
9.915e+06	0.000500617
9.92e+06	0.000498635
9.925e+06	0.000497816
9.93e+06	0.000496793
9.935e+06	0.00049567
9.94e+06	0.00049429
9.945e+06	0.000494391
9.95e+06	0.000495922
9.955e+06	0.000495652
9.96e+06	0.00049533
9.965e+06	0.000496127
9.97e+06	0.000495657
9.975e+06	0.000495269
9.98e+06	0.000494092
9.985e+06	0.000493646
9.99e+06	0.000493073
9.995e+06	0.000493746
1e+07	0.000493174
