5000	0.566293
10000	0.325313
15000	0.224952
20000	0.138695
25000	0.0899403
30000	0.0707978
35000	0.060465
40000	0.0504689
45000	0.042516
50000	0.0361033
55000	0.03172
60000	0.0294904
65000	0.0276267
70000	0.0251301
75000	0.0239728
80000	0.0223611
85000	0.0218152
90000	0.0212373
95000	0.0202346
100000	0.0194758
105000	0.0188789
110000	0.0181607
115000	0.0178444
120000	0.0175906
125000	0.0174409
130000	0.0169841
135000	0.0167171
140000	0.0164618
145000	0.0161908
150000	0.0162437
155000	0.0160012
160000	0.0159143
165000	0.0156096
170000	0.0150804
175000	0.014905
180000	0.0146844
185000	0.0143344
190000	0.0140015
195000	0.0138103
200000	0.013729
205000	0.013345
210000	0.0130631
215000	0.0127745
220000	0.0124317
225000	0.0119263
230000	0.0116053
235000	0.0113005
240000	0.0111461
245000	0.0110067
250000	0.0108862
255000	0.0107852
260000	0.0106269
265000	0.0105287
270000	0.0104064
275000	0.0102208
280000	0.00996476
285000	0.00981987
290000	0.00969018
295000	0.00966746
300000	0.00955458
305000	0.00948946
310000	0.00946384
315000	0.00956827
320000	0.00944071
325000	0.00936211
330000	0.00919003
335000	0.00918457
340000	0.00914477
345000	0.00914113
350000	0.0091891
355000	0.00920521
360000	0.00911473
365000	0.00903504
370000	0.00902743
375000	0.0089812
380000	0.00899445
385000	0.00877181
390000	0.00875034
395000	0.00873903
400000	0.00863883
405000	0.00853689
410000	0.00844132
415000	0.00833678
420000	0.00826726
425000	0.00816158
430000	0.00806387
435000	0.00794552
440000	0.00786972
445000	0.00782143
450000	0.00783377
455000	0.00780904
460000	0.00785598
465000	0.00784233
470000	0.0078386
475000	0.00775288
480000	0.00769402
485000	0.0076668
490000	0.00769818
495000	0.00762493
500000	0.0074334
505000	0.00728178
510000	0.00726842
515000	0.0071987
520000	0.00715528
525000	0.0072176
530000	0.00721413
535000	0.00723755
540000	0.00719821
545000	0.0071616
550000	0.00709104
555000	0.00696081
560000	0.0068609
565000	0.00681334
570000	0.00677738
575000	0.00677642
580000	0.00671072
585000	0.00668802
590000	0.00670823
595000	0.0067564
600000	0.00674939
605000	0.0067506
610000	0.00668785
615000	0.00662954
620000	0.00656016
625000	0.00648385
630000	0.00646252
635000	0.00638737
640000	0.0063116
645000	0.00623479
650000	0.00624687
655000	0.00625548
660000	0.0062616
665000	0.00616482
670000	0.00608812
675000	0.00601377
680000	0.00594076
685000	0.00588815
690000	0.00586714
695000	0.00582875
700000	0.00582982
705000	0.00584548
710000	0.00584657
715000	0.00584008
720000	0.00581639
725000	0.0057889
730000	0.00581349
735000	0.00580572
740000	0.00580079
745000	0.00578841
750000	0.00577326
755000	0.00576349
760000	0.00578717
765000	0.00579792
770000	0.00577054
775000	0.00569473
780000	0.00560672
785000	0.00557398
790000	0.00554388
795000	0.00553117
800000	0.00549596
805000	0.0054656
810000	0.00545221
815000	0.00540079
820000	0.00532087
825000	0.00527628
830000	0.0052369
835000	0.00525208
840000	0.00528138
845000	0.00525137
850000	0.00526285
855000	0.00526284
860000	0.00527164
865000	0.00525575
870000	0.00523203
875000	0.00521612
880000	0.00516561
885000	0.00520282
890000	0.00522255
895000	0.00522664
900000	0.0052163
905000	0.00520678
910000	0.00514848
915000	0.00514334
920000	0.00513458
925000	0.00510405
930000	0.00511287
935000	0.00511583
940000	0.00510186
945000	0.00510749
950000	0.00511512
955000	0.00511645
960000	0.00511205
965000	0.00511067
970000	0.00509789
975000	0.00514632
980000	0.00519417
985000	0.0052053
990000	0.00516717
995000	0.00511004
1e+06	0.00509013
1.005e+06	0.00509459
1.01e+06	0.0050531
1.015e+06	0.00505503
1.02e+06	0.00504887
1.025e+06	0.00502534
1.03e+06	0.00499864
1.035e+06	0.00501743
1.04e+06	0.00500687
1.045e+06	0.00506309
1.05e+06	0.00503298
1.055e+06	0.00498817
1.06e+06	0.00497858
1.065e+06	0.00493083
1.07e+06	0.00489857
1.075e+06	0.00491201
1.08e+06	0.00491238
1.085e+06	0.00491831
1.09e+06	0.00491147
1.095e+06	0.00487885
1.1e+06	0.00485405
1.105e+06	0.00483938
1.11e+06	0.0048086
1.115e+06	0.00477996
1.12e+06	0.00473826
1.125e+06	0.00475425
1.13e+06	0.00479284
1.135e+06	0.0048046
1.14e+06	0.00481841
1.145e+06	0.00481281
1.15e+06	0.00479372
1.155e+06	0.00479787
1.16e+06	0.00480114
1.165e+06	0.00480291
1.17e+06	0.0047749
1.175e+06	0.00476592
1.18e+06	0.00473635
1.185e+06	0.00469568
1.19e+06	0.004658
1.195e+06	0.00462306
1.2e+06	0.00459308
1.205e+06	0.00456312
1.21e+06	0.0045724
1.215e+06	0.00458212
1.22e+06	0.0045455
1.225e+06	0.00449183
1.23e+06	0.00446903
1.235e+06	0.00443143
1.24e+06	0.00441336
1.245e+06	0.00441248
1.25e+06	0.0044149
1.255e+06	0.00440251
1.26e+06	0.00438071
1.265e+06	0.00435333
1.27e+06	0.00433486
1.275e+06	0.00431284
1.28e+06	0.00425257
1.285e+06	0.00424182
1.29e+06	0.00420226
1.295e+06	0.00415581
1.3e+06	0.00411462
1.305e+06	0.00407867
1.31e+06	0.00409431
1.315e+06	0.00411577
1.32e+06	0.00410846
1.325e+06	0.0040918
1.33e+06	0.00410074
1.335e+06	0.00408308
1.34e+06	0.00405242
1.345e+06	0.00403437
1.35e+06	0.00403903
1.355e+06	0.00403358
1.36e+06	0.00400937
1.365e+06	0.00402449
1.37e+06	0.00400949
1.375e+06	0.00397526
1.38e+06	0.00396636
1.385e+06	0.00395475
1.39e+06	0.00393509
1.395e+06	0.00391561
1.4e+06	0.0039205
1.405e+06	0.00389286
1.41e+06	0.00389619
1.415e+06	0.00390485
1.42e+06	0.00392627
1.425e+06	0.00395479
1.43e+06	0.00395123
1.435e+06	0.00392061
1.44e+06	0.00391764
1.445e+06	0.00389933
1.45e+06	0.00388764
1.455e+06	0.00385937
1.46e+06	0.00384315
1.465e+06	0.00381683
1.47e+06	0.00378877
1.475e+06	0.00378304
1.48e+06	0.00378836
1.485e+06	0.00375905
1.49e+06	0.00373419
1.495e+06	0.00371694
1.5e+06	0.00371003
1.505e+06	0.00368174
1.51e+06	0.00367952
1.515e+06	0.00366131
1.52e+06	0.00363698
1.525e+06	0.00362827
1.53e+06	0.00362829
1.535e+06	0.00360739
1.54e+06	0.00359212
1.545e+06	0.00358166
1.55e+06	0.00357631
1.555e+06	0.00356508
1.56e+06	0.0035708
1.565e+06	0.00356272
1.57e+06	0.00355415
1.575e+06	0.00355526
1.58e+06	0.0035325
1.585e+06	0.0035174
1.59e+06	0.00351852
1.595e+06	0.00351947
1.6e+06	0.003513
1.605e+06	0.00350135
1.61e+06	0.00348894
1.615e+06	0.00348112
1.62e+06	0.00347972
1.625e+06	0.00348687
1.63e+06	0.00348822
1.635e+06	0.00346658
1.64e+06	0.00345675
1.645e+06	0.00346344
1.65e+06	0.00344023
1.655e+06	0.00342764
1.66e+06	0.00342394
1.665e+06	0.0033991
1.67e+06	0.00337293
1.675e+06	0.00334654
1.68e+06	0.00333208
1.685e+06	0.00332167
1.69e+06	0.003297
1.695e+06	0.00331293
1.7e+06	0.00334699
1.705e+06	0.00335326
1.71e+06	0.00335381
1.715e+06	0.0033376
1.72e+06	0.00333663
1.725e+06	0.00333808
1.73e+06	0.00334826
1.735e+06	0.00335098
1.74e+06	0.00335862
1.745e+06	0.00336789
1.75e+06	0.00337848
1.755e+06	0.0033666
1.76e+06	0.00337757
1.765e+06	0.0033773
1.77e+06	0.0033855
1.775e+06	0.00338201
1.78e+06	0.00338801
1.785e+06	0.00338341
1.79e+06	0.00336912
1.795e+06	0.00336459
1.8e+06	0.00336242
1.805e+06	0.00335148
1.81e+06	0.00333001
1.815e+06	0.00332818
1.82e+06	0.00331039
1.825e+06	0.00329772
1.83e+06	0.00329047
1.835e+06	0.00328281
1.84e+06	0.0033113
1.845e+06	0.00332401
1.85e+06	0.00333396
1.855e+06	0.00334698
1.86e+06	0.00332471
1.865e+06	0.00331261
1.87e+06	0.00329493
1.875e+06	0.00327906
1.88e+06	0.00325912
1.885e+06	0.00324794
1.89e+06	0.00322719
1.895e+06	0.0032057
1.9e+06	0.00317314
1.905e+06	0.00315612
1.91e+06	0.00315227
1.915e+06	0.00313609
1.92e+06	0.00312508
1.925e+06	0.00312132
1.93e+06	0.00311688
1.935e+06	0.00310151
1.94e+06	0.00310241
1.945e+06	0.00309237
1.95e+06	0.00308169
1.955e+06	0.00309089
1.96e+06	0.00309072
1.965e+06	0.00308615
1.97e+06	0.00306815
1.975e+06	0.00306628
1.98e+06	0.00305189
1.985e+06	0.00306259
1.99e+06	0.00304663
1.995e+06	0.00303132
2e+06	0.00302517
2.005e+06	0.00303647
2.01e+06	0.00303599
2.015e+06	0.00302883
2.02e+06	0.00300976
2.025e+06	0.00298224
2.03e+06	0.00296471
2.035e+06	0.00294473
2.04e+06	0.00292833
2.045e+06	0.00290693
2.05e+06	0.00291554
2.055e+06	0.00292885
2.06e+06	0.00292529
2.065e+06	0.00293155
2.07e+06	0.00294441
2.075e+06	0.00295169
2.08e+06	0.00294484
2.085e+06	0.00294416
2.09e+06	0.00295299
2.095e+06	0.00297007
2.1e+06	0.00296631
2.105e+06	0.00296569
2.11e+06	0.00295264
2.115e+06	0.00293939
2.12e+06	0.00292365
2.125e+06	0.00293623
2.13e+06	0.00292974
2.135e+06	0.00291795
2.14e+06	0.00290307
2.145e+06	0.00289516
2.15e+06	0.00288723
2.155e+06	0.00289923
2.16e+06	0.00290092
2.165e+06	0.00288058
2.17e+06	0.00286649
2.175e+06	0.00285226
2.18e+06	0.00286706
2.185e+06	0.00285845
2.19e+06	0.00284932
2.195e+06	0.00285739
2.2e+06	0.00285694
2.205e+06	0.0028557
2.21e+06	0.00283994
2.215e+06	0.00282877
2.22e+06	0.00281689
2.225e+06	0.00281563
2.23e+06	0.00281164
2.235e+06	0.00279165
2.24e+06	0.00279058
2.245e+06	0.00277669
2.25e+06	0.00276606
2.255e+06	0.0027704
2.26e+06	0.00276782
2.265e+06	0.00278395
2.27e+06	0.00278586
2.275e+06	0.00279937
2.28e+06	0.00276823
2.285e+06	0.00275064
2.29e+06	0.00275647
2.295e+06	0.00276188
2.3e+06	0.00276275
2.305e+06	0.00275847
2.31e+06	0.00276875
2.315e+06	0.00277625
2.32e+06	0.00277353
2.325e+06	0.00279403
2.33e+06	0.00280005
2.335e+06	0.00281673
2.34e+06	0.00280463
2.345e+06	0.00279947
2.35e+06	0.0027856
2.355e+06	0.00276664
2.36e+06	0.00275937
2.365e+06	0.00275694
2.37e+06	0.00276436
2.375e+06	0.00277574
2.38e+06	0.00279276
2.385e+06	0.00280429
2.39e+06	0.00280296
2.395e+06	0.00282518
2.4e+06	0.00283454
2.405e+06	0.00285267
2.41e+06	0.00285011
2.415e+06	0.0028456
2.42e+06	0.00283952
2.425e+06	0.00282645
2.43e+06	0.00283771
2.435e+06	0.00284194
2.44e+06	0.00282493
2.445e+06	0.00281343
2.45e+06	0.00281796
2.455e+06	0.00281217
2.46e+06	0.00279711
2.465e+06	0.00279603
2.47e+06	0.00278539
2.475e+06	0.00276677
2.48e+06	0.00276564
2.485e+06	0.00277252
2.49e+06	0.00277894
2.495e+06	0.00278803
2.5e+06	0.00279962
2.505e+06	0.002805
2.51e+06	0.00279191
2.515e+06	0.00277972
2.52e+06	0.00276736
2.525e+06	0.00277282
2.53e+06	0.00276513
2.535e+06	0.00276781
2.54e+06	0.00278267
2.545e+06	0.00277927
2.55e+06	0.00279513
2.555e+06	0.0028163
2.56e+06	0.00282059
2.565e+06	0.0028065
2.57e+06	0.00279524
2.575e+06	0.00278476
2.58e+06	0.0027717
2.585e+06	0.00277373
2.59e+06	0.00277047
2.595e+06	0.00276542
2.6e+06	0.00278211
2.605e+06	0.00278838
2.61e+06	0.00278535
2.615e+06	0.00278393
2.62e+06	0.00277955
2.625e+06	0.00278347
2.63e+06	0.00278803
2.635e+06	0.00278463
2.64e+06	0.00277223
2.645e+06	0.00277929
2.65e+06	0.00276755
2.655e+06	0.00275951
2.66e+06	0.00274714
2.665e+06	0.00275526
2.67e+06	0.0027671
2.675e+06	0.002766
2.68e+06	0.00275955
2.685e+06	0.00274372
2.69e+06	0.00273468
2.695e+06	0.00273132
2.7e+06	0.00272641
2.705e+06	0.00272843
2.71e+06	0.00273153
2.715e+06	0.00273283
2.72e+06	0.00274619
2.725e+06	0.00274116
2.73e+06	0.00274332
2.735e+06	0.00274348
2.74e+06	0.00274523
2.745e+06	0.00272683
2.75e+06	0.00272347
2.755e+06	0.00271731
2.76e+06	0.00272103
2.765e+06	0.00271691
2.77e+06	0.00271917
2.775e+06	0.00273158
2.78e+06	0.00272618
2.785e+06	0.00272817
2.79e+06	0.00272592
2.795e+06	0.00271978
2.8e+06	0.00269192
2.805e+06	0.00268405
2.81e+06	0.00266202
2.815e+06	0.00265621
2.82e+06	0.00266378
2.825e+06	0.00267464
2.83e+06	0.00268649
2.835e+06	0.00268404
2.84e+06	0.00268582
2.845e+06	0.00266971
2.85e+06	0.00265319
2.855e+06	0.00265602
2.86e+06	0.00265687
2.865e+06	0.00265372
2.87e+06	0.00265207
2.875e+06	0.00265143
2.88e+06	0.00265533
2.885e+06	0.00265439
2.89e+06	0.00265518
2.895e+06	0.00263661
2.9e+06	0.0026437
2.905e+06	0.00264689
2.91e+06	0.00263728
2.915e+06	0.0026366
2.92e+06	0.00262603
2.925e+06	0.00263417
2.93e+06	0.00264371
2.935e+06	0.00264352
2.94e+06	0.0026372
2.945e+06	0.00263496
2.95e+06	0.00261109
2.955e+06	0.00259786
2.96e+06	0.00258657
2.965e+06	0.00260034
2.97e+06	0.00260593
2.975e+06	0.00260249
2.98e+06	0.00259216
2.985e+06	0.00259146
2.99e+06	0.00260165
2.995e+06	0.00260796
3e+06	0.00260279
3.005e+06	0.00259362
3.01e+06	0.0025859
3.015e+06	0.00258191
3.02e+06	0.00257532
3.025e+06	0.002563
3.03e+06	0.00255079
3.035e+06	0.00254151
3.04e+06	0.00253132
3.045e+06	0.00252133
3.05e+06	0.00251502
3.055e+06	0.00251656
3.06e+06	0.00251217
3.065e+06	0.00249438
3.07e+06	0.00249015
3.075e+06	0.00248221
3.08e+06	0.00249685
3.085e+06	0.00250316
3.09e+06	0.00250594
3.095e+06	0.00251094
3.1e+06	0.00251835
3.105e+06	0.00252226
3.11e+06	0.00251693
3.115e+06	0.00251753
3.12e+06	0.00251244
3.125e+06	0.00251196
3.13e+06	0.00251199
3.135e+06	0.00251527
3.14e+06	0.00251514
3.145e+06	0.00250598
3.15e+06	0.0024967
3.155e+06	0.00250232
3.16e+06	0.0024916
3.165e+06	0.00247992
3.17e+06	0.00247993
3.175e+06	0.00246697
3.18e+06	0.00245077
3.185e+06	0.00244589
3.19e+06	0.00244515
3.195e+06	0.00244131
3.2e+06	0.00244602
3.205e+06	0.00244995
3.21e+06	0.00245621
3.215e+06	0.00246351
3.22e+06	0.00246119
3.225e+06	0.00245923
3.23e+06	0.00247592
3.235e+06	0.00248264
3.24e+06	0.00248019
3.245e+06	0.00246999
3.25e+06	0.00246402
3.255e+06	0.00245796
3.26e+06	0.00243852
3.265e+06	0.00242463
3.27e+06	0.00241431
3.275e+06	0.00241197
3.28e+06	0.00241633
3.285e+06	0.00242751
3.29e+06	0.0024322
3.295e+06	0.00243628
3.3e+06	0.00241892
3.305e+06	0.00240082
3.31e+06	0.0023863
3.315e+06	0.00238516
3.32e+06	0.00237748
3.325e+06	0.00236768
3.33e+06	0.00237131
3.335e+06	0.00239018
3.34e+06	0.00238861
3.345e+06	0.00238898
3.35e+06	0.00239579
3.355e+06	0.00239779
3.36e+06	0.0024113
3.365e+06	0.00241644
3.37e+06	0.00240536
3.375e+06	0.00239656
3.38e+06	0.00239126
3.385e+06	0.00239158
3.39e+06	0.0023872
3.395e+06	0.00237759
3.4e+06	0.00236239
3.405e+06	0.00235166
3.41e+06	0.00234362
3.415e+06	0.00233854
3.42e+06	0.00234433
3.425e+06	0.0023492
3.43e+06	0.00233781
3.435e+06	0.00233717
3.44e+06	0.00233177
3.445e+06	0.00232885
3.45e+06	0.00232937
3.455e+06	0.00231512
3.46e+06	0.00230976
3.465e+06	0.00231447
3.47e+06	0.00231164
3.475e+06	0.00231233
3.48e+06	0.00231309
3.485e+06	0.0023183
3.49e+06	0.00231487
3.495e+06	0.00231417
3.5e+06	0.00230269
3.505e+06	0.00229528
3.51e+06	0.00230338
3.515e+06	0.00230525
3.52e+06	0.00230645
3.525e+06	0.00231245
3.53e+06	0.00232049
3.535e+06	0.00232629
3.54e+06	0.00233144
3.545e+06	0.00231054
3.55e+06	0.00230234
3.555e+06	0.00230551
3.56e+06	0.0023149
3.565e+06	0.00232534
3.57e+06	0.00233542
3.575e+06	0.00233039
3.58e+06	0.00231223
3.585e+06	0.00229515
3.59e+06	0.00229178
3.595e+06	0.00230365
3.6e+06	0.00230897
3.605e+06	0.00231536
3.61e+06	0.00231664
3.615e+06	0.00231914
3.62e+06	0.0023149
3.625e+06	0.00230851
3.63e+06	0.00230321
3.635e+06	0.00229639
3.64e+06	0.00230134
3.645e+06	0.00229783
3.65e+06	0.00229254
3.655e+06	0.00228225
3.66e+06	0.00228737
3.665e+06	0.00228784
3.67e+06	0.00228618
3.675e+06	0.00229301
3.68e+06	0.00229161
3.685e+06	0.00229239
3.69e+06	0.00229055
3.695e+06	0.0022811
3.7e+06	0.00228222
3.705e+06	0.0022779
3.71e+06	0.00227464
3.715e+06	0.00228489
3.72e+06	0.00228904
3.725e+06	0.0022873
3.73e+06	0.00229375
3.735e+06	0.00230527
3.74e+06	0.00230593
3.745e+06	0.00230062
3.75e+06	0.00229643
3.755e+06	0.00229176
3.76e+06	0.00229568
3.765e+06	0.00230907
3.77e+06	0.00231121
3.775e+06	0.00231267
3.78e+06	0.00231375
3.785e+06	0.00230804
3.79e+06	0.00230967
3.795e+06	0.00230919
3.8e+06	0.0023075
3.805e+06	0.00229323
3.81e+06	0.00228012
3.815e+06	0.00228374
3.82e+06	0.00228064
3.825e+06	0.0022777
3.83e+06	0.0022824
3.835e+06	0.00228286
3.84e+06	0.00227778
3.845e+06	0.00227371
3.85e+06	0.00226872
3.855e+06	0.00226795
3.86e+06	0.0022745
3.865e+06	0.00227273
3.87e+06	0.00226306
3.875e+06	0.00225528
3.88e+06	0.00224593
3.885e+06	0.002235
3.89e+06	0.00223241
3.895e+06	0.00222678
3.9e+06	0.00221752
3.905e+06	0.00220465
3.91e+06	0.00220308
3.915e+06	0.00221268
3.92e+06	0.00220135
3.925e+06	0.0022015
3.93e+06	0.00219202
3.935e+06	0.00219006
3.94e+06	0.00218492
3.945e+06	0.00218229
3.95e+06	0.00218819
3.955e+06	0.00218054
3.96e+06	0.00218434
3.965e+06	0.0021948
3.97e+06	0.00220888
3.975e+06	0.00222123
3.98e+06	0.00222073
3.985e+06	0.00221226
3.99e+06	0.0022095
3.995e+06	0.00220346
4e+06	0.00220943
4.005e+06	0.002205
4.01e+06	0.0022117
4.015e+06	0.00220978
4.02e+06	0.00220367
4.025e+06	0.00220049
4.03e+06	0.00218406
4.035e+06	0.00217101
4.04e+06	0.00216888
4.045e+06	0.00217117
4.05e+06	0.00217268
4.055e+06	0.00217642
4.06e+06	0.00219467
4.065e+06	0.00220208
4.07e+06	0.00220324
4.075e+06	0.00219128
4.08e+06	0.00218659
4.085e+06	0.00218279
4.09e+06	0.00218347
4.095e+06	0.00217792
4.1e+06	0.00218176
4.105e+06	0.00218298
4.11e+06	0.002196
4.115e+06	0.00220376
4.12e+06	0.00221442
4.125e+06	0.00221274
4.13e+06	0.00221641
4.135e+06	0.00222576
4.14e+06	0.00222467
4.145e+06	0.00222027
4.15e+06	0.00221641
4.155e+06	0.00221746
4.16e+06	0.00220417
4.165e+06	0.00220014
4.17e+06	0.00219409
4.175e+06	0.00218864
4.18e+06	0.00218695
4.185e+06	0.00218015
4.19e+06	0.00217235
4.195e+06	0.0021664
4.2e+06	0.00215661
4.205e+06	0.00215019
4.21e+06	0.00214258
4.215e+06	0.00214177
4.22e+06	0.00214132
4.225e+06	0.0021492
4.23e+06	0.00214696
4.235e+06	0.00213896
4.24e+06	0.00213422
4.245e+06	0.00212972
4.25e+06	0.0021255
4.255e+06	0.0021239
4.26e+06	0.0021301
4.265e+06	0.00213459
4.27e+06	0.00214113
4.275e+06	0.00214103
4.28e+06	0.00213583
4.285e+06	0.00213158
4.29e+06	0.00214276
4.295e+06	0.00215028
4.3e+06	0.00215065
4.305e+06	0.00214811
4.31e+06	0.00215294
4.315e+06	0.00214916
4.32e+06	0.0021484
4.325e+06	0.00214369
4.33e+06	0.00214041
4.335e+06	0.00214653
4.34e+06	0.00215588
4.345e+06	0.0021502
4.35e+06	0.00215113
4.355e+06	0.00215168
4.36e+06	0.00215083
4.365e+06	0.00214506
4.37e+06	0.00214715
4.375e+06	0.00215406
4.38e+06	0.0021459
4.385e+06	0.00213793
4.39e+06	0.00213861
4.395e+06	0.00214706
4.4e+06	0.002153
4.405e+06	0.00215667
4.41e+06	0.00216132
4.415e+06	0.00215995
4.42e+06	0.00216252
4.425e+06	0.00216069
4.43e+06	0.00215774
4.435e+06	0.00215441
4.44e+06	0.00215955
4.445e+06	0.0021611
4.45e+06	0.00216205
4.455e+06	0.00215719
4.46e+06	0.00214986
4.465e+06	0.00214683
4.47e+06	0.00215119
4.475e+06	0.00215438
4.48e+06	0.00215133
4.485e+06	0.00214017
4.49e+06	0.00213197
4.495e+06	0.00212999
4.5e+06	0.00211889
4.505e+06	0.00211273
4.51e+06	0.00210783
4.515e+06	0.00210034
4.52e+06	0.00209743
4.525e+06	0.0020988
4.53e+06	0.00209529
4.535e+06	0.00210296
4.54e+06	0.00210766
4.545e+06	0.00210438
4.55e+06	0.00209432
4.555e+06	0.00208976
4.56e+06	0.00210135
4.565e+06	0.00210798
4.57e+06	0.00211045
4.575e+06	0.00210973
4.58e+06	0.00210771
4.585e+06	0.00210643
4.59e+06	0.00210971
4.595e+06	0.00211531
4.6e+06	0.0021103
4.605e+06	0.00211099
4.61e+06	0.00210472
4.615e+06	0.00210042
4.62e+06	0.00209959
4.625e+06	0.00209746
4.63e+06	0.00208765
4.635e+06	0.0020873
4.64e+06	0.00209217
4.645e+06	0.00209216
4.65e+06	0.00210155
4.655e+06	0.00210258
4.66e+06	0.00210294
4.665e+06	0.00209685
4.67e+06	0.00209919
4.675e+06	0.00210474
4.68e+06	0.00211459
4.685e+06	0.00211386
4.69e+06	0.00210642
4.695e+06	0.00209395
4.7e+06	0.00208319
4.705e+06	0.00207431
4.71e+06	0.00207466
4.715e+06	0.00207153
4.72e+06	0.00207161
4.725e+06	0.00207971
4.73e+06	0.00208926
4.735e+06	0.002095
4.74e+06	0.00209856
4.745e+06	0.00209229
4.75e+06	0.00207954
4.755e+06	0.00207176
4.76e+06	0.0020682
4.765e+06	0.00206069
4.77e+06	0.00205412
4.775e+06	0.00206117
4.78e+06	0.00206665
4.785e+06	0.00206343
4.79e+06	0.00205123
4.795e+06	0.0020507
4.8e+06	0.00204598
4.805e+06	0.00204347
4.81e+06	0.00204451
4.815e+06	0.00203987
4.82e+06	0.00203557
4.825e+06	0.00203522
4.83e+06	0.00203004
4.835e+06	0.002031
4.84e+06	0.0020362
4.845e+06	0.00203469
4.85e+06	0.00202868
4.855e+06	0.00203531
4.86e+06	0.00202945
4.865e+06	0.00202672
4.87e+06	0.00202943
4.875e+06	0.00202333
4.88e+06	0.00202909
4.885e+06	0.0020329
4.89e+06	0.00203361
4.895e+06	0.0020308
4.9e+06	0.00202401
4.905e+06	0.00202473
4.91e+06	0.00202558
4.915e+06	0.00201906
4.92e+06	0.00201708
4.925e+06	0.00201366
4.93e+06	0.00200817
4.935e+06	0.0019986
4.94e+06	0.00199752
4.945e+06	0.00199193
4.95e+06	0.0019987
4.955e+06	0.00200069
4.96e+06	0.00199738
4.965e+06	0.00199427
4.97e+06	0.00199033
4.975e+06	0.00198287
4.98e+06	0.00197208
4.985e+06	0.00196785
4.99e+06	0.00196213
4.995e+06	0.00196205
5e+06	0.00196564
5.005e+06	0.00196219
5.01e+06	0.00196289
5.015e+06	0.0019701
5.02e+06	0.00196862
5.025e+06	0.00196787
5.03e+06	0.00196805
5.035e+06	0.001969
5.04e+06	0.00196696
5.045e+06	0.00196426
5.05e+06	0.00196322
5.055e+06	0.00196106
5.06e+06	0.00195483
5.065e+06	0.00194573
5.07e+06	0.00193524
5.075e+06	0.00193047
5.08e+06	0.0019276
5.085e+06	0.00192373
5.09e+06	0.00191821
5.095e+06	0.00192074
5.1e+06	0.00192275
5.105e+06	0.00191842
5.11e+06	0.00191516
5.115e+06	0.00191154
5.12e+06	0.00190815
5.125e+06	0.0019069
5.13e+06	0.00190085
5.135e+06	0.00189777
5.14e+06	0.00189309
5.145e+06	0.00189001
5.15e+06	0.0018909
5.155e+06	0.00189003
5.16e+06	0.00188369
5.165e+06	0.0018852
5.17e+06	0.00189208
5.175e+06	0.00189757
5.18e+06	0.0018928
5.185e+06	0.0018857
5.19e+06	0.00188623
5.195e+06	0.00188656
5.2e+06	0.0018815
5.205e+06	0.00187486
5.21e+06	0.00187521
5.215e+06	0.00187549
5.22e+06	0.00187859
5.225e+06	0.00187524
5.23e+06	0.00187291
5.235e+06	0.00187108
5.24e+06	0.00186778
5.245e+06	0.00186535
5.25e+06	0.0018681
5.255e+06	0.0018685
5.26e+06	0.00187235
5.265e+06	0.00186627
5.27e+06	0.00186184
5.275e+06	0.00186536
5.28e+06	0.0018746
5.285e+06	0.00187821
5.29e+06	0.00188133
5.295e+06	0.00188056
5.3e+06	0.00187979
5.305e+06	0.00187441
5.31e+06	0.00187027
5.315e+06	0.00186749
5.32e+06	0.00186446
5.325e+06	0.00185358
5.33e+06	0.00185085
5.335e+06	0.00184501
5.34e+06	0.00185024
5.345e+06	0.00186487
5.35e+06	0.0018681
5.355e+06	0.00186895
5.36e+06	0.0018752
5.365e+06	0.00188104
5.37e+06	0.00188289
5.375e+06	0.00188198
5.38e+06	0.00187018
5.385e+06	0.00186666
5.39e+06	0.0018618
5.395e+06	0.00185528
5.4e+06	0.00185959
5.405e+06	0.00185412
5.41e+06	0.00185368
5.415e+06	0.00185618
5.42e+06	0.00185604
5.425e+06	0.0018584
5.43e+06	0.001859
5.435e+06	0.0018561
5.44e+06	0.00186338
5.445e+06	0.00185793
5.45e+06	0.00185526
5.455e+06	0.00185905
5.46e+06	0.00186086
5.465e+06	0.00186285
5.47e+06	0.00186705
5.475e+06	0.00186875
5.48e+06	0.00186472
5.485e+06	0.00187219
5.49e+06	0.00187447
5.495e+06	0.00187595
5.5e+06	0.00187461
5.505e+06	0.00187279
5.51e+06	0.00187158
5.515e+06	0.00187639
5.52e+06	0.0018843
5.525e+06	0.00188736
5.53e+06	0.00189298
5.535e+06	0.00189507
5.54e+06	0.00189927
5.545e+06	0.00191034
5.55e+06	0.00191115
5.555e+06	0.00190257
5.56e+06	0.00190032
5.565e+06	0.00190023
5.57e+06	0.00189586
5.575e+06	0.00188783
5.58e+06	0.00187866
5.585e+06	0.00188197
5.59e+06	0.00188072
5.595e+06	0.00188306
5.6e+06	0.00188877
5.605e+06	0.0018832
5.61e+06	0.00188195
5.615e+06	0.00188221
5.62e+06	0.00188347
5.625e+06	0.00188415
5.63e+06	0.00187882
5.635e+06	0.00187701
5.64e+06	0.00186824
5.645e+06	0.00186355
5.65e+06	0.00186676
5.655e+06	0.00187089
5.66e+06	0.00187392
5.665e+06	0.0018692
5.67e+06	0.00187188
5.675e+06	0.00186947
5.68e+06	0.00187197
5.685e+06	0.0018697
5.69e+06	0.00185885
5.695e+06	0.00184987
5.7e+06	0.00184822
5.705e+06	0.0018408
5.71e+06	0.00183573
5.715e+06	0.00183816
5.72e+06	0.00183768
5.725e+06	0.00183496
5.73e+06	0.00183295
5.735e+06	0.00182964
5.74e+06	0.00182964
5.745e+06	0.00183686
5.75e+06	0.00183925
5.755e+06	0.00183955
5.76e+06	0.00184045
5.765e+06	0.00183153
5.77e+06	0.00182862
5.775e+06	0.00182472
5.78e+06	0.00181484
5.785e+06	0.00181149
5.79e+06	0.00180344
5.795e+06	0.00180578
5.8e+06	0.00180343
5.805e+06	0.00180395
5.81e+06	0.00180324
5.815e+06	0.00179088
5.82e+06	0.0017839
5.825e+06	0.00177543
5.83e+06	0.00177064
5.835e+06	0.00176887
5.84e+06	0.00176795
5.845e+06	0.00176466
5.85e+06	0.0017653
5.855e+06	0.00176306
5.86e+06	0.00176319
5.865e+06	0.00176586
5.87e+06	0.00177653
5.875e+06	0.00177994
5.88e+06	0.00177505
5.885e+06	0.00177864
5.89e+06	0.00177667
5.895e+06	0.00177954
5.9e+06	0.0017824
5.905e+06	0.00179234
5.91e+06	0.00179245
5.915e+06	0.00179447
5.92e+06	0.00179173
5.925e+06	0.00178637
5.93e+06	0.0017851
5.935e+06	0.0017812
5.94e+06	0.00177648
5.945e+06	0.00177199
5.95e+06	0.00176983
5.955e+06	0.00177265
5.96e+06	0.00176959
5.965e+06	0.00176339
5.97e+06	0.00176
5.975e+06	0.00175807
5.98e+06	0.00175722
5.985e+06	0.00175241
5.99e+06	0.00174649
5.995e+06	0.00174015
6e+06	0.00173363
6.005e+06	0.00173094
6.01e+06	0.0017345
6.015e+06	0.0017395
6.02e+06	0.0017418
6.025e+06	0.0017358
6.03e+06	0.00173402
6.035e+06	0.00173468
6.04e+06	0.00173771
6.045e+06	0.00173989
6.05e+06	0.00173258
6.055e+06	0.00172747
6.06e+06	0.00172467
6.065e+06	0.00172523
6.07e+06	0.00171905
6.075e+06	0.00171619
6.08e+06	0.00171497
6.085e+06	0.00171073
6.09e+06	0.00170915
6.095e+06	0.00171135
6.1e+06	0.00170884
6.105e+06	0.00170171
6.11e+06	0.00170174
6.115e+06	0.001699
6.12e+06	0.00170636
6.125e+06	0.00170728
6.13e+06	0.00170374
6.135e+06	0.00169663
6.14e+06	0.00169411
6.145e+06	0.00169978
6.15e+06	0.00169846
6.155e+06	0.00169823
6.16e+06	0.00170024
6.165e+06	0.0017038
6.17e+06	0.00170239
6.175e+06	0.00170235
6.18e+06	0.00170391
6.185e+06	0.00170562
6.19e+06	0.0017014
6.195e+06	0.00170076
6.2e+06	0.00169465
6.205e+06	0.00169535
6.21e+06	0.00169805
6.215e+06	0.00169623
6.22e+06	0.00169813
6.225e+06	0.00170293
6.23e+06	0.00170983
6.235e+06	0.0017122
6.24e+06	0.00170657
6.245e+06	0.00170634
6.25e+06	0.00170332
6.255e+06	0.00169958
6.26e+06	0.00170011
6.265e+06	0.00170211
6.27e+06	0.00170124
6.275e+06	0.00169702
6.28e+06	0.00169635
6.285e+06	0.00169612
6.29e+06	0.00169398
6.295e+06	0.00169579
6.3e+06	0.0016954
6.305e+06	0.00170002
6.31e+06	0.00169507
6.315e+06	0.00169562
6.32e+06	0.00169843
6.325e+06	0.0016934
6.33e+06	0.00169334
6.335e+06	0.00169702
6.34e+06	0.00169686
6.345e+06	0.00169824
6.35e+06	0.00168944
6.355e+06	0.0016847
6.36e+06	0.00168301
6.365e+06	0.00169002
6.37e+06	0.00169418
6.375e+06	0.00169496
6.38e+06	0.00169411
6.385e+06	0.00169404
6.39e+06	0.00169374
6.395e+06	0.00169656
6.4e+06	0.00168975
6.405e+06	0.00168541
6.41e+06	0.00168838
6.415e+06	0.0016862
6.42e+06	0.00168744
6.425e+06	0.00168612
6.43e+06	0.0016881
6.435e+06	0.00169105
6.44e+06	0.00168798
6.445e+06	0.00168336
6.45e+06	0.0016778
6.455e+06	0.00167472
6.46e+06	0.00167693
6.465e+06	0.00168086
6.47e+06	0.00168532
6.475e+06	0.00168659
6.48e+06	0.00168556
6.485e+06	0.00168185
6.49e+06	0.0016794
6.495e+06	0.00168431
6.5e+06	0.00168369
6.505e+06	0.00168397
6.51e+06	0.0016848
6.515e+06	0.0016888
6.52e+06	0.00169212
6.525e+06	0.00169184
6.53e+06	0.00169223
6.535e+06	0.00168537
6.54e+06	0.00168241
6.545e+06	0.00167857
6.55e+06	0.00168014
6.555e+06	0.00167914
6.56e+06	0.0016774
6.565e+06	0.00166946
6.57e+06	0.00166578
6.575e+06	0.00166555
6.58e+06	0.00166529
6.585e+06	0.00166166
6.59e+06	0.0016569
6.595e+06	0.00165941
6.6e+06	0.00165914
6.605e+06	0.00165428
6.61e+06	0.00165199
6.615e+06	0.00165355
6.62e+06	0.0016557
6.625e+06	0.00165403
6.63e+06	0.00165931
6.635e+06	0.0016627
6.64e+06	0.00166678
6.645e+06	0.00166309
6.65e+06	0.00166268
6.655e+06	0.00166256
6.66e+06	0.00166621
6.665e+06	0.00166014
6.67e+06	0.00165562
6.675e+06	0.00165096
6.68e+06	0.00164742
6.685e+06	0.00164654
6.69e+06	0.00165388
6.695e+06	0.00165635
6.7e+06	0.0016562
6.705e+06	0.00165906
6.71e+06	0.00166468
6.715e+06	0.00166475
6.72e+06	0.00166353
6.725e+06	0.00166308
6.73e+06	0.00166395
6.735e+06	0.00167239
6.74e+06	0.00167468
6.745e+06	0.00167621
6.75e+06	0.00168329
6.755e+06	0.00168168
6.76e+06	0.00168386
6.765e+06	0.00168371
6.77e+06	0.00168833
6.775e+06	0.0016898
6.78e+06	0.00169157
6.785e+06	0.00169422
6.79e+06	0.0016887
6.795e+06	0.00168201
6.8e+06	0.00167707
6.805e+06	0.00167366
6.81e+06	0.00167425
6.815e+06	0.00167486
6.82e+06	0.00167361
6.825e+06	0.0016755
6.83e+06	0.00167948
6.835e+06	0.00168344
6.84e+06	0.00168499
6.845e+06	0.00168119
6.85e+06	0.00168098
6.855e+06	0.00167579
6.86e+06	0.00167316
6.865e+06	0.00166885
6.87e+06	0.00166764
6.875e+06	0.00166599
6.88e+06	0.00166768
6.885e+06	0.00166541
6.89e+06	0.00166103
6.895e+06	0.0016661
6.9e+06	0.0016622
6.905e+06	0.00165986
6.91e+06	0.00165651
6.915e+06	0.00166059
6.92e+06	0.00165895
6.925e+06	0.00166223
6.93e+06	0.00166603
6.935e+06	0.00166354
6.94e+06	0.00166452
6.945e+06	0.00166912
6.95e+06	0.00167364
6.955e+06	0.00167239
6.96e+06	0.00167417
6.965e+06	0.00167594
6.97e+06	0.00167671
6.975e+06	0.00167831
6.98e+06	0.00167349
6.985e+06	0.00167028
6.99e+06	0.00166803
6.995e+06	0.00167046
7e+06	0.00167533
7.005e+06	0.00167647
7.01e+06	0.00167266
7.015e+06	0.0016732
7.02e+06	0.0016758
7.025e+06	0.00167332
7.03e+06	0.00167283
7.035e+06	0.00167564
7.04e+06	0.00168138
7.045e+06	0.00168568
7.05e+06	0.00168436
7.055e+06	0.00168383
7.06e+06	0.00168188
7.065e+06	0.00167565
7.07e+06	0.00167055
7.075e+06	0.00166827
7.08e+06	0.00166745
7.085e+06	0.00166421
7.09e+06	0.00166164
7.095e+06	0.00166108
7.1e+06	0.00166047
7.105e+06	0.00166057
7.11e+06	0.00165562
7.115e+06	0.00164982
7.12e+06	0.00164627
7.125e+06	0.00164781
7.13e+06	0.00164986
7.135e+06	0.0016456
7.14e+06	0.0016416
7.145e+06	0.00163409
7.15e+06	0.00163104
7.155e+06	0.00162825
7.16e+06	0.0016293
7.165e+06	0.00163111
7.17e+06	0.00163205
7.175e+06	0.00163689
7.18e+06	0.00164435
7.185e+06	0.00164958
7.19e+06	0.0016511
7.195e+06	0.00164852
7.2e+06	0.00164309
7.205e+06	0.00164635
7.21e+06	0.00165011
7.215e+06	0.00165432
7.22e+06	0.00165776
7.225e+06	0.00166322
7.23e+06	0.00166131
7.235e+06	0.00166071
7.24e+06	0.0016597
7.245e+06	0.00165752
7.25e+06	0.00165554
7.255e+06	0.0016548
7.26e+06	0.00164861
7.265e+06	0.0016409
7.27e+06	0.00163562
7.275e+06	0.00163319
7.28e+06	0.00163341
7.285e+06	0.00163069
7.29e+06	0.0016327
7.295e+06	0.00163395
7.3e+06	0.00163058
7.305e+06	0.00162672
7.31e+06	0.00162069
7.315e+06	0.00161318
7.32e+06	0.00160969
7.325e+06	0.00160303
7.33e+06	0.00159788
7.335e+06	0.00159443
7.34e+06	0.00159684
7.345e+06	0.00160087
7.35e+06	0.00160419
7.355e+06	0.00160576
7.36e+06	0.00160564
7.365e+06	0.00160266
7.37e+06	0.00160311
7.375e+06	0.00160133
7.38e+06	0.00159945
7.385e+06	0.00160439
7.39e+06	0.00160149
7.395e+06	0.00159916
7.4e+06	0.00159062
7.405e+06	0.00159072
7.41e+06	0.00158305
7.415e+06	0.00157581
7.42e+06	0.00157055
7.425e+06	0.00156774
7.43e+06	0.00156507
7.435e+06	0.00155984
7.44e+06	0.00156492
7.445e+06	0.00157047
7.45e+06	0.00157469
7.455e+06	0.00157367
7.46e+06	0.00157218
7.465e+06	0.00157006
7.47e+06	0.00156588
7.475e+06	0.00156495
7.48e+06	0.00156536
7.485e+06	0.00156187
7.49e+06	0.00156418
7.495e+06	0.00156459
7.5e+06	0.00156367
7.505e+06	0.00155771
7.51e+06	0.00155744
7.515e+06	0.00155494
7.52e+06	0.00154849
7.525e+06	0.00154737
7.53e+06	0.00154431
7.535e+06	0.0015505
7.54e+06	0.00155386
7.545e+06	0.00155506
7.55e+06	0.00155995
7.555e+06	0.00155965
7.56e+06	0.00156334
7.565e+06	0.0015613
7.57e+06	0.00156119
7.575e+06	0.00156169
7.58e+06	0.00156591
7.585e+06	0.00156787
7.59e+06	0.00156625
7.595e+06	0.00156319
7.6e+06	0.00155832
7.605e+06	0.00155543
7.61e+06	0.00155803
7.615e+06	0.0015591
7.62e+06	0.00155638
7.625e+06	0.00155203
7.63e+06	0.00155021
7.635e+06	0.00154703
7.64e+06	0.00154051
7.645e+06	0.00153658
7.65e+06	0.00153562
7.655e+06	0.00153456
7.66e+06	0.00153078
7.665e+06	0.00152666
7.67e+06	0.00152085
7.675e+06	0.00151968
7.68e+06	0.00152262
7.685e+06	0.00152257
7.69e+06	0.00151976
7.695e+06	0.00151975
7.7e+06	0.00152
7.705e+06	0.00152238
7.71e+06	0.00152314
7.715e+06	0.00152342
7.72e+06	0.00152307
7.725e+06	0.00152404
7.73e+06	0.00152802
7.735e+06	0.00152743
7.74e+06	0.00152745
7.745e+06	0.001529
7.75e+06	0.00153214
7.755e+06	0.00153224
7.76e+06	0.00152934
7.765e+06	0.00152542
7.77e+06	0.00151894
7.775e+06	0.00151448
7.78e+06	0.00151205
7.785e+06	0.00151177
7.79e+06	0.00151037
7.795e+06	0.00151339
7.8e+06	0.00151046
7.805e+06	0.00151255
7.81e+06	0.00151611
7.815e+06	0.00151742
7.82e+06	0.00151528
7.825e+06	0.00151394
7.83e+06	0.00151441
7.835e+06	0.00151254
7.84e+06	0.00151372
7.845e+06	0.00151183
7.85e+06	0.00151278
7.855e+06	0.00150983
7.86e+06	0.00150208
7.865e+06	0.00150237
7.87e+06	0.00150077
7.875e+06	0.00150062
7.88e+06	0.00149883
7.885e+06	0.00149812
7.89e+06	0.00150358
7.895e+06	0.00150405
7.9e+06	0.00150703
7.905e+06	0.00150732
7.91e+06	0.0015029
7.915e+06	0.00150175
7.92e+06	0.00150076
7.925e+06	0.00150222
7.93e+06	0.00149764
7.935e+06	0.00149291
7.94e+06	0.00149138
7.945e+06	0.0014899
7.95e+06	0.00148737
7.955e+06	0.00148937
7.96e+06	0.00148819
7.965e+06	0.00148579
7.97e+06	0.00148954
7.975e+06	0.00148943
7.98e+06	0.00148898
7.985e+06	0.00148942
7.99e+06	0.00148739
7.995e+06	0.00148579
8e+06	0.00148639
8.005e+06	0.00148838
8.01e+06	0.00149245
8.015e+06	0.00149725
8.02e+06	0.00150298
8.025e+06	0.00150727
8.03e+06	0.00150593
8.035e+06	0.00150764
8.04e+06	0.00150635
8.045e+06	0.00150601
8.05e+06	0.00150728
8.055e+06	0.00150971
8.06e+06	0.00151195
8.065e+06	0.00151556
8.07e+06	0.00151727
8.075e+06	0.00152067
8.08e+06	0.00153111
8.085e+06	0.00154326
8.09e+06	0.00154915
8.095e+06	0.00155032
8.1e+06	0.00154968
8.105e+06	0.00155106
8.11e+06	0.00155143
8.115e+06	0.00155214
8.12e+06	0.00155514
8.125e+06	0.00155534
8.13e+06	0.00155677
8.135e+06	0.00154954
8.14e+06	0.00154726
8.145e+06	0.00154079
8.15e+06	0.0015384
8.155e+06	0.00153543
8.16e+06	0.00153096
8.165e+06	0.00152852
8.17e+06	0.0015323
8.175e+06	0.00153557
8.18e+06	0.00153541
8.185e+06	0.00153544
8.19e+06	0.00153247
8.195e+06	0.00153109
8.2e+06	0.00153101
8.205e+06	0.00153194
8.21e+06	0.0015286
8.215e+06	0.00152878
8.22e+06	0.00153017
8.225e+06	0.00153031
8.23e+06	0.00153688
8.235e+06	0.00153749
8.24e+06	0.00154119
8.245e+06	0.00153822
8.25e+06	0.00153455
8.255e+06	0.00153749
8.26e+06	0.00154282
8.265e+06	0.00153764
8.27e+06	0.00153509
8.275e+06	0.00153675
8.28e+06	0.00153621
8.285e+06	0.00153479
8.29e+06	0.00153773
8.295e+06	0.00153884
8.3e+06	0.00154171
8.305e+06	0.00154457
8.31e+06	0.00154646
8.315e+06	0.00154426
8.32e+06	0.00154647
8.325e+06	0.00154686
8.33e+06	0.00154488
8.335e+06	0.00154227
8.34e+06	0.00153833
8.345e+06	0.00153574
8.35e+06	0.00153283
8.355e+06	0.00153106
8.36e+06	0.00153196
8.365e+06	0.00153377
8.37e+06	0.0015323
8.375e+06	0.00152988
8.38e+06	0.00152506
8.385e+06	0.00152517
8.39e+06	0.0015256
8.395e+06	0.0015291
8.4e+06	0.00152901
8.405e+06	0.00152958
8.41e+06	0.00153101
8.415e+06	0.00152855
8.42e+06	0.00152532
8.425e+06	0.00152664
8.43e+06	0.00152941
8.435e+06	0.00152694
8.44e+06	0.00152324
8.445e+06	0.00152281
8.45e+06	0.00152311
8.455e+06	0.00152214
8.46e+06	0.00152116
8.465e+06	0.0015196
8.47e+06	0.00151769
8.475e+06	0.00152102
8.48e+06	0.00152523
8.485e+06	0.00151982
8.49e+06	0.00151549
8.495e+06	0.0015118
8.5e+06	0.00150772
8.505e+06	0.00151112
8.51e+06	0.00150733
8.515e+06	0.00150167
8.52e+06	0.00149857
8.525e+06	0.0014945
8.53e+06	0.00148859
8.535e+06	0.00148273
8.54e+06	0.00148542
8.545e+06	0.00148391
8.55e+06	0.00148403
8.555e+06	0.00148301
8.56e+06	0.00148371
8.565e+06	0.00148572
8.57e+06	0.00148703
8.575e+06	0.0014884
8.58e+06	0.00149105
8.585e+06	0.00148755
8.59e+06	0.00148936
8.595e+06	0.0014912
8.6e+06	0.00148803
8.605e+06	0.00148739
8.61e+06	0.00148643
8.615e+06	0.00148535
8.62e+06	0.00148492
8.625e+06	0.00148666
8.63e+06	0.00148874
8.635e+06	0.00148977
8.64e+06	0.00149256
8.645e+06	0.0014956
8.65e+06	0.00149606
8.655e+06	0.00149546
8.66e+06	0.00149511
8.665e+06	0.00149518
8.67e+06	0.00149226
8.675e+06	0.0014936
8.68e+06	0.00149609
8.685e+06	0.00149636
8.69e+06	0.00149814
8.695e+06	0.0014999
8.7e+06	0.00149852
8.705e+06	0.00149655
8.71e+06	0.00149207
8.715e+06	0.00148979
8.72e+06	0.00148526
8.725e+06	0.00148847
8.73e+06	0.00148861
8.735e+06	0.00148605
8.74e+06	0.00148377
8.745e+06	0.00148492
8.75e+06	0.00148936
8.755e+06	0.00149094
8.76e+06	0.00149266
8.765e+06	0.00149114
8.77e+06	0.00148791
8.775e+06	0.00148747
8.78e+06	0.00148868
8.785e+06	0.00148785
8.79e+06	0.00148435
8.795e+06	0.00147921
8.8e+06	0.00148233
8.805e+06	0.00147856
8.81e+06	0.0014724
8.815e+06	0.00146507
8.82e+06	0.00146142
8.825e+06	0.00145624
8.83e+06	0.00145671
8.835e+06	0.00145682
8.84e+06	0.00145486
8.845e+06	0.00145746
8.85e+06	0.0014593
8.855e+06	0.00145947
8.86e+06	0.00145975
8.865e+06	0.00146273
8.87e+06	0.00146804
8.875e+06	0.00146608
8.88e+06	0.00146793
8.885e+06	0.00146873
8.89e+06	0.00146517
8.895e+06	0.00146125
8.9e+06	0.00146203
8.905e+06	0.00146237
8.91e+06	0.00145928
8.915e+06	0.00145773
8.92e+06	0.00145782
8.925e+06	0.00146192
8.93e+06	0.00146237
8.935e+06	0.00145958
8.94e+06	0.00145909
8.945e+06	0.00145962
8.95e+06	0.0014567
8.955e+06	0.00145144
8.96e+06	0.00145292
8.965e+06	0.00145088
8.97e+06	0.00144874
8.975e+06	0.00144827
8.98e+06	0.00144946
8.985e+06	0.00144909
8.99e+06	0.0014492
8.995e+06	0.00144905
9e+06	0.00144698
9.005e+06	0.00144508
9.01e+06	0.00144421
9.015e+06	0.00144272
9.02e+06	0.00144152
9.025e+06	0.00143952
9.03e+06	0.00143593
9.035e+06	0.00143196
9.04e+06	0.00142952
9.045e+06	0.00142707
9.05e+06	0.0014244
9.055e+06	0.00141903
9.06e+06	0.00141114
9.065e+06	0.00140281
9.07e+06	0.00139998
9.075e+06	0.00140421
9.08e+06	0.00140565
9.085e+06	0.00140276
9.09e+06	0.00140417
9.095e+06	0.00140929
9.1e+06	0.00140711
9.105e+06	0.00140372
9.11e+06	0.0014038
9.115e+06	0.00140073
9.12e+06	0.00140245
9.125e+06	0.00140303
9.13e+06	0.00140019
9.135e+06	0.00140288
9.14e+06	0.0014034
9.145e+06	0.00140183
9.15e+06	0.00139931
9.155e+06	0.00139586
9.16e+06	0.00139693
9.165e+06	0.00139628
9.17e+06	0.00139328
9.175e+06	0.0013921
9.18e+06	0.00139323
9.185e+06	0.00139523
9.19e+06	0.00139568
9.195e+06	0.00139406
9.2e+06	0.0013946
9.205e+06	0.00139026
9.21e+06	0.00139081
9.215e+06	0.00139393
9.22e+06	0.00139151
9.225e+06	0.0013896
9.23e+06	0.0013877
9.235e+06	0.00138827
9.24e+06	0.00138866
9.245e+06	0.00139298
9.25e+06	0.00139404
9.255e+06	0.00139153
9.26e+06	0.00138711
9.265e+06	0.00138625
9.27e+06	0.00138493
9.275e+06	0.00138633
9.28e+06	0.00138379
9.285e+06	0.0013836
9.29e+06	0.00138252
9.295e+06	0.0013859
9.3e+06	0.00138493
9.305e+06	0.00138325
9.31e+06	0.00138174
9.315e+06	0.00138177
9.32e+06	0.00137947
9.325e+06	0.00137806
9.33e+06	0.00137963
9.335e+06	0.00137754
9.34e+06	0.00137525
9.345e+06	0.00137246
9.35e+06	0.00136961
9.355e+06	0.00136916
9.36e+06	0.00137031
9.365e+06	0.00136889
9.37e+06	0.00136886
9.375e+06	0.00136774
9.38e+06	0.00136762
9.385e+06	0.00136545
9.39e+06	0.00136262
9.395e+06	0.0013605
9.4e+06	0.00136072
9.405e+06	0.00136152
9.41e+06	0.00135921
9.415e+06	0.00135769
9.42e+06	0.00135701
9.425e+06	0.00135219
9.43e+06	0.00135144
9.435e+06	0.00134865
9.44e+06	0.0013515
9.445e+06	0.00135096
9.45e+06	0.00135468
9.455e+06	0.00135139
9.46e+06	0.00135441
9.465e+06	0.00135648
9.47e+06	0.00135883
9.475e+06	0.00136034
9.48e+06	0.00136
9.485e+06	0.00135869
9.49e+06	0.00135903
9.495e+06	0.00136015
9.5e+06	0.00136042
9.505e+06	0.00136095
9.51e+06	0.00136279
9.515e+06	0.00136471
9.52e+06	0.00136526
9.525e+06	0.00136526
9.53e+06	0.00136822
9.535e+06	0.00136417
9.54e+06	0.00135937
9.545e+06	0.00135992
9.55e+06	0.00135624
9.555e+06	0.00135044
9.56e+06	0.00135232
9.565e+06	0.0013555
9.57e+06	0.00135775
9.575e+06	0.00135713
9.58e+06	0.00135585
9.585e+06	0.00135194
9.59e+06	0.00134972
9.595e+06	0.00135231
9.6e+06	0.00135399
9.605e+06	0.00135462
9.61e+06	0.00135467
9.615e+06	0.00135916
9.62e+06	0.00136184
9.625e+06	0.00135865
9.63e+06	0.0013503
9.635e+06	0.00134467
9.64e+06	0.00134453
9.645e+06	0.0013434
9.65e+06	0.001341
9.655e+06	0.00133796
9.66e+06	0.00133581
9.665e+06	0.00133316
9.67e+06	0.00133745
9.675e+06	0.0013362
9.68e+06	0.00133258
9.685e+06	0.0013283
9.69e+06	0.00132395
9.695e+06	0.00132376
9.7e+06	0.00132368
9.705e+06	0.00132505
9.71e+06	0.00132883
9.715e+06	0.00132652
9.72e+06	0.00133009
9.725e+06	0.00133179
9.73e+06	0.00133745
9.735e+06	0.00133977
9.74e+06	0.00134177
9.745e+06	0.00133904
9.75e+06	0.00134288
9.755e+06	0.00134425
9.76e+06	0.00134297
9.765e+06	0.00134382
9.77e+06	0.00134444
9.775e+06	0.00134489
9.78e+06	0.00134548
9.785e+06	0.00134553
9.79e+06	0.00134757
9.795e+06	0.00134866
9.8e+06	0.00135042
9.805e+06	0.00134642
9.81e+06	0.00134543
9.815e+06	0.00134707
9.82e+06	0.00134919
9.825e+06	0.00134896
9.83e+06	0.00134679
9.835e+06	0.00134397
9.84e+06	0.00133875
9.845e+06	0.00133896
9.85e+06	0.00133648
9.855e+06	0.00133714
9.86e+06	0.00134229
9.865e+06	0.00134151
9.87e+06	0.00134264
9.875e+06	0.00134576
9.88e+06	0.0013474
9.885e+06	0.00134587
9.89e+06	0.00134435
9.895e+06	0.00134446
9.9e+06	0.00134778
9.905e+06	0.00134625
9.91e+06	0.00134591
9.915e+06	0.00134598
9.92e+06	0.00134449
9.925e+06	0.00134342
9.93e+06	0.00134565
9.935e+06	0.00134488
9.94e+06	0.00134544
9.945e+06	0.00134479
9.95e+06	0.00133953
9.955e+06	0.00133667
9.96e+06	0.00133423
9.965e+06	0.00133448
9.97e+06	0.00133083
9.975e+06	0.00133122
9.98e+06	0.00133356
9.985e+06	0.00133767
9.99e+06	0.00133658
9.995e+06	0.00133675
1e+07	0.00133898
