-743.06	1	0
-742.96	1	0
-742.88	1	0
-742.84	1	0
-742.82	0.692308	0.0592154
-742.8	0.566396	0.0108401
-742.78	0.677778	0.0386678
-742.76	0.784722	0.0199171
-742.74	0.627778	0.0335035
-742.72	0.555556	1.81444e-07
-742.7	0.666667	0
-742.68	0.796296	0.0602919
-742.66	0.718076	0.0111658
-742.64	0.684259	0.00966248
-742.62	0.746812	0.0158271
-742.6	0.748242	0.0150743
-742.58	0.759259	0.0183292
-742.56	0.754933	0.0120536
-742.54	0.719444	0.0116547
-742.52	0.702834	0.00679931
-742.5	0.719008	0.00925107
-742.48	0.705861	0.00813808
-742.46	0.730199	0.00716208
-742.44	0.700674	0.00719361
-742.42	0.711207	0.00683708
-742.4	0.697595	0.00645976
-742.38	0.714848	0.00594013
-742.36	0.710597	0.00489883
-742.34	0.702856	0.00517775
-742.32	0.693281	0.00507719
-742.3	0.705147	0.00456436
-742.28	0.68391	0.00430909
-742.26	0.669157	0.00414067
-742.24	0.68425	0.00413687
-742.22	0.682959	0.00410415
-742.2	0.68614	0.00408342
-742.18	0.672897	0.00382496
-742.16	0.670892	0.00376332
-742.14	0.670079	0.00349635
-742.12	0.661707	0.00357989
-742.1	0.659903	0.00341476
-742.08	0.657619	0.00345409
-742.06	0.659432	0.00331771
-742.04	0.662523	0.00327313
-742.02	0.651593	0.00303648
-742	0.647989	0.00303079
-741.98	0.647796	0.00310946
-741.96	0.637806	0.00291165
-741.94	0.638584	0.00283699
-741.92	0.635134	0.00291579
-741.9	0.636626	0.00282605
-741.88	0.633599	0.00281489
-741.86	0.631175	0.00276706
-741.84	0.623525	0.00255541
-741.82	0.622893	0.00246354
-741.8	0.614049	0.00233829
-741.78	0.615261	0.00245405
-741.76	0.616261	0.00246058
-741.74	0.609312	0.00248925
-741.72	0.609582	0.00245247
-741.7	0.610858	0.00237374
-741.68	0.607584	0.00244369
-741.66	0.609312	0.0025128
-741.64	0.605142	0.00240681
-741.62	0.601715	0.00247267
-741.6	0.601248	0.00228797
-741.58	0.603992	0.00248854
-741.56	0.598076	0.00243338
-741.54	0.599376	0.00248131
-741.52	0.601496	0.00268279
-741.5	0.595818	0.00256837
-741.48	0.595062	0.00277935
-741.46	0.593199	0.00244769
-741.44	0.595594	0.00269584
-741.42	0.595311	0.00270124
-741.4	0.587583	0.00270774
-741.38	0.584507	0.00261232
-741.36	0.588252	0.00286448
-741.34	0.588268	0.00295943
-741.32	0.585388	0.00291888
-741.3	0.582779	0.00274406
-741.28	0.585827	0.00296426
-741.26	0.587607	0.00376612
-741.24	0.586636	0.00329364
-741.22	0.583796	0.00332919
-741.2	0.574257	0.00313279
-741.18	0.58193	0.00380917
-741.16	0.581293	0.00375099
-741.14	0.579211	0.00380373
