HL1
n1	0	1.7735	-0.512873	-0.290802	0.636834	2.3365
n2	0	0.0457446	-0.855227	-12.5258	-13.0628	-12.0409
n3	0	-12.9087	-12.2128	-13.6238	-12.1428	-11.8207
n4	0	-13.3748	-12.5518	-13.6948	-13.4928	-13.0709
n5	0	-12.8387	-13.3668	-12.0538	-13.6178	-12.0627
n6	0	-13.3589	-13.4488	-11.8768	-13.7218	-12.3389
n7	0	-13.0618	-12.8138	-11.8068	-12.3938	-11.8828
n8	0	-13.5908	-12.8548	-12.5148	-12.1468	-13.5728
n9	0	-13.146	-11.8978	-12.5158	-11.8068	-13.027
n10	0	-11.9559	-12.8858	-11.9948	-12.5788	-13.2319
n11	0	-12.2458	-12.0388	-13.4828	-13.5248	-12.8968
n12	0	-12.76	-13.0848	-12.1898	-12.1408	-12.64
n13	0	-12.1468	-12.6178	-12.9068	-12.5968	-12.0048
n14	0	-12.8627	-13.6908	-13.3548	-13.6178	-12.0827
n15	0	-12.4966	-13.2598	-11.8558	-11.9068	-13.0696
n16	0	-13.2379	-12.1448	-12.7768	-13.0048	-13.5569
n17	0	-12.5996	-11.7838	-13.5328	-13.5528	-13.6836
n18	0	-11.8088	-13.2718	-13.2408	-12.5408	-12.1148
n19	0	-12.7846	-12.9188	-12.6708	-12.8678	-12.8126
n20	0	-12.0818	-12.2768	-12.7698	-12.9988	-12.5378
n21	0	-13.3779	-12.8068	-13.1018	-11.8798	-13.3189
n22	0	-13.5558	-13.1258	-12.2018	-11.9508	-12.9028
n23	0	-12.5008	-13.1898	-13.5998	-12.4078	-11.8398
n24	0	-11.8408	-13.2348	-12.4048	-12.9498	-13.4818
n25	0	-13.2478	-12.7798	-12.6098	-12.1168	-13.7118
n26	0	-12.5839	-13.0728	-13.0768	-12.6758	-11.8509
n27	0	-13.0718	-12.5098	-12.2598	-12.4798	-12.9748
n28	0	-12.2806	-12.5528	-12.5268	-13.1918	-13.4506
n29	0	-12.3919	-13.6988	-13.2908	-12.2378	-12.1479
n30	0	-13.7441	-13.3938	-13.1678	-12.9638	-11.8871
n31	0	-12.8046	-13.5688	-13.6238	-13.7328	-13.0426
n32	0	-12.7549	-12.9868	-13.4468	-11.8728	-12.0519
n33	0	-13.7648	-12.6308	-12.1368	-12.3008	-12.5418
n34	0	-12.4758	-12.3588	-12.2528	-13.2498	-12.5118
n35	0	-11.9289	-13.5278	-13.6728	-13.2728	-12.4089
n36	0	-12.7746	-12.1508	-13.0988	-12.0858	-13.5346
n37	0	-12.9597	-12.6028	-13.2668	-12.5488	-11.9087
n38	0	-12.8637	-12.6838	-12.6658	-12.7548	-13.2557
n39	0	-12.5879	-12.8368	-13.4078	-12.3818	-13.6709
n40	0	-12.1906	-12.5538	-12.0648	-12.8768	-12.8146
OL
n1	-24.6505	-1.11474	-0.239724	-0.943131	-0.156767	-0.99298	-0.522774	-0.358193	-1.50508	-0.894825	-0.574801	-1.11389	-0.117665	0.0622252	0.0280548	-1.22017	0.355904	-1.54965	-0.0769396	-0.556708	-1.15316	-0.706141	-1.11668	-0.72787	-0.785183	-1.09269	-0.604059	0.188021	-1.39971	-1.57496	0.141983	-1.26174	-0.686112	-0.243213	-1.21168	0.32289	-0.0637503	-0.0980764	-0.972105	0.23022
