5000	0.787338
10000	0.0808742
15000	0.042017
20000	0.0269893
25000	0.0202027
30000	0.01612
35000	0.0134877
40000	0.0118279
45000	0.0105264
50000	0.00949871
55000	0.00860863
60000	0.00783039
65000	0.00716485
70000	0.00667458
75000	0.00624806
80000	0.0059538
85000	0.00567115
90000	0.00540585
95000	0.00516476
100000	0.00496675
105000	0.00478009
110000	0.00464401
115000	0.00449276
120000	0.00435548
125000	0.00419037
130000	0.00404314
135000	0.00390891
140000	0.00379657
145000	0.00368007
150000	0.00358562
155000	0.00347958
160000	0.00336629
165000	0.00327452
170000	0.00320969
175000	0.00312676
180000	0.00304499
185000	0.00296163
190000	0.00289171
195000	0.0028177
200000	0.00273643
205000	0.00266535
210000	0.00260186
215000	0.00254677
220000	0.002495
225000	0.00245712
230000	0.00240493
235000	0.00236574
240000	0.00233373
245000	0.00229807
250000	0.00226507
255000	0.00220262
260000	0.00214902
265000	0.00209894
270000	0.00206604
275000	0.00204335
280000	0.00201364
285000	0.00198843
290000	0.00196002
295000	0.00193106
300000	0.0019036
305000	0.0019017
310000	0.001884
315000	0.0018637
320000	0.00184124
325000	0.00183008
330000	0.0018176
335000	0.00179833
340000	0.00177712
345000	0.00176379
350000	0.00174947
355000	0.00171777
360000	0.00169848
365000	0.00169043
370000	0.00167199
375000	0.00165139
380000	0.00163641
385000	0.00162115
390000	0.0016046
395000	0.00157888
400000	0.00156496
405000	0.00154779
410000	0.00152437
415000	0.00150571
420000	0.00149055
425000	0.00148135
430000	0.00147567
435000	0.00147278
440000	0.00145935
445000	0.00144688
450000	0.00143977
455000	0.00143884
460000	0.00143617
465000	0.00142485
470000	0.00141715
475000	0.00140086
480000	0.00138616
485000	0.00136468
490000	0.00134687
495000	0.0013266
500000	0.0013171
505000	0.00130053
510000	0.00128697
515000	0.00127179
520000	0.00126702
525000	0.00125066
530000	0.00124097
535000	0.00123716
540000	0.00122751
545000	0.00122147
550000	0.00121421
555000	0.00120973
560000	0.001194
565000	0.00118076
570000	0.00116916
575000	0.00115838
580000	0.00114928
585000	0.0011417
590000	0.00113135
595000	0.00112405
600000	0.00111621
605000	0.00110588
610000	0.0010956
615000	0.00108776
620000	0.00109176
625000	0.00108424
630000	0.00107615
635000	0.00106359
640000	0.00105213
645000	0.00104175
650000	0.00102949
655000	0.00102012
660000	0.0010168
665000	0.00101803
670000	0.00101529
675000	0.00101053
680000	0.00100473
685000	0.000999041
690000	0.000992198
695000	0.000985228
700000	0.000980368
705000	0.000971973
710000	0.000965533
715000	0.000957427
720000	0.000948243
725000	0.000936324
730000	0.000930471
735000	0.000929946
740000	0.000926186
745000	0.000921708
750000	0.000920724
755000	0.000921491
760000	0.000915491
765000	0.000914951
770000	0.0009111
775000	0.00090341
780000	0.000902804
785000	0.000901482
790000	0.000902738
795000	0.00090499
800000	0.00089831
805000	0.000895447
810000	0.000898874
815000	0.000894605
820000	0.000885716
825000	0.000879961
830000	0.000872349
835000	0.000866952
840000	0.000868725
845000	0.000868338
850000	0.000869499
855000	0.000869752
860000	0.000870956
865000	0.000862949
870000	0.00085679
875000	0.000853797
880000	0.000856612
885000	0.000859061
890000	0.000858395
895000	0.000858228
900000	0.000857869
905000	0.000852558
910000	0.000853595
915000	0.000852053
920000	0.00084925
925000	0.000844367
930000	0.000844307
935000	0.000843302
940000	0.000841015
945000	0.000839658
950000	0.000836438
955000	0.000826147
960000	0.000820496
965000	0.000815052
970000	0.000809568
975000	0.000803525
980000	0.000798613
985000	0.000794393
990000	0.000792176
995000	0.000792292
1e+06	0.000786516
1.005e+06	0.000779198
1.01e+06	0.000775284
1.015e+06	0.000773841
1.02e+06	0.000772047
1.025e+06	0.000769201
1.03e+06	0.000763538
1.035e+06	0.000763122
1.04e+06	0.000755522
1.045e+06	0.000752128
1.05e+06	0.000748521
1.055e+06	0.000747367
1.06e+06	0.00074606
1.065e+06	0.000745061
1.07e+06	0.000744741
1.075e+06	0.000748687
1.08e+06	0.000749543
1.085e+06	0.000746471
1.09e+06	0.000741933
1.095e+06	0.000737367
1.1e+06	0.000735391
1.105e+06	0.000738804
1.11e+06	0.00074129
1.115e+06	0.000740697
1.12e+06	0.000738953
1.125e+06	0.000737496
1.13e+06	0.000730683
1.135e+06	0.00072509
1.14e+06	0.000720383
1.145e+06	0.000716157
1.15e+06	0.000714789
1.155e+06	0.000714946
1.16e+06	0.000716163
1.165e+06	0.000714255
1.17e+06	0.000714047
1.175e+06	0.000712527
1.18e+06	0.000711418
1.185e+06	0.000707014
1.19e+06	0.000702789
1.195e+06	0.000699085
1.2e+06	0.000694825
1.205e+06	0.000689697
1.21e+06	0.000687174
1.215e+06	0.000684268
1.22e+06	0.000677796
1.225e+06	0.00067235
1.23e+06	0.000670943
1.235e+06	0.000666945
1.24e+06	0.000663849
1.245e+06	0.000659072
1.25e+06	0.000652926
1.255e+06	0.000649612
1.26e+06	0.000648537
1.265e+06	0.000645646
1.27e+06	0.00064489
1.275e+06	0.000644967
1.28e+06	0.0006448
1.285e+06	0.000645355
1.29e+06	0.000648249
1.295e+06	0.000649184
1.3e+06	0.000646497
1.305e+06	0.000645734
1.31e+06	0.000643986
1.315e+06	0.000643274
1.32e+06	0.000640478
1.325e+06	0.000635991
1.33e+06	0.000629241
1.335e+06	0.000627839
1.34e+06	0.000627079
1.345e+06	0.00062474
1.35e+06	0.00062276
1.355e+06	0.000623273
1.36e+06	0.000622526
1.365e+06	0.000621538
1.37e+06	0.000618417
1.375e+06	0.000616453
1.38e+06	0.000611709
1.385e+06	0.000607465
1.39e+06	0.000605657
1.395e+06	0.000604411
1.4e+06	0.000602725
1.405e+06	0.000600585
1.41e+06	0.000598309
1.415e+06	0.00059668
1.42e+06	0.000595738
1.425e+06	0.000591899
1.43e+06	0.000590331
1.435e+06	0.000587093
1.44e+06	0.000584498
1.445e+06	0.000582995
1.45e+06	0.000581516
1.455e+06	0.000583181
1.46e+06	0.000579936
1.465e+06	0.000577793
1.47e+06	0.000574779
1.475e+06	0.000574582
1.48e+06	0.000575484
1.485e+06	0.000576989
1.49e+06	0.000576936
1.495e+06	0.000575024
1.5e+06	0.000574987
1.505e+06	0.000577431
1.51e+06	0.000578353
1.515e+06	0.000576386
1.52e+06	0.00057525
1.525e+06	0.00057421
1.53e+06	0.000573897
1.535e+06	0.000572039
1.54e+06	0.000573216
1.545e+06	0.000573998
1.55e+06	0.000573028
1.555e+06	0.000570408
1.56e+06	0.00057065
1.565e+06	0.000568512
1.57e+06	0.00056532
1.575e+06	0.000563909
1.58e+06	0.000565509
1.585e+06	0.000564722
1.59e+06	0.000564857
1.595e+06	0.000564852
1.6e+06	0.000564174
1.605e+06	0.000564391
1.61e+06	0.000562747
1.615e+06	0.000561591
1.62e+06	0.00056154
1.625e+06	0.000563071
1.63e+06	0.000563549
1.635e+06	0.000562973
1.64e+06	0.000561764
1.645e+06	0.000561317
1.65e+06	0.000560241
1.655e+06	0.000561825
1.66e+06	0.000563307
1.665e+06	0.000564898
1.67e+06	0.000566718
1.675e+06	0.000567706
1.68e+06	0.000570617
1.685e+06	0.000568652
1.69e+06	0.000569055
1.695e+06	0.000569299
1.7e+06	0.000569012
1.705e+06	0.000566072
1.71e+06	0.000562559
1.715e+06	0.000561354
1.72e+06	0.00056158
1.725e+06	0.000562511
1.73e+06	0.000561617
1.735e+06	0.000561323
1.74e+06	0.000560269
1.745e+06	0.00055842
1.75e+06	0.000556302
1.755e+06	0.000554889
1.76e+06	0.000555451
1.765e+06	0.000558114
1.77e+06	0.00055539
1.775e+06	0.000554271
1.78e+06	0.000554192
1.785e+06	0.000550411
1.79e+06	0.000547639
1.795e+06	0.000545763
1.8e+06	0.000545972
1.805e+06	0.000544691
1.81e+06	0.000543085
1.815e+06	0.000541981
1.82e+06	0.000541311
1.825e+06	0.000540379
1.83e+06	0.000539698
1.835e+06	0.00053789
1.84e+06	0.00053571
1.845e+06	0.000533703
1.85e+06	0.000532976
1.855e+06	0.000530897
1.86e+06	0.000527398
1.865e+06	0.000528176
1.87e+06	0.000529264
1.875e+06	0.000527673
1.88e+06	0.00052478
1.885e+06	0.000524071
1.89e+06	0.000520864
1.895e+06	0.000520829
1.9e+06	0.000518145
1.905e+06	0.000517465
1.91e+06	0.000516692
1.915e+06	0.000515582
1.92e+06	0.000514999
1.925e+06	0.000516913
1.93e+06	0.000516324
1.935e+06	0.000517055
1.94e+06	0.000516623
1.945e+06	0.000515164
1.95e+06	0.000513455
1.955e+06	0.000515144
1.96e+06	0.000516019
1.965e+06	0.000515471
1.97e+06	0.000514858
1.975e+06	0.000513457
1.98e+06	0.000512928
1.985e+06	0.000510851
1.99e+06	0.000509825
1.995e+06	0.00050823
2e+06	0.000507719
2.005e+06	0.000508766
2.01e+06	0.000509355
2.015e+06	0.000508109
2.02e+06	0.000506173
2.025e+06	0.000502986
2.03e+06	0.000501984
2.035e+06	0.00050414
2.04e+06	0.000505597
2.045e+06	0.00050471
2.05e+06	0.000501092
2.055e+06	0.000499153
2.06e+06	0.000497926
2.065e+06	0.000496063
2.07e+06	0.00049409
2.075e+06	0.000494392
2.08e+06	0.00049306
2.085e+06	0.000492826
2.09e+06	0.000490923
2.095e+06	0.000487577
2.1e+06	0.000485891
2.105e+06	0.00048494
2.11e+06	0.000483421
2.115e+06	0.000482366
2.12e+06	0.000481153
2.125e+06	0.000481237
2.13e+06	0.000480496
2.135e+06	0.000478753
2.14e+06	0.000478239
2.145e+06	0.000478179
2.15e+06	0.000478951
2.155e+06	0.000481083
2.16e+06	0.000479529
2.165e+06	0.000480476
2.17e+06	0.000478563
2.175e+06	0.000478386
2.18e+06	0.000477541
2.185e+06	0.000476031
2.19e+06	0.000473335
2.195e+06	0.00047522
2.2e+06	0.000474134
2.205e+06	0.000473568
2.21e+06	0.000473707
2.215e+06	0.000472484
2.22e+06	0.000471322
2.225e+06	0.00047092
2.23e+06	0.000469639
2.235e+06	0.000468491
2.24e+06	0.000469917
2.245e+06	0.000467998
2.25e+06	0.000465203
2.255e+06	0.000465135
2.26e+06	0.000464855
2.265e+06	0.00046526
2.27e+06	0.00046406
2.275e+06	0.00046457
2.28e+06	0.000465204
2.285e+06	0.000466082
2.29e+06	0.000466567
2.295e+06	0.000465779
2.3e+06	0.000465155
2.305e+06	0.000463313
2.31e+06	0.000461733
2.315e+06	0.000460607
2.32e+06	0.000461157
2.325e+06	0.000461424
2.33e+06	0.000460694
2.335e+06	0.000460687
2.34e+06	0.000460102
2.345e+06	0.000458436
2.35e+06	0.000458203
2.355e+06	0.000456457
2.36e+06	0.000455651
2.365e+06	0.000455199
2.37e+06	0.000455339
2.375e+06	0.000455317
2.38e+06	0.00045493
2.385e+06	0.000453415
2.39e+06	0.000452087
2.395e+06	0.000451361
2.4e+06	0.00044989
2.405e+06	0.000447903
2.41e+06	0.00044822
2.415e+06	0.000448426
2.42e+06	0.00044753
2.425e+06	0.000447026
2.43e+06	0.000446187
2.435e+06	0.000445442
2.44e+06	0.000444126
2.445e+06	0.000445189
2.45e+06	0.000445565
2.455e+06	0.000445929
2.46e+06	0.000445958
2.465e+06	0.000444824
2.47e+06	0.000442878
2.475e+06	0.000441207
2.48e+06	0.000441451
2.485e+06	0.000440239
2.49e+06	0.000439265
2.495e+06	0.00044005
2.5e+06	0.000441859
2.505e+06	0.000442251
2.51e+06	0.000441298
2.515e+06	0.000441333
2.52e+06	0.000441435
2.525e+06	0.000442638
2.53e+06	0.000442723
2.535e+06	0.000441212
2.54e+06	0.000441005
2.545e+06	0.000442533
2.55e+06	0.000442911
2.555e+06	0.0004429
2.56e+06	0.000441458
2.565e+06	0.000441795
2.57e+06	0.000442217
2.575e+06	0.000443097
2.58e+06	0.000441604
2.585e+06	0.000440592
2.59e+06	0.00043817
2.595e+06	0.000434681
2.6e+06	0.00043452
2.605e+06	0.000434513
2.61e+06	0.000433174
2.615e+06	0.000433583
2.62e+06	0.000433096
2.625e+06	0.000432268
2.63e+06	0.000434046
2.635e+06	0.000434298
2.64e+06	0.000434481
2.645e+06	0.000434818
2.65e+06	0.000434182
2.655e+06	0.000433044
2.66e+06	0.000429257
2.665e+06	0.000426969
2.67e+06	0.000425432
2.675e+06	0.000424568
2.68e+06	0.000423988
2.685e+06	0.000423824
2.69e+06	0.000422398
2.695e+06	0.000420952
2.7e+06	0.000418655
2.705e+06	0.000417809
2.71e+06	0.00041705
2.715e+06	0.000416569
2.72e+06	0.000416292
2.725e+06	0.000415968
2.73e+06	0.000415386
2.735e+06	0.000415146
2.74e+06	0.000414131
2.745e+06	0.000412966
2.75e+06	0.000413015
2.755e+06	0.000411448
2.76e+06	0.000409582
2.765e+06	0.000408486
2.77e+06	0.000407963
2.775e+06	0.000407157
2.78e+06	0.00040837
2.785e+06	0.000408246
2.79e+06	0.000408617
2.795e+06	0.000408562
2.8e+06	0.000407879
2.805e+06	0.000408949
2.81e+06	0.000409686
2.815e+06	0.000408375
2.82e+06	0.000408961
2.825e+06	0.000409545
2.83e+06	0.000410773
2.835e+06	0.000411535
2.84e+06	0.000410945
2.845e+06	0.000411401
2.85e+06	0.000410591
2.855e+06	0.000409973
2.86e+06	0.000408517
2.865e+06	0.000407261
2.87e+06	0.000405664
2.875e+06	0.000406312
2.88e+06	0.000406302
2.885e+06	0.000406703
2.89e+06	0.000406559
2.895e+06	0.000406192
2.9e+06	0.000406461
2.905e+06	0.000405659
2.91e+06	0.000404836
2.915e+06	0.000404107
2.92e+06	0.00040399
2.925e+06	0.000401959
2.93e+06	0.000401052
2.935e+06	0.000400463
2.94e+06	0.00040001
2.945e+06	0.000397895
2.95e+06	0.00039736
2.955e+06	0.000396469
2.96e+06	0.000394359
2.965e+06	0.000392091
2.97e+06	0.000391195
2.975e+06	0.000391531
2.98e+06	0.000389711
2.985e+06	0.000389202
2.99e+06	0.000389061
2.995e+06	0.000388451
3e+06	0.000387021
3.005e+06	0.000386855
3.01e+06	0.000387105
3.015e+06	0.000388125
3.02e+06	0.000388009
3.025e+06	0.000387877
3.03e+06	0.000388363
3.035e+06	0.000388011
3.04e+06	0.000388091
3.045e+06	0.000388079
3.05e+06	0.000387328
3.055e+06	0.000388351
3.06e+06	0.000386747
3.065e+06	0.000385899
3.07e+06	0.000384356
3.075e+06	0.00038235
3.08e+06	0.000380679
3.085e+06	0.000380691
3.09e+06	0.000379762
3.095e+06	0.000377256
3.1e+06	0.000376275
3.105e+06	0.00037485
3.11e+06	0.000374177
3.115e+06	0.000374449
3.12e+06	0.000373105
3.125e+06	0.00037281
3.13e+06	0.000371634
3.135e+06	0.000370144
3.14e+06	0.000370124
3.145e+06	0.000370101
3.15e+06	0.000369445
3.155e+06	0.000368889
3.16e+06	0.000368434
3.165e+06	0.000368244
3.17e+06	0.000367433
3.175e+06	0.000367077
3.18e+06	0.00036708
3.185e+06	0.000366258
3.19e+06	0.000365149
3.195e+06	0.000364982
3.2e+06	0.000364162
3.205e+06	0.000364102
3.21e+06	0.000364761
3.215e+06	0.000365181
3.22e+06	0.000364982
3.225e+06	0.000365085
3.23e+06	0.000365982
3.235e+06	0.000366846
3.24e+06	0.000367644
3.245e+06	0.000367184
3.25e+06	0.000363572
3.255e+06	0.000361863
3.26e+06	0.000361342
3.265e+06	0.000360915
3.27e+06	0.000361013
3.275e+06	0.000359929
3.28e+06	0.000359208
3.285e+06	0.000359087
3.29e+06	0.000358263
3.295e+06	0.000358171
3.3e+06	0.000358144
3.305e+06	0.000356759
3.31e+06	0.000356542
3.315e+06	0.000356137
3.32e+06	0.000355561
3.325e+06	0.000355527
3.33e+06	0.000353769
3.335e+06	0.000351716
3.34e+06	0.000351276
3.345e+06	0.000350476
3.35e+06	0.000350565
3.355e+06	0.000350901
3.36e+06	0.000350988
3.365e+06	0.000350697
3.37e+06	0.000350573
3.375e+06	0.000350213
3.38e+06	0.000348848
3.385e+06	0.000348666
3.39e+06	0.00034872
3.395e+06	0.00034939
3.4e+06	0.000350132
3.405e+06	0.000350518
3.41e+06	0.000351848
3.415e+06	0.00035143
3.42e+06	0.000350509
3.425e+06	0.000350953
3.43e+06	0.000350621
3.435e+06	0.000350803
3.44e+06	0.000350601
3.445e+06	0.000350064
3.45e+06	0.000348655
3.455e+06	0.000348244
3.46e+06	0.000349424
3.465e+06	0.000349959
3.47e+06	0.000350122
3.475e+06	0.000349967
3.48e+06	0.000350115
3.485e+06	0.00034916
3.49e+06	0.000348481
3.495e+06	0.000346495
3.5e+06	0.000346149
3.505e+06	0.000345366
3.51e+06	0.000345313
3.515e+06	0.00034549
3.52e+06	0.000344557
3.525e+06	0.000343304
3.53e+06	0.000341701
3.535e+06	0.000339285
3.54e+06	0.000338244
3.545e+06	0.000337339
3.55e+06	0.000337366
3.555e+06	0.000337277
3.56e+06	0.000337819
3.565e+06	0.000338083
3.57e+06	0.000339204
3.575e+06	0.000338111
3.58e+06	0.000336189
3.585e+06	0.000336057
3.59e+06	0.000335371
3.595e+06	0.000335574
3.6e+06	0.000333667
3.605e+06	0.00033293
3.61e+06	0.000332675
3.615e+06	0.000331452
3.62e+06	0.000331298
3.625e+06	0.000330604
3.63e+06	0.000330179
3.635e+06	0.000328782
3.64e+06	0.0003284
3.645e+06	0.000327744
3.65e+06	0.000327963
3.655e+06	0.000328163
3.66e+06	0.000327699
3.665e+06	0.000326891
3.67e+06	0.000326017
3.675e+06	0.000324806
3.68e+06	0.000323444
3.685e+06	0.000322147
3.69e+06	0.00032155
3.695e+06	0.000320392
3.7e+06	0.000318989
3.705e+06	0.000317209
3.71e+06	0.000316896
3.715e+06	0.00031625
3.72e+06	0.000316573
3.725e+06	0.000316001
3.73e+06	0.000315564
3.735e+06	0.000314905
3.74e+06	0.000315296
3.745e+06	0.000315641
3.75e+06	0.000315025
3.755e+06	0.000315046
3.76e+06	0.000313897
3.765e+06	0.000313455
3.77e+06	0.000312506
3.775e+06	0.000312684
3.78e+06	0.000312117
3.785e+06	0.000311732
3.79e+06	0.000311698
3.795e+06	0.000312097
3.8e+06	0.000313614
3.805e+06	0.000312646
3.81e+06	0.000313881
3.815e+06	0.000314129
3.82e+06	0.000313148
3.825e+06	0.000312647
3.83e+06	0.000313022
3.835e+06	0.00031309
3.84e+06	0.000313217
3.845e+06	0.000313254
3.85e+06	0.00031416
3.855e+06	0.000314898
3.86e+06	0.000315196
3.865e+06	0.000316129
3.87e+06	0.000316723
3.875e+06	0.00031668
3.88e+06	0.000316077
3.885e+06	0.00031625
3.89e+06	0.00031584
3.895e+06	0.00031574
3.9e+06	0.000315185
3.905e+06	0.000313943
3.91e+06	0.000313886
3.915e+06	0.000313228
3.92e+06	0.000313357
3.925e+06	0.000314003
3.93e+06	0.000313831
3.935e+06	0.000314766
3.94e+06	0.000314512
3.945e+06	0.000313607
3.95e+06	0.000314257
3.955e+06	0.000314516
3.96e+06	0.000312978
3.965e+06	0.000312997
3.97e+06	0.000313152
3.975e+06	0.000312497
3.98e+06	0.0003126
3.985e+06	0.000313347
3.99e+06	0.000313811
3.995e+06	0.000313149
4e+06	0.000312065
4.005e+06	0.000311578
4.01e+06	0.000310676
4.015e+06	0.000309733
4.02e+06	0.000309376
4.025e+06	0.000309212
4.03e+06	0.000309736
4.035e+06	0.000310125
4.04e+06	0.000309824
4.045e+06	0.000309789
4.05e+06	0.000310404
4.055e+06	0.000310846
4.06e+06	0.00031202
4.065e+06	0.000311507
4.07e+06	0.00031057
4.075e+06	0.000311012
4.08e+06	0.000311169
4.085e+06	0.000311642
4.09e+06	0.000312362
4.095e+06	0.000312797
4.1e+06	0.000313583
4.105e+06	0.000313773
4.11e+06	0.000312874
4.115e+06	0.000311931
4.12e+06	0.000310248
4.125e+06	0.00030859
4.13e+06	0.000307876
4.135e+06	0.000306862
4.14e+06	0.000306508
4.145e+06	0.000306886
4.15e+06	0.000306633
4.155e+06	0.000305635
4.16e+06	0.000305453
4.165e+06	0.000306362
4.17e+06	0.000306328
4.175e+06	0.000306144
4.18e+06	0.00030569
4.185e+06	0.000305712
4.19e+06	0.000305338
4.195e+06	0.000305568
4.2e+06	0.000305077
4.205e+06	0.000304652
4.21e+06	0.000304832
4.215e+06	0.000306165
4.22e+06	0.000305153
4.225e+06	0.000304636
4.23e+06	0.000304658
4.235e+06	0.000303864
4.24e+06	0.000303832
4.245e+06	0.000304517
4.25e+06	0.000304719
4.255e+06	0.000304887
4.26e+06	0.000305489
4.265e+06	0.000305215
4.27e+06	0.000304688
4.275e+06	0.000304329
4.28e+06	0.000303965
4.285e+06	0.000303572
4.29e+06	0.000303609
4.295e+06	0.000304342
4.3e+06	0.000305042
4.305e+06	0.00030519
4.31e+06	0.000303943
4.315e+06	0.00030323
4.32e+06	0.000301953
4.325e+06	0.000301746
4.33e+06	0.000302041
4.335e+06	0.000302001
4.34e+06	0.000301478
4.345e+06	0.000300968
4.35e+06	0.000300889
4.355e+06	0.000300631
4.36e+06	0.000300177
4.365e+06	0.000300527
4.37e+06	0.000300572
4.375e+06	0.000300605
4.38e+06	0.000300488
4.385e+06	0.000299825
4.39e+06	0.000298793
4.395e+06	0.000298296
4.4e+06	0.000297536
4.405e+06	0.000297212
4.41e+06	0.000296819
4.415e+06	0.000296018
4.42e+06	0.000296132
4.425e+06	0.000296693
4.43e+06	0.000297224
4.435e+06	0.000297072
4.44e+06	0.000296986
4.445e+06	0.000297259
4.45e+06	0.000297301
4.455e+06	0.000296599
4.46e+06	0.00029692
4.465e+06	0.000297118
4.47e+06	0.000297039
4.475e+06	0.000297373
4.48e+06	0.000296823
4.485e+06	0.000296008
4.49e+06	0.00029567
4.495e+06	0.000295256
4.5e+06	0.000295354
4.505e+06	0.000295163
4.51e+06	0.000295615
4.515e+06	0.000293021
4.52e+06	0.000291738
4.525e+06	0.000290644
4.53e+06	0.000290052
4.535e+06	0.000289843
4.54e+06	0.000289932
4.545e+06	0.000290358
4.55e+06	0.00029107
4.555e+06	0.000290093
4.56e+06	0.000288893
4.565e+06	0.000287649
4.57e+06	0.00028726
4.575e+06	0.000286656
4.58e+06	0.000285266
4.585e+06	0.000283902
4.59e+06	0.000282748
4.595e+06	0.000282369
4.6e+06	0.000282154
4.605e+06	0.000282454
4.61e+06	0.000282511
4.615e+06	0.000281512
4.62e+06	0.00028129
4.625e+06	0.000281108
4.63e+06	0.0002824
4.635e+06	0.000283881
4.64e+06	0.000284049
4.645e+06	0.000283853
4.65e+06	0.000283941
4.655e+06	0.00028412
4.66e+06	0.000284481
4.665e+06	0.000284121
4.67e+06	0.000283493
4.675e+06	0.000283405
4.68e+06	0.000283242
4.685e+06	0.000283266
4.69e+06	0.000282896
4.695e+06	0.000282791
4.7e+06	0.000282784
4.705e+06	0.000282687
4.71e+06	0.000282452
4.715e+06	0.000281785
4.72e+06	0.000281368
4.725e+06	0.00028044
4.73e+06	0.000279992
4.735e+06	0.000278878
4.74e+06	0.000278754
4.745e+06	0.000278405
4.75e+06	0.000277914
4.755e+06	0.000277603
4.76e+06	0.000277601
4.765e+06	0.000276449
4.77e+06	0.000275743
4.775e+06	0.000275004
4.78e+06	0.000274891
4.785e+06	0.000273722
4.79e+06	0.000273807
4.795e+06	0.000272952
4.8e+06	0.00027301
4.805e+06	0.000272739
4.81e+06	0.00027239
4.815e+06	0.000272222
4.82e+06	0.000271502
4.825e+06	0.000271869
4.83e+06	0.000271944
4.835e+06	0.000271733
4.84e+06	0.000271828
4.845e+06	0.00027191
4.85e+06	0.00027177
4.855e+06	0.000271872
4.86e+06	0.000271068
4.865e+06	0.000271163
4.87e+06	0.000271285
4.875e+06	0.000271014
4.88e+06	0.00027065
4.885e+06	0.000270546
4.89e+06	0.000269699
4.895e+06	0.000269533
4.9e+06	0.000269414
4.905e+06	0.000268822
4.91e+06	0.000268468
4.915e+06	0.000268492
4.92e+06	0.000267899
4.925e+06	0.000266859
4.93e+06	0.000266359
4.935e+06	0.00026573
4.94e+06	0.000264476
4.945e+06	0.000263612
4.95e+06	0.000263257
4.955e+06	0.000262763
4.96e+06	0.000261728
4.965e+06	0.000260866
4.97e+06	0.000260365
4.975e+06	0.000260279
4.98e+06	0.000260415
4.985e+06	0.000261132
4.99e+06	0.000261624
4.995e+06	0.000261831
5e+06	0.00026184
5.005e+06	0.000261097
5.01e+06	0.000260304
5.015e+06	0.000260492
5.02e+06	0.000260555
5.025e+06	0.000260311
5.03e+06	0.000260059
5.035e+06	0.000259926
5.04e+06	0.000259549
5.045e+06	0.000258691
5.05e+06	0.000257677
5.055e+06	0.000257642
5.06e+06	0.000257125
5.065e+06	0.000255973
5.07e+06	0.00025562
5.075e+06	0.000255155
5.08e+06	0.00025489
5.085e+06	0.000255146
5.09e+06	0.000254525
5.095e+06	0.000254602
5.1e+06	0.000254482
5.105e+06	0.000254582
5.11e+06	0.000255193
5.115e+06	0.000255291
5.12e+06	0.000254668
5.125e+06	0.000254873
5.13e+06	0.000255367
5.135e+06	0.000255128
5.14e+06	0.000254613
5.145e+06	0.000254779
5.15e+06	0.000254885
5.155e+06	0.000254611
5.16e+06	0.000254764
5.165e+06	0.000254592
5.17e+06	0.000254086
5.175e+06	0.00025358
5.18e+06	0.000254071
5.185e+06	0.000253745
5.19e+06	0.000253904
5.195e+06	0.000253867
5.2e+06	0.000253597
5.205e+06	0.000254027
5.21e+06	0.000253982
5.215e+06	0.000253564
5.22e+06	0.000253515
5.225e+06	0.000253213
5.23e+06	0.000252821
5.235e+06	0.000252428
5.24e+06	0.000252381
5.245e+06	0.000252844
5.25e+06	0.000253343
5.255e+06	0.000253915
5.26e+06	0.000254754
5.265e+06	0.000255032
5.27e+06	0.000254746
5.275e+06	0.000254967
5.28e+06	0.000255284
5.285e+06	0.000255151
5.29e+06	0.000255182
5.295e+06	0.000254894
5.3e+06	0.00025473
5.305e+06	0.000253505
5.31e+06	0.000252891
5.315e+06	0.000252725
5.32e+06	0.000252905
5.325e+06	0.000252432
5.33e+06	0.000252453
5.335e+06	0.000252393
5.34e+06	0.000251589
5.345e+06	0.000251169
5.35e+06	0.000251
5.355e+06	0.000250599
5.36e+06	0.00025004
5.365e+06	0.000249399
5.37e+06	0.000248873
5.375e+06	0.000248608
5.38e+06	0.000248724
5.385e+06	0.000248339
5.39e+06	0.00024818
5.395e+06	0.000249548
5.4e+06	0.000249665
5.405e+06	0.000249568
5.41e+06	0.000249744
5.415e+06	0.000249824
5.42e+06	0.000249872
5.425e+06	0.000250277
5.43e+06	0.000250904
5.435e+06	0.000251243
5.44e+06	0.000250808
5.445e+06	0.000250831
5.45e+06	0.00025033
5.455e+06	0.00025079
5.46e+06	0.000250655
5.465e+06	0.000251151
5.47e+06	0.000250704
5.475e+06	0.000250362
5.48e+06	0.000249642
5.485e+06	0.000249557
5.49e+06	0.000249134
5.495e+06	0.0002493
5.5e+06	0.000249267
5.505e+06	0.000248783
5.51e+06	0.000248066
5.515e+06	0.000247018
5.52e+06	0.000246387
5.525e+06	0.000245323
5.53e+06	0.000244866
5.535e+06	0.000245285
5.54e+06	0.000245148
5.545e+06	0.000245001
5.55e+06	0.000244511
5.555e+06	0.000244303
5.56e+06	0.000244067
5.565e+06	0.000243983
5.57e+06	0.000244111
5.575e+06	0.000244175
5.58e+06	0.000243745
5.585e+06	0.000243508
5.59e+06	0.000242784
5.595e+06	0.0002423
5.6e+06	0.000241765
5.605e+06	0.000241348
5.61e+06	0.000240961
5.615e+06	0.000240843
5.62e+06	0.000240497
5.625e+06	0.000240722
5.63e+06	0.000240151
5.635e+06	0.000240211
5.64e+06	0.000239932
5.645e+06	0.000239945
5.65e+06	0.000240325
5.655e+06	0.000239975
5.66e+06	0.000239858
5.665e+06	0.000239659
5.67e+06	0.000240499
5.675e+06	0.000240157
5.68e+06	0.000240097
5.685e+06	0.000240004
5.69e+06	0.000239349
5.695e+06	0.000239709
5.7e+06	0.000240445
5.705e+06	0.000240062
5.71e+06	0.000239616
5.715e+06	0.000239328
5.72e+06	0.000239466
5.725e+06	0.000239725
5.73e+06	0.000239782
5.735e+06	0.000240171
5.74e+06	0.000240509
5.745e+06	0.000240649
5.75e+06	0.000240629
5.755e+06	0.000240728
5.76e+06	0.000240597
5.765e+06	0.000240985
5.77e+06	0.000241564
5.775e+06	0.000241955
5.78e+06	0.000241899
5.785e+06	0.000241923
5.79e+06	0.000241694
5.795e+06	0.000241829
5.8e+06	0.000241528
5.805e+06	0.000240353
5.81e+06	0.000239953
5.815e+06	0.000240145
5.82e+06	0.000240099
5.825e+06	0.000239319
5.83e+06	0.00023921
5.835e+06	0.000239041
5.84e+06	0.000239137
5.845e+06	0.000238758
5.85e+06	0.000238571
5.855e+06	0.000238136
5.86e+06	0.0002384
5.865e+06	0.000238692
5.87e+06	0.000239003
5.875e+06	0.000239166
5.88e+06	0.000239554
5.885e+06	0.000239744
5.89e+06	0.000240647
5.895e+06	0.000241251
5.9e+06	0.000241737
5.905e+06	0.000242326
5.91e+06	0.000242
5.915e+06	0.000242071
5.92e+06	0.000242351
5.925e+06	0.000242782
5.93e+06	0.00024261
5.935e+06	0.000241191
5.94e+06	0.00024059
5.945e+06	0.00024007
5.95e+06	0.00023919
5.955e+06	0.000239037
5.96e+06	0.000239441
5.965e+06	0.000239109
5.97e+06	0.000238507
5.975e+06	0.000238482
5.98e+06	0.000238858
5.985e+06	0.000239206
5.99e+06	0.000239451
5.995e+06	0.000239326
6e+06	0.000239771
6.005e+06	0.000240086
6.01e+06	0.000240406
6.015e+06	0.000240245
6.02e+06	0.000239576
6.025e+06	0.000239014
6.03e+06	0.000238094
6.035e+06	0.000237934
6.04e+06	0.000237978
6.045e+06	0.000238585
6.05e+06	0.000238624
6.055e+06	0.000238627
6.06e+06	0.00023871
6.065e+06	0.000238896
6.07e+06	0.000239203
6.075e+06	0.000238772
6.08e+06	0.000238491
6.085e+06	0.000237683
6.09e+06	0.000236366
6.095e+06	0.000235547
6.1e+06	0.000235358
6.105e+06	0.00023579
6.11e+06	0.000235481
6.115e+06	0.000234951
6.12e+06	0.000234835
6.125e+06	0.000234734
6.13e+06	0.000234883
6.135e+06	0.00023516
6.14e+06	0.000235254
6.145e+06	0.000235194
6.15e+06	0.000234877
6.155e+06	0.000234849
6.16e+06	0.000234273
6.165e+06	0.000234017
6.17e+06	0.000233932
6.175e+06	0.00023447
6.18e+06	0.000234175
6.185e+06	0.000233318
6.19e+06	0.00023291
6.195e+06	0.000232672
6.2e+06	0.000233036
6.205e+06	0.000232715
6.21e+06	0.000232485
6.215e+06	0.000232348
6.22e+06	0.00023205
6.225e+06	0.000231498
6.23e+06	0.000231687
6.235e+06	0.000232068
6.24e+06	0.000231935
6.245e+06	0.000231814
6.25e+06	0.000231932
6.255e+06	0.000232332
6.26e+06	0.000232006
6.265e+06	0.000231469
6.27e+06	0.000231471
6.275e+06	0.000231413
6.28e+06	0.000231438
6.285e+06	0.000231055
6.29e+06	0.000231177
6.295e+06	0.000231427
6.3e+06	0.000231187
6.305e+06	0.000231146
6.31e+06	0.000230969
6.315e+06	0.000229738
6.32e+06	0.000228588
6.325e+06	0.000228059
6.33e+06	0.000227951
6.335e+06	0.000227447
6.34e+06	0.000227541
6.345e+06	0.000227698
6.35e+06	0.000228025
6.355e+06	0.00022714
6.36e+06	0.000226538
6.365e+06	0.000226445
6.37e+06	0.00022607
6.375e+06	0.000225668
6.38e+06	0.00022545
6.385e+06	0.000225914
6.39e+06	0.000226021
6.395e+06	0.000225891
6.4e+06	0.000226152
6.405e+06	0.000225703
6.41e+06	0.00022539
6.415e+06	0.00022525
6.42e+06	0.000224946
6.425e+06	0.000225698
6.43e+06	0.000226763
6.435e+06	0.000226961
6.44e+06	0.000227136
6.445e+06	0.000226933
6.45e+06	0.000226975
6.455e+06	0.000226776
6.46e+06	0.0002267
6.465e+06	0.00022702
6.47e+06	0.000227029
6.475e+06	0.000226771
6.48e+06	0.000226477
6.485e+06	0.000227499
6.49e+06	0.000227652
6.495e+06	0.000227932
6.5e+06	0.000228696
6.505e+06	0.000228441
6.51e+06	0.000228723
6.515e+06	0.000229199
6.52e+06	0.000229605
6.525e+06	0.000229211
6.53e+06	0.000228715
6.535e+06	0.000228162
6.54e+06	0.000228134
6.545e+06	0.000227976
6.55e+06	0.000228091
6.555e+06	0.000227899
6.56e+06	0.000227201
6.565e+06	0.000226843
6.57e+06	0.000227124
6.575e+06	0.00022777
6.58e+06	0.000228421
6.585e+06	0.000228933
6.59e+06	0.000229158
6.595e+06	0.000229503
6.6e+06	0.000229855
6.605e+06	0.000230237
6.61e+06	0.00023011
6.615e+06	0.000229932
6.62e+06	0.000229861
6.625e+06	0.000230314
6.63e+06	0.000230872
6.635e+06	0.000230947
6.64e+06	0.000230621
6.645e+06	0.000230379
6.65e+06	0.000230511
6.655e+06	0.000229758
6.66e+06	0.000229358
6.665e+06	0.000228991
6.67e+06	0.000228573
6.675e+06	0.000228374
6.68e+06	0.000228057
6.685e+06	0.00022815
6.69e+06	0.000227891
6.695e+06	0.000228046
6.7e+06	0.000227909
6.705e+06	0.000228314
6.71e+06	0.000227948
6.715e+06	0.000227455
6.72e+06	0.000226631
6.725e+06	0.000225573
6.73e+06	0.000225557
6.735e+06	0.000225308
6.74e+06	0.000225267
6.745e+06	0.00022479
6.75e+06	0.000224223
6.755e+06	0.000223461
6.76e+06	0.000223216
6.765e+06	0.000223542
6.77e+06	0.000223823
6.775e+06	0.000223997
6.78e+06	0.000223512
6.785e+06	0.000222998
6.79e+06	0.000222923
6.795e+06	0.000222605
6.8e+06	0.000222657
6.805e+06	0.000222855
6.81e+06	0.000222506
6.815e+06	0.000222261
6.82e+06	0.000221832
6.825e+06	0.000221677
6.83e+06	0.00022114
6.835e+06	0.000220848
6.84e+06	0.000220487
6.845e+06	0.000220283
6.85e+06	0.000220746
6.855e+06	0.000220972
6.86e+06	0.000220578
6.865e+06	0.00022014
6.87e+06	0.000219782
6.875e+06	0.00021957
6.88e+06	0.000219601
6.885e+06	0.000219803
6.89e+06	0.000219812
6.895e+06	0.000219878
6.9e+06	0.00021941
6.905e+06	0.000219114
6.91e+06	0.000218877
6.915e+06	0.000218784
6.92e+06	0.000218478
6.925e+06	0.000217923
6.93e+06	0.000217787
6.935e+06	0.000217846
6.94e+06	0.000217514
6.945e+06	0.000217182
6.95e+06	0.000217085
6.955e+06	0.000217149
6.96e+06	0.000216875
6.965e+06	0.000216692
6.97e+06	0.000216624
6.975e+06	0.000216569
6.98e+06	0.000216473
6.985e+06	0.000217024
6.99e+06	0.000216995
6.995e+06	0.000216597
7e+06	0.000216487
7.005e+06	0.000216231
7.01e+06	0.00021652
7.015e+06	0.000216842
7.02e+06	0.000217291
7.025e+06	0.00021706
7.03e+06	0.000217514
7.035e+06	0.00021738
7.04e+06	0.000217379
7.045e+06	0.000217843
7.05e+06	0.00021812
7.055e+06	0.000218097
7.06e+06	0.000218
7.065e+06	0.000218014
7.07e+06	0.000218087
7.075e+06	0.000217727
7.08e+06	0.000217602
7.085e+06	0.000216988
7.09e+06	0.000216686
7.095e+06	0.000216747
7.1e+06	0.000216549
7.105e+06	0.000216469
7.11e+06	0.000216593
7.115e+06	0.000215993
7.12e+06	0.000215657
7.125e+06	0.000215556
7.13e+06	0.000215355
7.135e+06	0.000215244
7.14e+06	0.000215092
7.145e+06	0.00021416
7.15e+06	0.000213794
7.155e+06	0.000213781
7.16e+06	0.000213329
7.165e+06	0.000212974
7.17e+06	0.000213001
7.175e+06	0.000212794
7.18e+06	0.000212896
7.185e+06	0.000212459
7.19e+06	0.000212299
7.195e+06	0.00021249
7.2e+06	0.000212503
7.205e+06	0.000212755
7.21e+06	0.00021313
7.215e+06	0.000213513
7.22e+06	0.000213659
7.225e+06	0.000212801
7.23e+06	0.000212374
7.235e+06	0.000211545
7.24e+06	0.000210754
7.245e+06	0.000210119
7.25e+06	0.000209659
7.255e+06	0.000209171
7.26e+06	0.000209233
7.265e+06	0.000208531
7.27e+06	0.000207903
7.275e+06	0.000207483
7.28e+06	0.000207314
7.285e+06	0.000206905
7.29e+06	0.00020641
7.295e+06	0.000205671
7.3e+06	0.000205306
7.305e+06	0.000205329
7.31e+06	0.000205078
7.315e+06	0.000204729
7.32e+06	0.000204858
7.325e+06	0.000204992
7.33e+06	0.000204936
7.335e+06	0.000204818
7.34e+06	0.000204753
7.345e+06	0.000204201
7.35e+06	0.00020425
7.355e+06	0.000204977
7.36e+06	0.000205217
7.365e+06	0.000205375
7.37e+06	0.000205257
7.375e+06	0.000205529
7.38e+06	0.00020569
7.385e+06	0.000205324
7.39e+06	0.000205241
7.395e+06	0.000204624
7.4e+06	0.00020434
7.405e+06	0.000204015
7.41e+06	0.000203496
7.415e+06	0.000203383
7.42e+06	0.000202964
7.425e+06	0.000202758
7.43e+06	0.000202966
7.435e+06	0.000202819
7.44e+06	0.000202862
7.445e+06	0.000203167
7.45e+06	0.0002038
7.455e+06	0.00020414
7.46e+06	0.000204691
7.465e+06	0.000204286
7.47e+06	0.000203932
7.475e+06	0.000203753
7.48e+06	0.000204322
7.485e+06	0.000204768
7.49e+06	0.000204714
7.495e+06	0.000204242
7.5e+06	0.000203854
7.505e+06	0.000203321
7.51e+06	0.000202797
7.515e+06	0.000202311
7.52e+06	0.000201972
7.525e+06	0.00020179
7.53e+06	0.00020178
7.535e+06	0.000201799
7.54e+06	0.000201049
7.545e+06	0.000200994
7.55e+06	0.000200726
7.555e+06	0.000200901
7.56e+06	0.000200941
7.565e+06	0.000200884
7.57e+06	0.000200749
7.575e+06	0.000200215
7.58e+06	0.000200038
7.585e+06	0.000200268
7.59e+06	0.00020016
7.595e+06	0.000199728
7.6e+06	0.000199217
7.605e+06	0.000199012
7.61e+06	0.000198749
7.615e+06	0.000198692
7.62e+06	0.000198189
7.625e+06	0.000197683
7.63e+06	0.000197784
7.635e+06	0.000198268
7.64e+06	0.000198509
7.645e+06	0.000198402
7.65e+06	0.00019914
7.655e+06	0.000198879
7.66e+06	0.000198534
7.665e+06	0.000198198
7.67e+06	0.000198097
7.675e+06	0.000197796
7.68e+06	0.000197697
7.685e+06	0.00019802
7.69e+06	0.000197784
7.695e+06	0.000197434
7.7e+06	0.000196824
7.705e+06	0.000196259
7.71e+06	0.000196128
7.715e+06	0.000195792
7.72e+06	0.00019554
7.725e+06	0.000195217
7.73e+06	0.000195754
7.735e+06	0.000195682
7.74e+06	0.000196262
7.745e+06	0.000196936
7.75e+06	0.000197771
7.755e+06	0.00019817
7.76e+06	0.000198338
7.765e+06	0.00019875
7.77e+06	0.000198838
7.775e+06	0.000198808
7.78e+06	0.000198561
7.785e+06	0.00019819
7.79e+06	0.000198542
7.795e+06	0.000198603
7.8e+06	0.000199314
7.805e+06	0.000199572
7.81e+06	0.000199945
7.815e+06	0.000199792
7.82e+06	0.000199622
7.825e+06	0.000199434
7.83e+06	0.000199047
7.835e+06	0.000198218
7.84e+06	0.000198022
7.845e+06	0.000198736
7.85e+06	0.000198797
7.855e+06	0.000198888
7.86e+06	0.000198767
7.865e+06	0.00019837
7.87e+06	0.000197639
7.875e+06	0.000197483
7.88e+06	0.000197382
7.885e+06	0.000197169
7.89e+06	0.000196808
7.895e+06	0.000196464
7.9e+06	0.000196465
7.905e+06	0.000196723
7.91e+06	0.000196526
7.915e+06	0.000196662
7.92e+06	0.000197218
7.925e+06	0.000197427
7.93e+06	0.000197661
7.935e+06	0.000197698
7.94e+06	0.000198187
7.945e+06	0.000197713
7.95e+06	0.000197309
7.955e+06	0.000196671
7.96e+06	0.000196418
7.965e+06	0.000195921
7.97e+06	0.000195789
7.975e+06	0.000195539
7.98e+06	0.000195315
7.985e+06	0.000195093
7.99e+06	0.000195084
7.995e+06	0.000195127
8e+06	0.000195267
8.005e+06	0.000195119
8.01e+06	0.000194814
8.015e+06	0.000194373
8.02e+06	0.000194232
8.025e+06	0.000193895
8.03e+06	0.000193836
8.035e+06	0.000193886
8.04e+06	0.000193898
8.045e+06	0.000193821
8.05e+06	0.00019345
8.055e+06	0.000193013
8.06e+06	0.000192331
8.065e+06	0.000192308
8.07e+06	0.00019204
8.075e+06	0.000192479
8.08e+06	0.000192581
8.085e+06	0.000191901
8.09e+06	0.000191791
8.095e+06	0.000191749
8.1e+06	0.000191626
8.105e+06	0.000191512
8.11e+06	0.000191248
8.115e+06	0.000190928
8.12e+06	0.000191325
8.125e+06	0.000191272
8.13e+06	0.000191673
8.135e+06	0.000192221
8.14e+06	0.000192564
8.145e+06	0.000192266
8.15e+06	0.000192228
8.155e+06	0.000191829
8.16e+06	0.000192066
8.165e+06	0.000191862
8.17e+06	0.000191304
8.175e+06	0.000190816
8.18e+06	0.00019118
8.185e+06	0.00019165
8.19e+06	0.00019229
8.195e+06	0.000192125
8.2e+06	0.000192494
8.205e+06	0.000192654
8.21e+06	0.000193055
8.215e+06	0.000193121
8.22e+06	0.000192787
8.225e+06	0.000192671
8.23e+06	0.000192973
8.235e+06	0.00019271
8.24e+06	0.000192313
8.245e+06	0.000191676
8.25e+06	0.000191405
8.255e+06	0.000191323
8.26e+06	0.000190708
8.265e+06	0.000190575
8.27e+06	0.000190498
8.275e+06	0.000190381
8.28e+06	0.00019012
8.285e+06	0.000190618
8.29e+06	0.000190875
8.295e+06	0.000191181
8.3e+06	0.000191071
8.305e+06	0.000191352
8.31e+06	0.000191589
8.315e+06	0.000191726
8.32e+06	0.000191837
8.325e+06	0.000192311
8.33e+06	0.000192736
8.335e+06	0.000193214
8.34e+06	0.000193289
8.345e+06	0.000193661
8.35e+06	0.000193819
8.355e+06	0.000193906
8.36e+06	0.000193378
8.365e+06	0.000192786
8.37e+06	0.000191938
8.375e+06	0.000191725
8.38e+06	0.000191733
8.385e+06	0.000191862
8.39e+06	0.000192271
8.395e+06	0.000191621
8.4e+06	0.000191481
8.405e+06	0.0001913
8.41e+06	0.000191237
8.415e+06	0.000190991
8.42e+06	0.000191077
8.425e+06	0.000191065
8.43e+06	0.000190773
8.435e+06	0.000190651
8.44e+06	0.000190258
8.445e+06	0.000190406
8.45e+06	0.000190503
8.455e+06	0.000190863
8.46e+06	0.000190566
8.465e+06	0.00019034
8.47e+06	0.000190426
8.475e+06	0.000190404
8.48e+06	0.000190529
8.485e+06	0.000190718
8.49e+06	0.000190849
8.495e+06	0.000190485
8.5e+06	0.000190461
8.505e+06	0.000190162
8.51e+06	0.000189825
8.515e+06	0.000189529
8.52e+06	0.000188771
8.525e+06	0.000188288
8.53e+06	0.000188189
8.535e+06	0.000188205
8.54e+06	0.000188449
8.545e+06	0.000188439
8.55e+06	0.000188336
8.555e+06	0.000188362
8.56e+06	0.00018788
8.565e+06	0.000187243
8.57e+06	0.000187413
8.575e+06	0.000187978
8.58e+06	0.000187824
8.585e+06	0.000187629
8.59e+06	0.000187307
8.595e+06	0.000187551
8.6e+06	0.000187333
8.605e+06	0.000187431
8.61e+06	0.000187894
8.615e+06	0.000188194
8.62e+06	0.000188043
8.625e+06	0.000188119
8.63e+06	0.00018787
8.635e+06	0.000187537
8.64e+06	0.000187042
8.645e+06	0.000186715
8.65e+06	0.000186297
8.655e+06	0.000186082
8.66e+06	0.000186
8.665e+06	0.000186173
8.67e+06	0.000186068
8.675e+06	0.000185525
8.68e+06	0.00018556
8.685e+06	0.000184852
8.69e+06	0.000184771
8.695e+06	0.00018486
8.7e+06	0.000184385
8.705e+06	0.00018403
8.71e+06	0.000184127
8.715e+06	0.00018406
8.72e+06	0.000184255
8.725e+06	0.000184335
8.73e+06	0.000184253
8.735e+06	0.00018383
8.74e+06	0.000183349
8.745e+06	0.000183045
8.75e+06	0.000182447
8.755e+06	0.000182044
8.76e+06	0.000182002
8.765e+06	0.000181692
8.77e+06	0.000181523
8.775e+06	0.000181628
8.78e+06	0.000181942
8.785e+06	0.000181978
8.79e+06	0.00018156
8.795e+06	0.000181032
8.8e+06	0.000180676
8.805e+06	0.000180536
8.81e+06	0.000180566
8.815e+06	0.000180709
8.82e+06	0.000180589
8.825e+06	0.00018071
8.83e+06	0.000180705
8.835e+06	0.000181195
8.84e+06	0.000181621
8.845e+06	0.0001817
8.85e+06	0.000181281
8.855e+06	0.000181585
8.86e+06	0.000182071
8.865e+06	0.000182453
8.87e+06	0.000182845
8.875e+06	0.000182829
8.88e+06	0.000183432
8.885e+06	0.00018342
8.89e+06	0.000183255
8.895e+06	0.000182982
8.9e+06	0.000182819
8.905e+06	0.000182812
8.91e+06	0.000182966
8.915e+06	0.000183222
8.92e+06	0.000182601
8.925e+06	0.000182082
8.93e+06	0.000181761
8.935e+06	0.000181675
8.94e+06	0.000182505
8.945e+06	0.000182727
8.95e+06	0.000182869
8.955e+06	0.000182558
8.96e+06	0.000182553
8.965e+06	0.000182883
8.97e+06	0.000183179
8.975e+06	0.00018323
8.98e+06	0.000183224
8.985e+06	0.000183128
8.99e+06	0.000182891
8.995e+06	0.000182455
9e+06	0.000182481
9.005e+06	0.000182403
9.01e+06	0.000182444
9.015e+06	0.000182121
9.02e+06	0.000181846
9.025e+06	0.000181418
9.03e+06	0.000181038
9.035e+06	0.000180374
9.04e+06	0.000180889
9.045e+06	0.000180594
9.05e+06	0.000180372
9.055e+06	0.000180236
9.06e+06	0.000180071
9.065e+06	0.000179889
9.07e+06	0.000179771
9.075e+06	0.000179441
9.08e+06	0.000179256
9.085e+06	0.00017913
9.09e+06	0.000178869
9.095e+06	0.000178383
9.1e+06	0.000178013
9.105e+06	0.00017749
9.11e+06	0.000177757
9.115e+06	0.000177259
9.12e+06	0.000177196
9.125e+06	0.00017657
9.13e+06	0.000175943
9.135e+06	0.000175389
9.14e+06	0.000174973
9.145e+06	0.000174184
9.15e+06	0.000173845
9.155e+06	0.000173951
9.16e+06	0.000173878
9.165e+06	0.000173818
9.17e+06	0.000174174
9.175e+06	0.000174488
9.18e+06	0.000174403
9.185e+06	0.000174229
9.19e+06	0.00017401
9.195e+06	0.000173631
9.2e+06	0.000173611
9.205e+06	0.000173464
9.21e+06	0.000173572
9.215e+06	0.000174083
9.22e+06	0.000174663
9.225e+06	0.000174938
9.23e+06	0.00017483
9.235e+06	0.000174531
9.24e+06	0.000174405
9.245e+06	0.000174704
9.25e+06	0.000174891
9.255e+06	0.000174791
9.26e+06	0.000174537
9.265e+06	0.00017434
9.27e+06	0.000174558
9.275e+06	0.000174219
9.28e+06	0.00017385
9.285e+06	0.000173397
9.29e+06	0.000173327
9.295e+06	0.000173344
9.3e+06	0.000173121
9.305e+06	0.000173
9.31e+06	0.000173018
9.315e+06	0.0001727
9.32e+06	0.000172258
9.325e+06	0.000171794
9.33e+06	0.000171249
9.335e+06	0.000171305
9.34e+06	0.000171311
9.345e+06	0.000171213
9.35e+06	0.000170705
9.355e+06	0.000170821
9.36e+06	0.000170898
9.365e+06	0.000171037
9.37e+06	0.000171012
9.375e+06	0.000171159
9.38e+06	0.000171206
9.385e+06	0.000170834
9.39e+06	0.000170777
9.395e+06	0.000170785
9.4e+06	0.000170619
9.405e+06	0.000170657
9.41e+06	0.000170232
9.415e+06	0.000169645
9.42e+06	0.000169344
9.425e+06	0.000168787
9.43e+06	0.000168491
9.435e+06	0.000168161
9.44e+06	0.000168032
9.445e+06	0.000167936
9.45e+06	0.000167559
9.455e+06	0.000167564
9.46e+06	0.000167444
9.465e+06	0.000167458
9.47e+06	0.000166942
9.475e+06	0.000166404
9.48e+06	0.000165626
9.485e+06	0.000165122
9.49e+06	0.000164744
9.495e+06	0.000164405
9.5e+06	0.000164214
9.505e+06	0.000164195
9.51e+06	0.000164231
9.515e+06	0.000164368
9.52e+06	0.00016434
9.525e+06	0.000164193
9.53e+06	0.000163982
9.535e+06	0.000163916
9.54e+06	0.000164183
9.545e+06	0.00016427
9.55e+06	0.000165053
9.555e+06	0.000165346
9.56e+06	0.000165998
9.565e+06	0.000166728
9.57e+06	0.000166876
9.575e+06	0.000166753
9.58e+06	0.000167075
9.585e+06	0.000166779
9.59e+06	0.000166769
9.595e+06	0.00016649
9.6e+06	0.000165991
9.605e+06	0.000165748
9.61e+06	0.000165342
9.615e+06	0.000164995
9.62e+06	0.000164691
9.625e+06	0.000164185
9.63e+06	0.000163504
9.635e+06	0.000163133
9.64e+06	0.000163242
9.645e+06	0.000163333
9.65e+06	0.000163104
9.655e+06	0.000163154
9.66e+06	0.000163615
9.665e+06	0.000164204
9.67e+06	0.000165019
9.675e+06	0.000165455
9.68e+06	0.000165386
9.685e+06	0.000165108
9.69e+06	0.000164684
9.695e+06	0.000164591
9.7e+06	0.000164787
9.705e+06	0.000165013
9.71e+06	0.000165256
9.715e+06	0.000165214
9.72e+06	0.000165008
9.725e+06	0.000165166
9.73e+06	0.000165045
9.735e+06	0.000164873
9.74e+06	0.000164268
9.745e+06	0.000164217
9.75e+06	0.00016458
9.755e+06	0.000164607
9.76e+06	0.000164475
9.765e+06	0.000163885
9.77e+06	0.000163313
9.775e+06	0.000163358
9.78e+06	0.000163039
9.785e+06	0.000162843
9.79e+06	0.000162634
9.795e+06	0.000162599
9.8e+06	0.000162373
9.805e+06	0.000162126
9.81e+06	0.000162039
9.815e+06	0.000162131
9.82e+06	0.000162107
9.825e+06	0.000162447
9.83e+06	0.000162433
9.835e+06	0.00016247
9.84e+06	0.000162074
9.845e+06	0.000162116
9.85e+06	0.000161886
9.855e+06	0.000161908
9.86e+06	0.000161744
9.865e+06	0.000161866
9.87e+06	0.00016199
9.875e+06	0.000162108
9.88e+06	0.00016215
9.885e+06	0.000162132
9.89e+06	0.000161924
9.895e+06	0.000161927
9.9e+06	0.000161913
9.905e+06	0.000161632
9.91e+06	0.000161209
9.915e+06	0.000161431
9.92e+06	0.000161555
9.925e+06	0.000161652
9.93e+06	0.000161679
9.935e+06	0.000162035
9.94e+06	0.000162225
9.945e+06	0.000162506
9.95e+06	0.000162736
9.955e+06	0.000162765
9.96e+06	0.000162723
9.965e+06	0.000162412
9.97e+06	0.000162215
9.975e+06	0.000162307
9.98e+06	0.000162354
9.985e+06	0.000161991
9.99e+06	0.000162484
9.995e+06	0.000162633
1e+07	0.000162961
