395000	0.17601	0.17601
396000	0.175749	0.175489
397000	0.175488	0.174966
398000	0.175227	0.174442
399000	0.174966	0.173921
400000	0.174705	0.173401
401000	0.174443	0.172875
402000	0.174181	0.172346
403000	0.173919	0.171822
404000	0.173658	0.171303
405000	0.173396	0.170782
406000	0.173135	0.170264
407000	0.172875	0.169747
408000	0.172614	0.16923
409000	0.172354	0.168715
410000	0.172095	0.168199
411000	0.171835	0.167682
412000	0.171575	0.167161
413000	0.171316	0.166649
414000	0.171057	0.166141
415000	0.170799	0.165634
416000	0.170547	0.165252
417000	0.170316	0.165241
418000	0.170105	0.165235
419000	0.16991	0.165233
420000	0.16973	0.165227
421000	0.169563	0.165221
422000	0.169407	0.165205
423000	0.169268	0.165379
424000	0.169138	0.165373
425000	0.169017	0.165369
426000	0.168903	0.165396
427000	0.168797	0.165388
428000	0.168696	0.165376
429000	0.168601	0.165373
430000	0.168511	0.165364
431000	0.168426	0.16536
432000	0.168346	0.165382
433000	0.16827	0.165378
434000	0.168198	0.165372
435000	0.168129	0.165366
436000	0.168063	0.165357
437000	0.168	0.165352
438000	0.167939	0.16534
439000	0.167881	0.165331
440000	0.167825	0.165322
441000	0.167772	0.165314
442000	0.167721	0.165309
443000	0.167671	0.1653
444000	0.167624	0.165294
445000	0.167578	0.165284
446000	0.167534	0.165273
447000	0.167491	0.165265
448000	0.167449	0.16526
449000	0.16741	0.165257
450000	0.167371	0.165246
451000	0.167334	0.165241
452000	0.167297	0.165238
453000	0.167266	0.165418
454000	0.167235	0.165412
455000	0.167205	0.165408
456000	0.167176	0.165401
457000	0.167147	0.165394
458000	0.16712	0.16539
459000	0.167093	0.165386
460000	0.167067	0.16538
461000	0.167042	0.165374
462000	0.167017	0.165366
463000	0.166993	0.165358
464000	0.16697	0.165353
465000	0.166947	0.165346
466000	0.166925	0.165337
467000	0.166903	0.165331
468000	0.166882	0.165326
469000	0.166861	0.165321
470000	0.16684	0.165318
471000	0.166821	0.165312
472000	0.166801	0.165308
473000	0.166782	0.165302
474000	0.166764	0.165297
475000	0.166745	0.165288
476000	0.166728	0.16528
477000	0.16671	0.165274
478000	0.166693	0.165271
479000	0.166676	0.165266
480000	0.16666	0.16526
481000	0.166643	0.165254
482000	0.166628	0.165248
483000	0.166612	0.165237
484000	0.166597	0.165233
485000	0.166582	0.165226
486000	0.166567	0.16522
487000	0.166552	0.165217
488000	0.166538	0.165211
489000	0.166524	0.165207
490000	0.16651	0.165201
491000	0.166497	0.165196
492000	0.166483	0.165191
493000	0.16647	0.165189
494000	0.166457	0.165183
495000	0.166445	0.165177
496000	0.166432	0.165172
497000	0.16642	0.165165
498000	0.166408	0.165154
499000	0.166396	0.165151
500000	0.166384	0.165141
501000	0.166372	0.165135
502000	0.166361	0.165128
503000	0.166349	0.165119
504000	0.166338	0.165108
505000	0.166327	0.1651
506000	0.166302	0.163587
507000	0.166275	0.16318
508000	0.166244	0.16277
509000	0.166214	0.162759
510000	0.166184	0.162749
511000	0.166155	0.162743
512000	0.166126	0.162733
513000	0.166097	0.162727
514000	0.166069	0.162718
515000	0.166041	0.162713
516000	0.166014	0.162706
517000	0.165987	0.162699
518000	0.16596	0.162693
519000	0.165934	0.162684
520000	0.165908	0.162672
521000	0.165873	0.161424
522000	0.165835	0.16102
523000	0.165794	0.160617
524000	0.165754	0.160537
525000	0.165714	0.160533
526000	0.165675	0.160524
527000	0.165636	0.160516
528000	0.165598	0.160509
529000	0.16556	0.160502
530000	0.165523	0.160496
531000	0.165486	0.160489
532000	0.16545	0.160481
533000	0.165414	0.160474
534000	0.165379	0.160467
535000	0.165344	0.160459
536000	0.165309	0.160452
537000	0.165269	0.159481
538000	0.165226	0.159091
539000	0.165183	0.159085
540000	0.165141	0.159077
541000	0.1651	0.159068
542000	0.165059	0.159057
543000	0.165019	0.159053
544000	0.164979	0.159047
545000	0.16494	0.159041
546000	0.164901	0.159036
547000	0.164863	0.15903
548000	0.164825	0.159021
549000	0.164787	0.159016
550000	0.16475	0.159011
551000	0.164714	0.159007
552000	0.164677	0.159
553000	0.164642	0.158994
554000	0.164606	0.158987
555000	0.164566	0.158086
556000	0.164524	0.157698
557000	0.164479	0.157317
558000	0.164433	0.156935
559000	0.164383	0.15608
560000	0.16433	0.155702
561000	0.164277	0.155483
562000	0.164225	0.155475
563000	0.164173	0.155495
564000	0.164122	0.155489
565000	0.164072	0.155485
566000	0.164022	0.155481
567000	0.163972	0.155476
568000	0.163919	0.15467
569000	0.163864	0.154298
570000	0.163808	0.153927
571000	0.163751	0.153768
572000	0.163695	0.153764
573000	0.163639	0.153759
574000	0.163584	0.153756
575000	0.16353	0.15375
576000	0.163477	0.153966
577000	0.163425	0.153958
578000	0.163372	0.153661
579000	0.163315	0.152836
580000	0.163259	0.152833
581000	0.163203	0.152826
582000	0.163148	0.152819
583000	0.163093	0.152813
584000	0.163036	0.152135
585000	0.162978	0.152129
586000	0.162922	0.152126
587000	0.162866	0.152123
588000	0.162809	0.151793
589000	0.162749	0.151211
590000	0.162691	0.151204
591000	0.162632	0.151197
592000	0.162572	0.150789
593000	0.162511	0.150266
594000	0.162446	0.149695
595000	0.162383	0.149617
596000	0.162318	0.14938
597000	0.162255	0.149373
598000	0.162188	0.148651
599000	0.16212	0.148351
600000	0.162052	0.147999
601000	0.161982	0.147509
602000	0.161911	0.147321
603000	0.161838	0.146678
604000	0.161764	0.146356
605000	0.16169	0.146125
606000	0.161617	0.14608
607000	0.161543	0.145836
608000	0.161466	0.145135
609000	0.16139	0.145125
610000	0.161313	0.144868
611000	0.161237	0.144721
612000	0.161161	0.144716
613000	0.161086	0.14471
614000	0.161012	0.144705
615000	0.160936	0.144354
616000	0.160861	0.14413
617000	0.160784	0.14371
618000	0.160706	0.143406
619000	0.160629	0.143357
620000	0.160551	0.142924
621000	0.160471	0.142393
622000	0.16039	0.142041
623000	0.160307	0.141537
624000	0.160225	0.141374
625000	0.160144	0.141371
626000	0.160063	0.141365
627000	0.159982	0.14136
628000	0.159902	0.141138
629000	0.159822	0.141133
630000	0.159741	0.140709
631000	0.159659	0.140395
632000	0.159578	0.140214
633000	0.159497	0.140203
634000	0.159416	0.140199
635000	0.159335	0.139899
636000	0.159254	0.139768
637000	0.159174	0.139687
638000	0.159094	0.13968
639000	0.159014	0.139598
640000	0.158933	0.139138
641000	0.158852	0.138866
642000	0.15877	0.138547
643000	0.158689	0.138539
644000	0.158609	0.138534
645000	0.158529	0.138529
646000	0.158448	0.138135
647000	0.158367	0.137939
648000	0.158285	0.137781
649000	0.158204	0.137622
650000	0.158123	0.137404
651000	0.158042	0.13728
652000	0.157961	0.137107
653000	0.15788	0.137103
654000	0.1578	0.136971
655000	0.157719	0.136753
656000	0.157639	0.136624
657000	0.157557	0.136015
658000	0.157473	0.135611
659000	0.157391	0.135535
660000	0.157308	0.135421
661000	0.157225	0.135029
662000	0.15714	0.134461
663000	0.157055	0.134224
664000	0.15697	0.134166
665000	0.156884	0.133642
666000	0.156797	0.133355
667000	0.156711	0.133267
668000	0.156624	0.132906
669000	0.156537	0.132779
670000	0.15645	0.132533
671000	0.156363	0.132199
672000	0.156275	0.13199
673000	0.156188	0.131953
674000	0.156101	0.131859
675000	0.156015	0.131853
676000	0.155928	0.131612
677000	0.15584	0.130919
678000	0.155751	0.130556
679000	0.155662	0.130417
680000	0.155573	0.130267
681000	0.155484	0.129982
682000	0.155395	0.129826
683000	0.155306	0.129595
684000	0.155217	0.129512
685000	0.155128	0.129248
686000	0.155038	0.129086
687000	0.154949	0.128806
688000	0.15486	0.128749
689000	0.15477	0.128471
690000	0.154681	0.128236
691000	0.154591	0.128113
692000	0.154502	0.128044
693000	0.154413	0.12789
694000	0.154324	0.127809
695000	0.154235	0.127564
696000	0.154146	0.127237
697000	0.154055	0.126577
698000	0.153964	0.126435
699000	0.153874	0.12637
700000	0.153784	0.12636
701000	0.153694	0.126294
702000	0.153605	0.126287
703000	0.153516	0.126105
704000	0.153427	0.125924
705000	0.153339	0.125918
706000	0.153251	0.125882
707000	0.153163	0.125719
708000	0.153074	0.12522
709000	0.152985	0.125144
710000	0.152897	0.125048
711000	0.152809	0.124938
712000	0.15272	0.124726
713000	0.152632	0.124542
714000	0.152544	0.12435
715000	0.152456	0.124329
716000	0.152368	0.124163
717000	0.15228	0.124018
718000	0.152192	0.12381
719000	0.152104	0.123478
720000	0.152016	0.123348
721000	0.151928	0.123342
722000	0.15184	0.123227
723000	0.151753	0.123093
724000	0.151666	0.122968
725000	0.151579	0.122964
726000	0.151493	0.122959
727000	0.151407	0.122956
728000	0.151322	0.122834
729000	0.151236	0.122685
730000	0.15115	0.122432
731000	0.151065	0.122396
732000	0.15098	0.122364
733000	0.150895	0.122159
734000	0.15081	0.121935
735000	0.150724	0.121469
736000	0.150638	0.121264
737000	0.150552	0.12109
738000	0.150466	0.121027
739000	0.15038	0.1208
740000	0.150293	0.120167
741000	0.150205	0.120017
742000	0.150117	0.119355
743000	0.150027	0.118997
744000	0.149938	0.118833
745000	0.149849	0.118619
746000	0.14976	0.118309
747000	0.14967	0.117989
748000	0.149579	0.117763
749000	0.149489	0.117502
750000	0.149399	0.117489
751000	0.149309	0.117229
752000	0.149219	0.116985
753000	0.149129	0.116864
754000	0.149039	0.11686
755000	0.14895	0.116856
756000	0.148861	0.116774
757000	0.148773	0.116764
758000	0.148684	0.116644
759000	0.148596	0.116426
760000	0.148508	0.116361
761000	0.14842	0.116344
762000	0.148333	0.116237
763000	0.148245	0.115902
764000	0.148157	0.115771
765000	0.14807	0.115701
766000	0.147982	0.115571
767000	0.147895	0.11547
768000	0.147808	0.115305
769000	0.147721	0.115262
770000	0.147635	0.115243
771000	0.147549	0.115144
772000	0.147462	0.11479
773000	0.147375	0.114653
774000	0.147288	0.114352
775000	0.147201	0.114151
776000	0.147115	0.11409
777000	0.147028	0.114038
778000	0.146942	0.11397
779000	0.146857	0.113966
780000	0.146771	0.113841
781000	0.146686	0.113744
782000	0.146601	0.113659
783000	0.146515	0.113356
784000	0.14643	0.113142
785000	0.146345	0.113137
786000	0.146259	0.112971
787000	0.146174	0.112827
788000	0.146089	0.112512
789000	0.146003	0.112169
790000	0.145917	0.11209
791000	0.145831	0.111817
792000	0.145745	0.111225
793000	0.145658	0.11122
794000	0.145572	0.111216
795000	0.145486	0.111022
796000	0.1454	0.11094
797000	0.145313	0.110627
798000	0.145227	0.110357
799000	0.14514	0.110137
800000	0.145053	0.109703
801000	0.144966	0.10946
802000	0.144878	0.109407
803000	0.144792	0.109402
804000	0.144705	0.109245
805000	0.144618	0.109095
806000	0.144532	0.109013
807000	0.144446	0.108877
808000	0.14436	0.108851
809000	0.144274	0.108762
810000	0.144188	0.108634
811000	0.144103	0.108607
812000	0.144018	0.108517
813000	0.143933	0.108407
814000	0.143847	0.108109
815000	0.143762	0.10794
816000	0.143677	0.107914
817000	0.143593	0.107906
818000	0.143508	0.107616
819000	0.143423	0.107379
820000	0.143337	0.107041
821000	0.143252	0.10683
822000	0.143166	0.106486
823000	0.14308	0.106252
824000	0.142994	0.106071
825000	0.142908	0.106041
826000	0.142823	0.106032
827000	0.142737	0.105556
828000	0.14265	0.10516
829000	0.142563	0.104906
830000	0.142476	0.104626
831000	0.14239	0.104565
832000	0.142303	0.104516
833000	0.142217	0.104365
834000	0.14213	0.104158
835000	0.142043	0.10381
836000	0.141956	0.103569
837000	0.141869	0.103419
838000	0.141782	0.103324
839000	0.141696	0.103265
840000	0.141609	0.103004
841000	0.141522	0.102854
842000	0.141436	0.102713
843000	0.141349	0.10261
844000	0.141263	0.1025
845000	0.141177	0.102475
846000	0.141091	0.10238
847000	0.141005	0.102113
848000	0.140919	0.10186
849000	0.140832	0.101485
850000	0.140745	0.101196
851000	0.140659	0.10122
852000	0.140573	0.101162
853000	0.140487	0.101133
854000	0.140401	0.10111
855000	0.140316	0.101104
856000	0.140231	0.101102
857000	0.140146	0.101016
858000	0.140062	0.100922
859000	0.139977	0.100762
860000	0.139893	0.100589
861000	0.139807	0.100084
862000	0.139722	0.099716
863000	0.139636	0.0995841
864000	0.139551	0.0993964
865000	0.139465	0.0992253
866000	0.13938	0.0992221
867000	0.139295	0.0992183
868000	0.13921	0.0991755
869000	0.139126	0.0991708
870000	0.139042	0.0991663
871000	0.138958	0.0991636
872000	0.138875	0.0991593
873000	0.138792	0.0991386
874000	0.138709	0.0991371
875000	0.138627	0.0990752
876000	0.138545	0.099071
877000	0.138463	0.0990197
878000	0.138382	0.0990167
879000	0.1383	0.0987112
880000	0.138218	0.0984607
881000	0.138136	0.0981767
882000	0.138053	0.0977911
883000	0.13797	0.0977075
884000	0.137888	0.097703
885000	0.137806	0.0975264
886000	0.137724	0.0974959
887000	0.137643	0.0974912
888000	0.137561	0.0972133
889000	0.137479	0.0970365
890000	0.137397	0.0969718
891000	0.137316	0.0969658
892000	0.137235	0.0969618
893000	0.137154	0.0968655
894000	0.137073	0.0967514
895000	0.136993	0.0967497
896000	0.136912	0.0966862
897000	0.136832	0.096587
898000	0.136752	0.0965843
899000	0.136672	0.0964484
900000	0.136593	0.0962762
901000	0.136512	0.0958458
902000	0.136432	0.0956718
903000	0.136351	0.0952126
904000	0.13627	0.0951182
905000	0.136188	0.094486
906000	0.136106	0.0942548
907000	0.136024	0.0940845
908000	0.135943	0.0940443
909000	0.135861	0.093968
910000	0.13578	0.0937404
911000	0.135698	0.0933983
912000	0.135616	0.093386
913000	0.135534	0.0932751
914000	0.135453	0.093263
915000	0.135372	0.0932591
916000	0.135291	0.0932423
917000	0.13521	0.0929519
918000	0.135129	0.0926957
919000	0.135048	0.0926047
920000	0.134967	0.0923153
921000	0.134886	0.0923072
922000	0.134805	0.0920927
923000	0.134724	0.0918004
924000	0.134643	0.09167
925000	0.134561	0.0915687
926000	0.13448	0.0913262
927000	0.134399	0.0913099
928000	0.134318	0.0908518
929000	0.134236	0.0905783
930000	0.134154	0.0902343
931000	0.134071	0.089854
932000	0.133989	0.0898102
933000	0.133907	0.0897031
934000	0.133825	0.0896458
935000	0.133743	0.0896428
936000	0.133662	0.0896371
937000	0.133581	0.0895625
938000	0.133499	0.0892583
939000	0.133418	0.0892517
940000	0.133337	0.0890307
941000	0.133256	0.0889552
942000	0.133175	0.0889498
943000	0.133094	0.0886476
944000	0.133012	0.088425
945000	0.132931	0.08837
946000	0.13285	0.0881591
947000	0.132769	0.0881548
948000	0.132689	0.0879882
949000	0.132608	0.0879792
950000	0.132528	0.0879742
951000	0.132447	0.087801
952000	0.132367	0.0874988
953000	0.132286	0.08737
954000	0.132206	0.087328
955000	0.132126	0.0872183
956000	0.132046	0.0870642
957000	0.131966	0.0870206
958000	0.131886	0.0867644
959000	0.131805	0.0861901
960000	0.131724	0.0860652
961000	0.131643	0.0857677
962000	0.131562	0.0855518
963000	0.131481	0.0854439
964000	0.131399	0.0850903
965000	0.131317	0.0844239
966000	0.131235	0.0842455
967000	0.131153	0.0841397
968000	0.13107	0.0840043
969000	0.130988	0.083861
970000	0.130906	0.0837185
971000	0.130824	0.0836348
972000	0.130742	0.0832777
973000	0.13066	0.0832335
974000	0.130578	0.0832307
975000	0.130496	0.0828841
976000	0.130414	0.0828425
977000	0.130333	0.0827976
978000	0.130251	0.0827323
979000	0.13017	0.0827065
980000	0.130089	0.0826812
981000	0.130008	0.0826771
982000	0.129928	0.0826729
983000	0.129847	0.0825679
984000	0.129767	0.0825354
985000	0.129687	0.0825285
986000	0.129607	0.082471
987000	0.129528	0.0824576
988000	0.129448	0.0822562
989000	0.129369	0.0821677
990000	0.129289	0.0820965
991000	0.12921	0.0818584
992000	0.12913	0.0816325
993000	0.129051	0.0816114
994000	0.128972	0.0816048
995000	0.128893	0.0813042
996000	0.128813	0.0809888
997000	0.128734	0.0809081
998000	0.128654	0.0806717
999000	0.128575	0.0805516
1000000	0.128495	0.080357
1001000	0.128416	0.0803441
1002000	0.128336	0.0802288
1003000	0.128257	0.0798189
1004000	0.128177	0.0796527
1005000	0.128097	0.0795221
1006000	0.128018	0.0794762
1007000	0.127939	0.0793434
1008000	0.127859	0.0792181
1009000	0.127779	0.0787328
1010000	0.1277	0.0786752
1011000	0.12762	0.0786476
1012000	0.127541	0.0785246
1013000	0.127461	0.0785071
1014000	0.127382	0.0785031
1015000	0.127303	0.0783342
1016000	0.127225	0.078199
1017000	0.127145	0.0779508
1018000	0.127066	0.0776041
1019000	0.126987	0.0776004
1020000	0.126908	0.0775973
1021000	0.126829	0.0775936
1022000	0.126751	0.0775908
1023000	0.126672	0.077293
1024000	0.126594	0.0772397
1025000	0.126516	0.0772342
1026000	0.126437	0.0769481
1027000	0.126358	0.0765622
1028000	0.126279	0.076301
1029000	0.1262	0.0758999
1030000	0.126121	0.0755756
1031000	0.126041	0.0754347
1032000	0.125962	0.0754313
1033000	0.125883	0.0753896
1034000	0.125803	0.0751156
1035000	0.125724	0.0748664
1036000	0.125644	0.0748371
1037000	0.125565	0.0748153
1038000	0.125486	0.0745095
1039000	0.125406	0.0741211
1040000	0.125327	0.0738789
1041000	0.125247	0.073822
1042000	0.125167	0.0736463
1043000	0.125088	0.0734787
1044000	0.125008	0.0731373
1045000	0.124928	0.0728313
1046000	0.124847	0.0723884
1047000	0.124766	0.0717583
1048000	0.124684	0.0713889
1049000	0.124603	0.0713698
1050000	0.124521	0.0710579
1051000	0.124439	0.0705514
1052000	0.124357	0.0703909
1053000	0.124275	0.0703851
1054000	0.124193	0.0703439
1055000	0.124112	0.0701927
1056000	0.12403	0.0701047
1057000	0.123948	0.0698776
1058000	0.123867	0.0697595
1059000	0.123785	0.06964
1060000	0.123704	0.0694908
1061000	0.123622	0.0694854
1062000	0.123541	0.0694421
1063000	0.12346	0.0690004
1064000	0.123378	0.068815
1065000	0.123297	0.0685611
1066000	0.123215	0.0683747
1067000	0.123133	0.0679969
1068000	0.123051	0.0677116
1069000	0.122968	0.0675843
1070000	0.122886	0.0675814
1071000	0.122805	0.0675748
1072000	0.122723	0.0675712
1073000	0.122642	0.067567
1074000	0.122561	0.0674022
1075000	0.12248	0.0672041
1076000	0.122398	0.0669458
1077000	0.122317	0.0668129
1078000	0.122235	0.0667425
1079000	0.122154	0.0667391
1080000	0.122074	0.0667354
1081000	0.121993	0.0666638
1082000	0.121913	0.066633
1083000	0.121832	0.0665838
1084000	0.121752	0.0665086
1085000	0.121672	0.0663408
1086000	0.121592	0.0662948
1087000	0.121512	0.066119
1088000	0.121432	0.0659352
1089000	0.121352	0.0657775
1090000	0.121272	0.065754
1091000	0.121192	0.0654114
1092000	0.121112	0.0652865
1093000	0.121031	0.065114
1094000	0.120951	0.0650829
1095000	0.120872	0.0650191
1096000	0.120792	0.0649882
1097000	0.120713	0.0649294
1098000	0.120633	0.0649228
1099000	0.120554	0.0649206
1100000	0.120476	0.0649185
1101000	0.120397	0.0649161
1102000	0.120318	0.0648523
1103000	0.12024	0.0647208
1104000	0.120162	0.0646496
1105000	0.120083	0.064291
1106000	0.120005	0.0641213
1107000	0.119926	0.0638976
1108000	0.119847	0.0638341
1109000	0.119769	0.0636442
1110000	0.11969	0.0635285
1111000	0.119612	0.063264
1112000	0.119533	0.0630251
1113000	0.119454	0.0629708
1114000	0.119376	0.0629623
1115000	0.119297	0.0628426
1116000	0.119219	0.0628389
1117000	0.119141	0.0626675
1118000	0.119063	0.0625352
1119000	0.118985	0.0625212
1120000	0.118907	0.0625019
1121000	0.118829	0.0624932
1122000	0.118751	0.0621525
1123000	0.118674	0.0621467
1124000	0.118596	0.0619531
1125000	0.118518	0.0619074
1126000	0.118441	0.0617878
1127000	0.118364	0.0617594
1128000	0.118286	0.0617549
1129000	0.118209	0.0615853
1130000	0.118132	0.0615542
1131000	0.118055	0.0614848
1132000	0.117979	0.0613332
1133000	0.117902	0.0613229
1134000	0.117825	0.0613127
1135000	0.117749	0.0612637
1136000	0.117673	0.060928
1137000	0.117596	0.0609051
1138000	0.11752	0.0607009
1139000	0.117443	0.060692
1140000	0.117367	0.060634
1141000	0.117291	0.060308
1142000	0.117215	0.0601788
1143000	0.117138	0.0600806
1144000	0.117062	0.0600677
1145000	0.116986	0.0600533
1146000	0.116911	0.0600265
1147000	0.116835	0.0597892
1148000	0.116759	0.0595848
1149000	0.116683	0.0592631
1150000	0.116606	0.0588841
1151000	0.11653	0.0587595
1152000	0.116453	0.0586712
1153000	0.116377	0.0586651
1154000	0.116301	0.0586619
1155000	0.116226	0.0586594
1156000	0.11615	0.0586074
1157000	0.116075	0.0586021
1158000	0.115999	0.0585371
1159000	0.115924	0.0584002
1160000	0.115849	0.0583951
1161000	0.115774	0.0582821
1162000	0.115698	0.0579658
1163000	0.115623	0.057922
1164000	0.115548	0.057919
1165000	0.115474	0.0579168
1166000	0.115399	0.0578782
1167000	0.115325	0.057875
1168000	0.11525	0.0578377
1169000	0.115176	0.057737
1170000	0.115102	0.0575168
1171000	0.115028	0.0573709
1172000	0.114953	0.0570814
1173000	0.114878	0.0565467
1174000	0.114803	0.056164
1175000	0.114728	0.0560626
1176000	0.114653	0.0560546
1177000	0.114578	0.0560095
1178000	0.114503	0.0559321
1179000	0.114428	0.0557736
1180000	0.114353	0.0556817
1181000	0.114279	0.0556787
1182000	0.114204	0.0556747
1183000	0.11413	0.055669
1184000	0.114056	0.0556645
1185000	0.113982	0.0556543
1186000	0.113909	0.0556488
1187000	0.113835	0.0555304
1188000	0.113762	0.0554032
1189000	0.113688	0.0553194
1190000	0.113614	0.0550974
1191000	0.113541	0.0548201
1192000	0.113467	0.0548161
1193000	0.113394	0.0548114
1194000	0.11332	0.0547608
1195000	0.113247	0.0547468
1196000	0.113174	0.0547337
1197000	0.113101	0.0544941
1198000	0.113028	0.0541884
1199000	0.112954	0.0539248
1200000	0.112881	0.0539199
1201000	0.112808	0.0539171
1202000	0.112735	0.0539151
1203000	0.112662	0.0538511
1204000	0.112589	0.0532792
1205000	0.112516	0.0528603
1206000	0.112442	0.0526046
1207000	0.112368	0.0525883
1208000	0.112295	0.0525347
1209000	0.112221	0.0523568
1210000	0.112148	0.0522052
1211000	0.112074	0.0521268
1212000	0.112001	0.052124
1213000	0.111928	0.0520713
1214000	0.111855	0.052012
1215000	0.111782	0.0519632
1216000	0.111709	0.0518696
1217000	0.111636	0.0518656
1218000	0.111563	0.0518611
1219000	0.111491	0.0517279
1220000	0.111419	0.0516829
1221000	0.111346	0.0516467
1222000	0.111274	0.0516443
1223000	0.111202	0.0516407
1224000	0.11113	0.0513282
1225000	0.111058	0.0512814
1226000	0.110986	0.051278
1227000	0.110914	0.0512768
1228000	0.110843	0.0512756
1229000	0.110772	0.0512743
1230000	0.1107	0.0511463
1231000	0.110629	0.0511413
1232000	0.110558	0.0510227
1233000	0.110487	0.0510172
1234000	0.110416	0.0508919
1235000	0.110345	0.0506213
1236000	0.110274	0.0504995
1237000	0.110203	0.0502538
1238000	0.110132	0.0502502
1239000	0.110061	0.0502055
1240000	0.10999	0.0499559
1241000	0.109919	0.0498873
1242000	0.109848	0.0498848
1243000	0.109777	0.0498826
1244000	0.109707	0.0498815
1245000	0.109637	0.0498788
1246000	0.109566	0.049843
1247000	0.109496	0.0497342
1248000	0.109426	0.0496002
1249000	0.109356	0.0495231
1250000	0.109286	0.0494927
1251000	0.109216	0.0494896
1252000	0.109147	0.0494823
1253000	0.109077	0.0489675
1254000	0.109007	0.0488129
1255000	0.108937	0.0487848
1256000	0.108867	0.0487804
1257000	0.108797	0.0486612
1258000	0.108727	0.048458
1259000	0.108658	0.0483619
1260000	0.108587	0.0479634
1261000	0.108517	0.0478591
1262000	0.108447	0.0477733
1263000	0.108377	0.0475875
1264000	0.108307	0.0475163
1265000	0.108237	0.0473358
1266000	0.108167	0.0471575
1267000	0.108097	0.0469031
1268000	0.108027	0.0466344
1269000	0.107957	0.0465715
1270000	0.107886	0.0463126
1271000	0.107816	0.0459714
1272000	0.107745	0.0459149
1273000	0.107675	0.0457015
1274000	0.107604	0.0455617
1275000	0.107533	0.0453695
1276000	0.107463	0.0452356
1277000	0.107392	0.0451596
1278000	0.107322	0.0450266
1279000	0.107251	0.0450229
1280000	0.107181	0.0449737
1281000	0.107111	0.0449683
1282000	0.107041	0.0449646
1283000	0.106971	0.0448332
1284000	0.106901	0.044699
1285000	0.106831	0.0445706
1286000	0.106761	0.0445636
1287000	0.106691	0.0445603
1288000	0.106622	0.0445592
1289000	0.106553	0.044558
1290000	0.106483	0.0445552
1291000	0.106414	0.0443022
1292000	0.106345	0.0441947
1293000	0.106275	0.0439483
1294000	0.106206	0.0439449
1295000	0.106137	0.043893
1296000	0.106068	0.0437006
1297000	0.105999	0.0436129
1298000	0.10593	0.0435943
1299000	0.105861	0.0435928
1300000	0.105792	0.043591
1301000	0.105723	0.0435883
1302000	0.105655	0.0434525
1303000	0.105586	0.0431998
1304000	0.105518	0.0431986
1305000	0.105449	0.0431625
1306000	0.10538	0.0428729
1307000	0.105312	0.0428605
1308000	0.105244	0.0428565
1309000	0.105175	0.0426792
1310000	0.105107	0.0426454
1311000	0.105039	0.0426402
1312000	0.104971	0.0426126
1313000	0.104903	0.042429
1314000	0.104835	0.0424236
1315000	0.104767	0.0422766
1316000	0.104699	0.0421595
1317000	0.104631	0.0419217
1318000	0.104563	0.0419055
1319000	0.104495	0.0414512
1320000	0.104427	0.0414075
1321000	0.104359	0.0412798
1322000	0.104291	0.0412749
1323000	0.104223	0.0412267
1324000	0.104155	0.0411193
1325000	0.104087	0.0411136
1326000	0.104019	0.0408686
1327000	0.103951	0.0404178
1328000	0.103883	0.0403112
1329000	0.103815	0.0402415
1330000	0.103747	0.0400473
1331000	0.103679	0.0399803
1332000	0.103611	0.0397515
1333000	0.103543	0.0397488
1334000	0.103475	0.0397476
1335000	0.103407	0.0397464
1336000	0.103339	0.0396211
1337000	0.103272	0.0393399
1338000	0.103204	0.0393375
1339000	0.103136	0.0393365
1340000	0.103069	0.039229
1341000	0.103001	0.0392255
1342000	0.102934	0.0391531
1343000	0.102866	0.0387481
1344000	0.102798	0.0384306
1345000	0.102731	0.0383496
1346000	0.102663	0.0383443
1347000	0.102595	0.0379241
1348000	0.102527	0.0375804
1349000	0.102459	0.0375282
1350000	0.102391	0.0375236
1351000	0.102323	0.0373143
1352000	0.102255	0.0372673
1353000	0.102187	0.0372238
1354000	0.102119	0.0369758
1355000	0.102051	0.0366769
1356000	0.101983	0.0365611
1357000	0.101915	0.0364938
1358000	0.101847	0.0364682
1359000	0.101779	0.036301
1360000	0.101711	0.0359177
1361000	0.101643	0.0355747
1362000	0.101574	0.0354008
1363000	0.101506	0.0352927
1364000	0.101437	0.0350531
1365000	0.101369	0.0350202
1366000	0.101301	0.0348752
1367000	0.101232	0.0348713
1368000	0.101164	0.0348673
1369000	0.101096	0.0348617
1370000	0.101028	0.0347809
1371000	0.10096	0.0347319
1372000	0.100893	0.0345951
1373000	0.100825	0.034592
1374000	0.100757	0.0345878
1375000	0.10069	0.0345864
1376000	0.100622	0.0345848
1377000	0.100555	0.0345829
1378000	0.100488	0.0345819
1379000	0.100421	0.0345792
1380000	0.100354	0.0342697
1381000	0.100287	0.0342145
1382000	0.10022	0.0341522
1383000	0.100153	0.0340682
1384000	0.100087	0.0340417
1385000	0.10002	0.0340408
1386000	0.0999535	0.0340397
1387000	0.0998871	0.0340358
1388000	0.0998206	0.0338511
1389000	0.0997543	0.0338131
1390000	0.0996879	0.0336365
1391000	0.0996214	0.0333808
1392000	0.099555	0.0333729
1393000	0.0994886	0.0332226
1394000	0.0994223	0.0331315
1395000	0.0993561	0.0331274
1396000	0.09929	0.0331252
1397000	0.099224	0.0331237
1398000	0.0991581	0.0331221
1399000	0.0990923	0.0329884
1400000	0.0990263	0.0327164
1401000	0.0989602	0.0324875
1402000	0.0988943	0.0324836
1403000	0.0988285	0.0324811
1404000	0.0987628	0.0324476
1405000	0.0986969	0.0322298
1406000	0.0986311	0.0320605
1407000	0.0985653	0.0319774
1408000	0.0984995	0.0318554
1409000	0.0984338	0.0318311
1410000	0.098368	0.031562
1411000	0.0983022	0.0314706
1412000	0.0982364	0.0313197
1413000	0.0981708	0.031318
1414000	0.0981052	0.0313041
1415000	0.0980398	0.0312876
1416000	0.0979744	0.0312843
1417000	0.0979092	0.0312431
1418000	0.0978441	0.0312417
1419000	0.0977791	0.0311904
1420000	0.097714	0.0309853
1421000	0.0976489	0.0309022
1422000	0.097584	0.0309008
1423000	0.0975192	0.0308991
1424000	0.0974544	0.0307432
1425000	0.0973893	0.0304216
1426000	0.0973244	0.0303966
1427000	0.0972596	0.0303427
1428000	0.0971949	0.0303421
1429000	0.0971303	0.0303416
1430000	0.0970658	0.0303406
1431000	0.0970014	0.0303105
1432000	0.0969369	0.0300439
1433000	0.0968724	0.0299168
1434000	0.0968078	0.0296382
1435000	0.0967431	0.0294749
1436000	0.0966785	0.0294737
1437000	0.0966141	0.0294689
1438000	0.0965498	0.0294675
1439000	0.0964856	0.0294661
1440000	0.0964215	0.0294621
1441000	0.0963574	0.0292771
1442000	0.0962932	0.0291425
1443000	0.0962289	0.0288428
1444000	0.0961647	0.0288121
1445000	0.0961006	0.0287941
1446000	0.0960365	0.0286321
1447000	0.0959724	0.0285134
1448000	0.0959083	0.0283937
1449000	0.0958443	0.0283923
1450000	0.0957804	0.0283914
1451000	0.0957166	0.0283904
1452000	0.095653	0.0283622
1453000	0.0955894	0.0283613
1454000	0.0955257	0.0280899
1455000	0.0954621	0.0280351
1456000	0.0953986	0.0280192
1457000	0.0953352	0.0280178
1458000	0.095272	0.0280164
1459000	0.0952088	0.0280147
1460000	0.0951458	0.0280128
1461000	0.0950828	0.027937
1462000	0.0950199	0.027863
1463000	0.094957	0.0278595
1464000	0.0948942	0.0277365
1465000	0.0948313	0.0275667
1466000	0.0947686	0.0275648
1467000	0.094706	0.0275622
1468000	0.0946434	0.0275596
1469000	0.094581	0.0275585
1470000	0.0945186	0.0273522
1471000	0.0944562	0.0273433
1472000	0.0943938	0.0272567
1473000	0.0943316	0.0272545
1474000	0.0942695	0.0271905
1475000	0.0942074	0.0271708
1476000	0.0941454	0.0270969
1477000	0.0940834	0.0270501
1478000	0.0940214	0.0268121
1479000	0.0939592	0.0265971
1480000	0.0938971	0.0265057
1481000	0.0938348	0.0262327
1482000	0.0937727	0.0262238
1483000	0.0937107	0.0262206
1484000	0.0936488	0.026218
1485000	0.0935869	0.0262171
1486000	0.0935252	0.026161
1487000	0.0934635	0.0260622
1488000	0.0934019	0.0260577
1489000	0.0933401	0.0257986
1490000	0.0932783	0.0255464
1491000	0.0932164	0.0254448
1492000	0.0931544	0.0251249
1493000	0.0930925	0.0250903
1494000	0.0930305	0.0249467
1495000	0.0929686	0.0248012
1496000	0.0929067	0.0247986
1497000	0.092845	0.0247958
1498000	0.0927833	0.0247945
1499000	0.0927218	0.0247935
1500000	0.0926603	0.0247617
1501000	0.0925989	0.024651
1502000	0.0925373	0.0243597
1503000	0.0924756	0.0240986
1504000	0.0924139	0.0239749
1505000	0.0923522	0.0238327
1506000	0.0922904	0.0236817
1507000	0.0922288	0.0236803
1508000	0.0921672	0.0236769
1509000	0.0921057	0.0235491
1510000	0.0920443	0.0235444
1511000	0.0919829	0.0235421
1512000	0.0919215	0.0232837
1513000	0.0918601	0.0232481
1514000	0.0917988	0.0231633
1515000	0.0917375	0.0230912
1516000	0.0916763	0.0230899
1517000	0.0916152	0.0230617
1518000	0.0915542	0.0230606
1519000	0.0914933	0.0230297
1520000	0.0914324	0.0229493
1521000	0.0913716	0.0228462
1522000	0.0913108	0.022834
1523000	0.0912501	0.0228303
1524000	0.0911896	0.0227774
1525000	0.0911291	0.0227756
1526000	0.0910685	0.0225799
1527000	0.091008	0.0225653
1528000	0.0909477	0.0225359
1529000	0.0908874	0.0225347
1530000	0.0908272	0.0225338
1531000	0.0907671	0.0224882
1532000	0.0907071	0.0224834
1533000	0.0906472	0.0224817
1534000	0.0905873	0.0223853
1535000	0.0905276	0.0223843
1536000	0.0904679	0.0223825
1537000	0.0904083	0.02238
1538000	0.0903488	0.0223777
1539000	0.0902895	0.0223749
1540000	0.0902301	0.0222764
1541000	0.0901709	0.0222757
1542000	0.0901117	0.0222742
1543000	0.0900526	0.0221744
1544000	0.0899935	0.0220428
1545000	0.0899344	0.0220283
1546000	0.0898755	0.0220272
1547000	0.0898166	0.0219483
1548000	0.0897578	0.0219469
1549000	0.089699	0.0219439
1550000	0.0896404	0.0219418
1551000	0.0895818	0.0218577
1552000	0.0895234	0.021855
1553000	0.089465	0.0218544
1554000	0.0894067	0.0218527
1555000	0.0893485	0.0218514
1556000	0.0892904	0.0218495
1557000	0.0892324	0.0218471
1558000	0.0891745	0.0218462
1559000	0.0891167	0.0218438
1560000	0.089059	0.0217847
1561000	0.0890012	0.0216576
1562000	0.0889436	0.0216522
1563000	0.088886	0.0216036
1564000	0.0888284	0.0214792
1565000	0.0887708	0.0214144
1566000	0.0887133	0.021383
1567000	0.0886558	0.0213385
1568000	0.0885983	0.0211377
1569000	0.0885407	0.0208884
1570000	0.088483	0.0206384
1571000	0.0884253	0.0205707
1572000	0.0883676	0.0204526
1573000	0.08831	0.0204512
1574000	0.0882525	0.0204504
1575000	0.088195	0.0204059
1576000	0.0881377	0.0204042
1577000	0.0880804	0.0203798
1578000	0.0880232	0.020379
1579000	0.0879661	0.0203723
1580000	0.0879088	0.0200321
1581000	0.0878516	0.0200295
1582000	0.0877946	0.0200278
1583000	0.0877375	0.0199594
1584000	0.0876805	0.0199559
1585000	0.0876237	0.0199526
1586000	0.0875669	0.019919
1587000	0.0875102	0.0199147
1588000	0.0874535	0.0198176
1589000	0.0873967	0.0196054
1590000	0.08734	0.0195554
1591000	0.0872833	0.0195542
1592000	0.0872268	0.0195522
1593000	0.0871703	0.0194968
1594000	0.0871139	0.0194937
1595000	0.0870576	0.0194924
1596000	0.0870014	0.0194917
1597000	0.0869453	0.0194908
1598000	0.0868893	0.0194899
1599000	0.0868333	0.0194889
1600000	0.0867774	0.0194219
1601000	0.0867216	0.0193951
1602000	0.0866657	0.0192199
1603000	0.0866099	0.0192191
1604000	0.0865542	0.0192184
1605000	0.0864986	0.0191541
1606000	0.086443	0.0191479
1607000	0.0863875	0.019138
1608000	0.086332	0.0189344
1609000	0.0862764	0.0188303
1610000	0.0862208	0.0186629
1611000	0.0861653	0.0186601
1612000	0.0861098	0.0186313
1613000	0.0860544	0.0185204
1614000	0.0859989	0.018322
1615000	0.0859435	0.0183213
1616000	0.0858881	0.0183208
1617000	0.0858329	0.0183189
1618000	0.0857777	0.0183176
1619000	0.0857226	0.0183149
1620000	0.0856677	0.018312
1621000	0.0856127	0.0182523
1622000	0.0855578	0.0181524
1623000	0.0855029	0.0180679
1624000	0.085448	0.0180654
1625000	0.0853933	0.0180635
1626000	0.0853386	0.0180625
1627000	0.085284	0.0179946
1628000	0.0852294	0.0179376
1629000	0.085175	0.0179349
1630000	0.0851206	0.0179308
1631000	0.0850661	0.0178148
1632000	0.0850118	0.0178081
1633000	0.0849575	0.0177599
1634000	0.0849033	0.0177588
1635000	0.0848492	0.0177584
1636000	0.0847952	0.0177575
1637000	0.0847413	0.0177569
1638000	0.0846874	0.0177561
1639000	0.0846337	0.0177557
1640000	0.08458	0.0177552
1641000	0.0845264	0.0176837
1642000	0.0844727	0.0175197
1643000	0.0844191	0.0175181
1644000	0.0843655	0.0175173
1645000	0.0843121	0.017517
1646000	0.0842588	0.0175167
1647000	0.0842055	0.0175158
1648000	0.0841523	0.0175145
1649000	0.0840992	0.01745
1650000	0.0840461	0.0174486
1651000	0.0839931	0.0174464
1652000	0.0839402	0.0174434
1653000	0.0838874	0.0174392
1654000	0.0838345	0.0172498
1655000	0.0837816	0.0171935
1656000	0.0837288	0.0171195
1657000	0.0836761	0.0170932
1658000	0.0836233	0.0169677
1659000	0.0835706	0.0169657
1660000	0.083518	0.016964
1661000	0.0834655	0.0169635
1662000	0.083413	0.0169631
1663000	0.0833606	0.0169627
1664000	0.0833083	0.0168791
1665000	0.083256	0.0168631
1666000	0.0832038	0.0168624
1667000	0.0831517	0.0168491
1668000	0.0830995	0.0166842
1669000	0.0830474	0.0166213
1670000	0.0829953	0.0165788
1671000	0.0829431	0.0163147
1672000	0.0828909	0.0162508
1673000	0.0828388	0.016248
1674000	0.0827867	0.0161953
1675000	0.0827346	0.0159677
1676000	0.0826824	0.0158475
1677000	0.0826303	0.0158466
1678000	0.0825783	0.0158452
1679000	0.0825263	0.0158059
1680000	0.0824744	0.0157736
1681000	0.0824226	0.0157725
1682000	0.0823708	0.0157718
1683000	0.0823192	0.0157713
1684000	0.0822676	0.0157705
1685000	0.0822161	0.0157697
1686000	0.0821646	0.015724
1687000	0.0821131	0.0155928
1688000	0.0820616	0.015452
1689000	0.0820102	0.0154498
1690000	0.0819588	0.015449
1691000	0.0819075	0.0154481
1692000	0.0818563	0.0154474
1693000	0.0818052	0.0154171
1694000	0.0817541	0.0153763
1695000	0.0817029	0.0152032
1696000	0.0816518	0.0151652
1697000	0.0816006	0.0149284
1698000	0.0815494	0.0148708
1699000	0.0814983	0.0147487
1700000	0.0814471	0.0147476
1701000	0.0813961	0.0147466
1702000	0.081345	0.0145537
1703000	0.0812939	0.0144482
1704000	0.0812429	0.0144362
1705000	0.0811919	0.0144357
1706000	0.081141	0.0144353
1707000	0.0810902	0.0144348
1708000	0.0810395	0.0144339
1709000	0.0809888	0.0144323
1710000	0.0809383	0.0144309
1711000	0.0808878	0.0144298
1712000	0.0808373	0.014429
1713000	0.080787	0.014428
1714000	0.0807367	0.014427
1715000	0.0806865	0.0144252
1716000	0.0806364	0.014423
1717000	0.0805862	0.0142747
1718000	0.0805361	0.0142109
1719000	0.080486	0.0142103
1720000	0.0804361	0.0142094
1721000	0.0803862	0.0142081
1722000	0.0803363	0.0142073
1723000	0.0802865	0.0140811
1724000	0.0802367	0.0140348
1725000	0.0801869	0.0140335
1726000	0.0801372	0.014031
1727000	0.0800877	0.014029
1728000	0.0800381	0.0140276
1729000	0.0799886	0.0138685
1730000	0.079939	0.0138253
1731000	0.0798895	0.0136802
1732000	0.07984	0.0136608
1733000	0.0797906	0.0136583
1734000	0.0797411	0.0135632
1735000	0.0796918	0.0135615
1736000	0.0796425	0.0135605
1737000	0.0795933	0.0135307
1738000	0.0795441	0.013515
1739000	0.079495	0.0135142
1740000	0.079446	0.0135134
1741000	0.0793971	0.0135114
1742000	0.0793482	0.0135105
1743000	0.0792994	0.0134789
1744000	0.0792506	0.0134769
1745000	0.0792019	0.0134747
1746000	0.0791531	0.0132781
1747000	0.0791045	0.013269
1748000	0.0790558	0.0132239
1749000	0.0790071	0.0131378
1750000	0.0789586	0.0131362
1751000	0.0789101	0.0131268
1752000	0.0788616	0.0130378
1753000	0.0788131	0.0130372
1754000	0.0787648	0.0130368
1755000	0.0787165	0.0130364
1756000	0.0786682	0.012923
1757000	0.0786199	0.012848
1758000	0.0785715	0.0127231
1759000	0.0785233	0.0127217
1760000	0.0784751	0.0127212
1761000	0.078427	0.0127192
1762000	0.078379	0.012715
1763000	0.0783309	0.0125293
1764000	0.0782829	0.0125275
1765000	0.0782349	0.012527
1766000	0.0781869	0.0124389
1767000	0.0781391	0.0124387
1768000	0.0780912	0.0124386
1769000	0.0780435	0.0124384
1770000	0.0779958	0.0124381
1771000	0.0779482	0.0124372
1772000	0.0779007	0.0124346
1773000	0.0778531	0.0123329
1774000	0.0778056	0.0122381
1775000	0.0777581	0.0122374
1776000	0.0777107	0.0122366
1777000	0.0776633	0.0122354
1778000	0.0776161	0.0122347
1779000	0.0775688	0.0121514
1780000	0.0775215	0.0120471
1781000	0.0774743	0.0120464
1782000	0.0774272	0.0120457
1783000	0.0773801	0.0120334
1784000	0.077333	0.0119552
1785000	0.077286	0.0119535
1786000	0.077239	0.0118483
1787000	0.077192	0.011793
1788000	0.0771451	0.0117503
1789000	0.0770982	0.0116704
1790000	0.0770512	0.011578
1791000	0.0770043	0.0114648
1792000	0.0769574	0.0114643
1793000	0.0769106	0.0114636
1794000	0.0768638	0.0114055
1795000	0.076817	0.0113496
1796000	0.0767703	0.0113479
1797000	0.0767237	0.0113471
1798000	0.0766771	0.011346
1799000	0.0766306	0.0113453
1800000	0.0765842	0.011345
1801000	0.0765377	0.011172
1802000	0.0764912	0.011045
1803000	0.0764447	0.0110032
1804000	0.0763983	0.0110024
1805000	0.076352	0.0110019
1806000	0.0763056	0.0109061
1807000	0.0762593	0.0109024
1808000	0.0762131	0.0108892
1809000	0.0761669	0.0108888
1810000	0.0761208	0.010888
1811000	0.0760748	0.0109364
1812000	0.076029	0.0111278
1813000	0.0759832	0.0110557
1814000	0.0759375	0.0110431
1815000	0.0758917	0.0108438
1816000	0.075846	0.0108876
1817000	0.0758003	0.0109035
1818000	0.0757548	0.0109042
1819000	0.0757093	0.0109034
1820000	0.0756638	0.0109028
1821000	0.0756184	0.0109026
1822000	0.0755731	0.0109024
1823000	0.0755278	0.0108927
1824000	0.0754826	0.0108431
1825000	0.0754374	0.0108444
1826000	0.0753923	0.0107785
1827000	0.075347	0.0105648
1828000	0.0753019	0.0105384
1829000	0.0752568	0.0106174
1830000	0.0752119	0.0108017
1831000	0.0751671	0.0108036
1832000	0.0751224	0.0109122
1833000	0.0750778	0.0109776
1834000	0.0750333	0.0109776
1835000	0.0749888	0.0109776
1836000	0.0749445	0.0110311
1837000	0.0749002	0.0110785
1838000	0.0748561	0.0111064
1839000	0.0748119	0.0110952
1840000	0.0747678	0.011049
1841000	0.0747236	0.0107103
1842000	0.0746792	0.0104693
1843000	0.0746348	0.0103506
1844000	0.0745905	0.0103424
1845000	0.0745462	0.0103421
1846000	0.0745019	0.0102851
1847000	0.0744577	0.0102022
1848000	0.0744135	0.0102935
1849000	0.0743693	0.010105
1850000	0.0743251	0.00993098
1851000	0.0742809	0.00992594
1852000	0.0742367	0.00992401
1853000	0.0741926	0.00986809
1854000	0.0741485	0.00984423
1855000	0.0741045	0.00984297
1856000	0.0740606	0.00984255
1857000	0.0740167	0.00984231
1858000	0.0739728	0.00984194
1859000	0.0739291	0.0098413
1860000	0.0738854	0.00983869
1861000	0.0738417	0.0098359
1862000	0.0737981	0.00983472
1863000	0.0737546	0.00983436
1864000	0.0737111	0.00983405
1865000	0.0736676	0.00983377
1866000	0.0736243	0.00983366
1867000	0.073581	0.00983183
1868000	0.0735377	0.00983166
1869000	0.0734945	0.00983136
1870000	0.0734514	0.00983177
1871000	0.0734084	0.00996905
1872000	0.0733655	0.00996884
1873000	0.0733226	0.00996736
1874000	0.0732798	0.00996601
1875000	0.0732371	0.009939
1876000	0.0731943	0.0099366
1877000	0.0731517	0.00993617
1878000	0.0731091	0.0099357
1879000	0.0730665	0.00993511
1880000	0.073024	0.00984428
1881000	0.0729815	0.00975733
1882000	0.072939	0.00975515
1883000	0.0728964	0.00962674
1884000	0.0728539	0.00946306
1885000	0.0728113	0.00941988
1886000	0.0727688	0.0094191
1887000	0.0727264	0.0094157
1888000	0.072684	0.00939274
1889000	0.0726417	0.00939091
1890000	0.0725994	0.00938911
1891000	0.0725572	0.009388
1892000	0.072515	0.00938713
1893000	0.0724728	0.00922351
1894000	0.0724306	0.00922225
1895000	0.0723884	0.00913276
1896000	0.0723463	0.00903461
1897000	0.0723041	0.00903284
1898000	0.0722621	0.00903187
1899000	0.0722201	0.00903154
1900000	0.0721781	0.00903046
1901000	0.0721361	0.0089649
1902000	0.0720943	0.00896379
1903000	0.0720523	0.00880436
1904000	0.0720104	0.0087331
1905000	0.0719684	0.00860944
1906000	0.0719265	0.00856823
1907000	0.0718846	0.00856771
1908000	0.0718427	0.00850216
1909000	0.0718009	0.00838822
1910000	0.071759	0.00830888
1911000	0.0717171	0.00817743
1912000	0.071675	0.00790377
1913000	0.071633	0.00789191
1914000	0.071591	0.00777859
1915000	0.071549	0.0076027
1916000	0.0715069	0.00756914
1917000	0.0714649	0.00756542
1918000	0.071423	0.00756285
1919000	0.0713811	0.00746984
1920000	0.071339	0.00723263
1921000	0.071297	0.00715063
1922000	0.071255	0.00707897
1923000	0.0712128	0.00673444
1924000	0.0711706	0.00665528
1925000	0.0711284	0.00660995
1926000	0.0710863	0.00660796
1927000	0.0710442	0.00660628
1928000	0.0710022	0.00656867
1929000	0.0709602	0.00651445
1930000	0.0709182	0.00651179
1931000	0.0708763	0.00641505
1932000	0.0708343	0.00632028
1933000	0.0707922	0.0061114
1934000	0.0707502	0.00603057
1935000	0.0707082	0.00602817
1936000	0.0706662	0.00599344
1937000	0.0706243	0.00599262
1938000	0.0705824	0.00599206
1939000	0.0705406	0.00597426
1940000	0.0704989	0.005973
1941000	0.0704572	0.00597181
1942000	0.0704155	0.00596783
1943000	0.0703739	0.0059457
1944000	0.0703323	0.00594533
1945000	0.0702908	0.00594515
1946000	0.0702493	0.00594499
1947000	0.0702079	0.00594441
1948000	0.0701666	0.00592787
1949000	0.0701252	0.00592749
1950000	0.070084	0.0059272
1951000	0.0700428	0.00592697
1952000	0.0700016	0.0058965
1953000	0.0699605	0.00589511
1954000	0.0699194	0.00589456
1955000	0.0698784	0.00589402
1956000	0.0698374	0.00589365
1957000	0.0697965	0.00587479
1958000	0.0697556	0.00578861
1959000	0.0697147	0.00578819
1960000	0.0696739	0.00578769
1961000	0.0696331	0.00578716
1962000	0.0695924	0.00578649
1963000	0.0695517	0.00578564
1964000	0.0695111	0.00578399
1965000	0.0694706	0.00578221
1966000	0.06943	0.00572158
1967000	0.0693895	0.00567975
1968000	0.069349	0.00562613
1969000	0.0693085	0.0056259
1970000	0.0692681	0.00562527
1971000	0.0692277	0.00562341
1972000	0.0691874	0.00562209
1973000	0.0691472	0.00562085
1974000	0.0691069	0.00553954
1975000	0.0690667	0.00553844
1976000	0.0690266	0.005538
1977000	0.0689865	0.00553774
1978000	0.0689464	0.00553743
1979000	0.0689064	0.00553689
1980000	0.0688664	0.00553603
1981000	0.0688265	0.00546453
1982000	0.0687866	0.00546452
1983000	0.0687468	0.00556474
1984000	0.0687071	0.00556571
1985000	0.0686674	0.00556439
1986000	0.0686277	0.00552256
1987000	0.0685881	0.00552141
1988000	0.0685485	0.00552066
1989000	0.068509	0.00544589
1990000	0.0684694	0.00539018
1991000	0.0684299	0.00538981
1992000	0.0683905	0.00538953
1993000	0.0683511	0.0053892
1994000	0.0683117	0.00538844
1995000	0.0682724	0.00538785
1996000	0.0682331	0.00524912
1997000	0.0681937	0.0051851
1998000	0.0681544	0.00514264
1999000	0.0681151	0.00498032
