HL1
n1	-0.0950009	-0.0950009	0.0020001	0.00499978	-0.00400009	-0.0880009
n2	-0.100001	-0.103001	-0.00699981	-0.00500024	0.0059999	-0.116001
n3	-0.0330004	-0.0370003	-0.00799985	-0.0100001	-4.83389e-08	-0.0430004
n4	-0.188001	-0.151001	-0.00799981	0.00899969	0.00799987	-0.124001
n5	0.120001	0.106001	0.00900001	-0.00199975	1.01759e-07	0.100001
n6	-0.0920008	-0.0710008	-0.000999902	-0.0130002	-0.00700009	-0.0910008
n7	0.127001	0.0970009	-0.00500003	0.0130003	0.0030001	0.110001
n8	-0.149001	-0.117001	-0.000999973	-0.0110003	-0.00400012	-0.148001
n9	-0.139001	-0.130001	-0.00999976	-2.79226e-07	-0.00500011	-0.108001
n10	0.151001	0.097001	0.00199999	0.00100028	-0.00199989	0.111001
n11	0.0660006	0.106	0.0049998	-0.00499979	8.3745e-08	0.0880006
n12	0.0970008	0.103001	-0.0070002	0.00300026	-0.0109999	0.120001
n13	0.0390005	0.0740003	0.00699982	0.0170002	0.00400007	0.0630005
n14	-0.143001	-0.116001	0.00800007	0.0089997	0.0129999	-0.142001
n15	-0.0800007	-0.0910005	0.00200021	-0.0010002	0.00999992	-0.0790007
n16	0.144001	0.117001	0.000999956	-0.00899972	0.00100011	0.108001
n17	-0.0980009	-0.104001	-0.0159999	-0.00900024	-0.0140001	-0.107001
n18	-0.0960009	-0.104001	0.0040002	-0.00600024	-9.4652e-08	-0.0850009
n19	-0.100001	-0.104001	-0.00800002	0.00699976	0.0039999	-0.105001
n20	0.158001	0.144001	-0.00100014	-0.0159997	0.00900012	0.127001
OL
n1	0.0309984	0.0347973	0.0159008	0.0504908	-0.0367194	0.0307002	-0.0373208	0.0457926	0.0419954	-0.0411219	-0.0291135	-0.0369185	-0.0222087	0.0458934	0.0272003	-0.0415232	0.0341979	0.0332988	0.0345973	-0.0482294
