HL1
n1	-0.095	-0.095	0.002	0.005	-0.004	-0.088
n2	-0.1	-0.103	-0.007	-0.005	0.006	-0.116
n3	-0.033	-0.037	-0.008	-0.01	0	-0.043
n4	-0.188	-0.151	-0.008	0.009	0.008	-0.124
n5	0.12	0.106	0.009	-0.002	0	0.1
n6	-0.092	-0.071	-0.001	-0.013	-0.007	-0.091
n7	0.127	0.097	-0.005	0.013	0.003	0.11
n8	-0.149	-0.117	-0.001	-0.011	-0.004	-0.148
n9	-0.139	-0.13	-0.01	0	-0.005	-0.108
n10	0.151	0.097	0.002	0.001	-0.002	0.111
n11	0.066	0.106	0.005	-0.005	0	0.088
n12	0.097	0.103	-0.007	0.003	-0.011	0.12
n13	0.039	0.074	0.007	0.017	0.004	0.063
n14	-0.143	-0.116	0.008	0.009	0.013	-0.142
n15	-0.08	-0.091	0.002	-0.001	0.01	-0.079
n16	0.144	0.117	0.001	-0.009	0.001	0.108
n17	-0.098	-0.104	-0.016	-0.009	-0.014	-0.107
n18	-0.096	-0.104	0.004	-0.006	0	-0.085
n19	-0.1	-0.104	-0.008	0.007	0.004	-0.105
n20	0.158	0.144	-0.001	-0.016	0.009	0.127
OL
n1	0.031	0.0348	0.0159	0.0505	-0.0367	0.0307	-0.0373	0.0458	0.042	-0.0411	-0.0291	-0.0369	-0.0222	0.0459	0.0272	-0.0415	0.0342	0.0333	0.0346	-0.0482
