HL1
n1	0	-0.626	0.067	0.817	-0.463	0.693
n2	0	-0.505	0.134	0.044	-0.584	0.859
n3	0	0.263	0.167	-0.565	0.145	0.337
n4	0	0.244	0.605	-0.777	-0.653	-0.023
n5	0	-0.386	-0.875	-0.763	0.824	0.347
n6	0	-0.505	-0.392	0.902	0.58	0.79
n7	0	-0.722	0.229	-0.046	-0.45	-0.947
n8	0	0.747	0.703	-0.554	0.892	0.162
n9	0	-0.763	0.55	-0.689	0.462	-0.201
n10	0	0.535	-0.987	0.599	0.471	-0.73
n11	0	-0.224	-0.804	0.802	-0.743	-0.439
n12	0	-0.986	-0.923	-0.707	0.689	-0.231
n13	0	-0.77	0.162	0.232	0.139	-0.16
n14	0	-0.823	0.049	0.661	0.335	-0.894
n15	0	-0.66	0.974	0.765	-0.192	0.199
n16	0	0.694	-0.891	0.427	-0.967	0.175
n17	0	-0.785	-0.86	-0.975	-0.034	-0.628
n18	0	-0.082	-0.157	-0.22	-0.438	0.726
n19	0	-0.537	-0.659	-0.977	-0.9	0.001
n20	0	0.42	0.423	-0.322	0.856	-0.057
n21	0	0.986	-0.121	0.896	-0.415	0.454
n22	0	0.672	0.262	-0.768	-0.766	-0.533
n23	0	-0.093	-0.256	-0.936	-0.615	-0.988
n24	0	0.625	-0.513	0.468	0.436	-0.445
n25	0	0.374	-0.231	0.446	-0.225	0.017
n26	0	-0.681	0.062	-0.679	-0.217	0.491
n27	0	-0.667	-0.177	0.211	0.291	-0.878
n28	0	-0.238	0.85	-0.589	0.818	0.21
n29	0	0.923	0.646	0.178	0.684	0.32
n30	0	0.949	0.64	0.517	-0.121	0.199
n31	0	0.893	0.304	-0.256	-0.741	0.41
n32	0	0.61	-0.543	0.371	0.282	-0.465
n33	0	0.931	0.938	0.891	-0.123	-0.964
n34	0	0.065	0.46	-0.302	0.964	-0.139
n35	0	0.695	-0.76	0.706	-0.309	-0.535
n36	0	-0.939	-0.89	0.386	0.386	0.495
n37	0	-0.18	0.909	0.63	0.058	-0.603
n38	0	-0.67	0.648	0.886	0.911	0.692
n39	0	-0.67	0.91	0.563	0.691	-0.155
n40	0	-0.353	0.447	-0.03	-0.823	0.374
OL
n1	0.2	-0.634	-0.903	0.802	0.049	-0.94	0.934	0.647	-0.432	-0.449	0.597	-0.427	0.259	0.535	-0.193	0.99	0.45	0.297	0.372	0.047	0.569	0.438	0.311	0.577	-0.246	-0.45	-0.045	-0.435	0.292	0.96	0.944	-0.227	-0.277	0.096	-0.324	-0.419	0.832	-0.098	-0.644	-0.236
