HL1
n1	-1.35136	-0.095147	0.018158	0.023649	-0.027575	-0.127957
n2	-0.030267	0.129808	0.040999	-0.04744	-0.005971	-0.058079
n3	-0.247722	-0.069535	0.061455	-0.077549	0.010943	0.183782
n4	0.764259	0.097825	0.084698	-0.024263	-0.040816	0.052009
n5	0.727577	-0.014483	0.012218	0.140081	0.022222	-0.094578
n6	-0.937864	0.010761	0.009887	-0.102507	0.093605	-0.094011
n7	0.653941	0.016169	-0.093479	0.149738	-0.200156	-0.001917
n8	0.492858	-0.033546	-0.025845	0.079662	-0.022369	-0.149374
n9	0.875502	0.242115	-0.037364	-0.049081	-0.193299	-0.017921
n10	-0.950546	-0.000286	0.061603	0.024137	0.05602	-0.015948
n11	-1.61656	-0.147059	0.122771	0.139679	0.049123	-0.013389
n12	0.158085	0.08213	-0.042942	0.073621	-0.03161	0.093529
n13	0.849504	0.00409	-0.060271	-0.010926	0.031756	-0.010327
n14	0.837453	-0.011842	0.037444	-0.044201	0.095926	-0.028932
n15	0.654697	0.113748	0.225738	-0.074191	-0.224274	-0.104
n16	0.595222	0.004511	-0.006166	0.073477	0.073423	0.021933
n17	-0.313198	0.000752	0.01759	0.121177	0.144375	-0.024428
n18	-0.819965	0.059181	0.05716	-0.012299	0.029287	0.167269
n19	0.537209	-0.083683	-0.007779	-0.011122	-0.06972	-0.035212
n20	-0.571701	0.116083	0.037059	-0.025479	-0.090594	-0.102611
HL2
n1	-0.107454	-0.050981	-0.071416	0.035367	0.108671	-0.009515	0.029347	0.04162	0.09288	-0.016438	-0.153069	-0.031916	0.048335	0.122354	-0.036078	-0.070149	0.108014	0.039761	0.037317	-0.018549	0.037363
n2	-0.193646	0.007524	0.028754	-0.089649	-0.0346	0.045355	0.102323	0.025878	-0.114081	-0.081361	-0.039742	-0.030738	-0.036363	0.071147	-0.068202	-0.102414	0.003858	0.10164	-0.096338	0.048522	-0.032385
n3	-0.137087	0.030834	0.104618	-0.102086	0.106116	-0.08945	-0.09863	-0.032255	0.095295	0.037098	-0.158378	0.055793	-0.045347	-0.008743	0.045841	0.050661	-0.021106	0.032544	-0.022439	-0.030738	0.02314
n4	-0.168357	0.095752	-0.126297	0.060344	-0.101668	-0.051479	-0.070192	-0.061377	0.075214	0.127714	-0.023999	0.172703	-0.013709	0.096052	-0.055697	0.097514	0.032471	-0.063816	-0.039554	-0.024139	0.104056
n5	0.424556	0.03638	0.017528	-0.050519	0.120432	0.023545	0.016509	-0.075844	-0.054633	-0.01183	-0.091172	-0.052109	0.042224	0.114618	-0.039687	-0.016444	-0.05509	0.061372	-0.141284	0.09984	-0.065153
n6	0.122632	-0.06417	-0.060591	-0.118992	-0.04056	0.017152	-0.121167	0.025203	0.053753	0.097341	-0.155492	0.011394	-0.078929	-0.049726	0.021627	-0.0471	0.078851	0.022192	0.081232	0.012032	-0.003415
n7	-0.600021	-0.009174	-0.008796	0.108625	-0.112521	-0.104057	-0.028561	-0.010385	-0.088128	0.006795	0.100165	0.064545	-0.002265	0.051892	-0.088159	0.101831	-0.016706	0.110887	0.067723	-0.069966	0.0533
n8	0.470109	0.050616	0.035636	0.004552	-0.01254	0.075039	0.013282	-0.01062	0.086099	0.036604	0.093957	-0.027845	-0.01274	-0.133681	-0.152765	0.051296	0.107544	-0.046615	-0.078294	-0.033574	-0.079294
n9	0.248674	0.17909	0.043736	0.083653	-0.048681	0.029634	-0.085352	0.14576	0.038662	-0.102846	0.005852	0.007738	-0.093875	0.136376	0.090314	-0.076807	0.02394	0.030724	-0.043497	0.053049	-0.029174
n10	0.07205	0.046737	-0.050613	-0.126778	0.124301	-0.092994	-0.011717	-0.051719	-0.013314	0.073321	-0.027626	-0.027987	-0.041582	0.066497	0.019862	0.020929	-0.049763	-0.015655	0.066874	-0.023413	-0.050245
n11	-0.046975	0.056127	0.070202	-0.01776	0.04369	0.025595	-0.142586	-0.082587	0.120152	0.03253	-0.133955	0.033601	-0.062405	0.017472	0.105762	-0.098973	0.092862	0.089727	0.044608	-0.090635	0.068758
n12	-0.036223	-0.085504	0.095503	-0.025395	0.067038	0.074095	-0.016365	-0.166458	0.143854	0.017901	-0.081598	-0.030187	-0.100407	-0.015158	-0.033979	0.085955	-0.026612	-0.026826	0.058663	0.05498	0.118157
n13	-0.164114	0.102073	-0.053602	0.025522	0.129093	-0.137162	0.09226	-0.004437	0.074699	0.094795	-0.072662	-0.018651	-0.044292	0.020899	0.084367	-0.048997	-0.054885	-0.058456	0.078776	-0.111675	-0.117153
n14	0.057518	-0.11244	0.076174	-0.026117	0.038194	0.022395	-0.029131	-0.106833	0.133161	-0.098155	0.02912	-0.003582	0.053355	-0.086884	0.007807	0.085272	0.089216	0.072807	0.096957	0.069807	0.104569
n15	0.740268	-0.0602	-0.027726	-0.067512	-0.004765	-0.018474	-0.007488	-0.004462	0.029309	-0.080095	0.045767	-0.095329	0.063794	-0.110065	0.111524	0.092654	0.023324	-0.102494	-0.046037	-0.00911	0.044374
n16	-0.558144	0.01916	-0.062878	-0.129156	0.001748	-0.028322	0.098041	0.047681	0.019016	-0.026813	-0.050297	0.018815	0.080447	-0.092929	-0.046727	-0.036512	-0.069557	-0.003865	-0.101124	-0.066391	-0.052595
n17	0.451373	0.014504	-0.009075	-0.010278	0.092205	0.047751	-0.0309	0.082655	-0.00648	-0.06346	0.054632	0.05503	-0.07181	-0.100425	-0.032079	-0.003621	-0.01714	0.060219	0.048342	0.074555	0.002009
n18	1.13538	0.101225	0.042097	-0.098485	0.087721	-0.003983	0.058438	-0.046944	-0.060359	0.051352	0.056654	0.062471	-0.112958	-0.019642	-0.0098	-0.138856	0.115276	0.033568	-0.046192	0.059947	0.0989
n19	0.216669	-0.122116	-0.038903	-0.061596	-0.125371	-0.006299	0.113952	-0.057983	-0.112619	0.082269	0.000112	-0.047628	-0.042626	-0.021832	-0.00305	0.031607	0.004509	0.08507	-0.020283	-0.076526	-0.109747
n20	0.333425	0.01919	-0.094787	0.094751	-0.01951	0.139325	-0.018068	0.038532	0.00518	0.03359	-0.044523	-0.088004	0.02515	0.034205	0.071042	0.093708	-0.067698	0.029301	0.027083	-0.00181	0.073012
OL
n1	0.260927	0.374153	0.456694	-0.426248	-0.287369	0.627803	0.164698	0.097593	0.24174	-0.065198	-0.008099	-0.004209	0.37519	0.068967	-0.176131	-0.096553	0.048537	-0.034606	-0.162701	-0.569615
