ds1	-2.33321665
1.00794
0.0321683
0.001
0
1.00794
0.0676317
0.002
0
ds2	-2.33320616
1.00794
0.0321555
9.1896e-05
-4.8267e-05
1.00794
0.0676445
0.0029081
4.8267e-05
ds3	-2.33317650
1.00794
0.0321849
-0.000812886
-9.6415e-05
1.00794
0.0676151
0.00381289
9.6415e-05
ds4	-2.33315701
1.00794
0.0322951
-0.00170711
-0.000144116
1.00794
0.0675049
0.00470711
0.000144116
ds5	-2.33317318
1.00794
0.0325027
-0.00258361
-0.000191011
1.00794
0.0672973
0.00558361
0.000191011
ds6	-2.33320366
1.00794
0.0327928
-0.00344073
-0.000236987
1.00794
0.0670072
0.00644073
0.000236987
ds7	-2.33321645
1.00794
0.0331279
-0.00428484
-0.000282323
1.00794
0.0666721
0.00728484
0.000282323
ds8	-2.33321645
1.00794
0.0334703
-0.00512641
-0.000327516
1.00794
0.0663297
0.00812641
0.000327516
ds9	-2.33321620
1.00794
0.0338054
-0.00597091
-0.000372832
1.00794
0.0659946
0.00897091
0.000372832
ds10	-2.33320167
1.00794
0.0341499
-0.00681103
-0.000417904
1.00794
0.0656501
0.00981103
0.000417904
ds11	-2.33317081
1.00794
0.0345388
-0.00762771
-0.000461772
1.00794
0.0652612
0.0106277
0.000461772
ds12	-2.33315724
1.00794
0.0350023
-0.0084
-0.000503365
1.00794
0.0647977
0.0114
0.000503365
ds13	-2.33317886
1.00794
0.0355478
-0.00911785
-0.00054216
1.00794
0.0642522
0.0121179
0.00054216
ds14	-2.33320758
1.00794
0.0361565
-0.00978891
-0.000578532
1.00794
0.0636435
0.0127889
0.000578532
ds15	-2.33321661
1.00794
0.0367953
-0.0104353
-0.000613603
1.00794
0.0630047
0.0134353
0.000613603
ds16	-2.33321630
1.00794
0.037436
-0.0110799
-0.000648541
1.00794
0.062364
0.0140799
0.000648541
ds17	-2.33321471
1.00794
0.0380721
-0.0117291
-0.000683679
1.00794
0.0617279
0.0147291
0.000683679
ds18	-2.33319600
1.00794
0.0387194
-0.0123657
-0.000718125
1.00794
0.0610806
0.0153657
0.000718125
ds19	-2.33316567
1.00794
0.0394032
-0.0129572
-0.000750188
1.00794
0.0603968
0.0159572
0.000750188
ds20	-2.33315918
1.00794
0.0401404
-0.0134749
-0.000778383
1.00794
0.0596596
0.0164749
0.000778383
ds21	-2.33318535
1.00794
0.0409308
-0.0139118
-0.00080233
1.00794
0.0588692
0.0169118
0.00080233
ds22	-2.33321130
1.00794
0.0417573
-0.0142865
-0.000822995
1.00794
0.0580427
0.0172865
0.000822995
ds23	-2.33321698
1.00794
0.042598
-0.0146338
-0.000842178
1.00794
0.057202
0.0176338
0.000842178
ds24	-2.33321662
1.00794
0.0434382
-0.0149823
-0.000861376
1.00794
0.0563618
0.0179823
0.000861376
ds25	-2.33321305
1.00794
0.044277
-0.0153346
-0.000880729
1.00794
0.055523
0.0183346
0.000880729
ds26	-2.33319061
1.00794
0.0451235
-0.015664
-0.000898831
1.00794
0.0546765
0.018664
0.000898831
ds27	-2.33316243
1.00794
0.0459876
-0.0159303
-0.000913576
1.00794
0.0538124
0.0189303
0.000913576
ds28	-2.33316301
1.00794
0.0468724
-0.0161044
-0.000923445
1.00794
0.0529276
0.0191044
0.000923445
ds29	-2.33319159
1.00794
0.0477734
-0.016186
-0.000928404
1.00794
0.0520266
0.019186
0.000928404
ds30	-2.33321326
1.00794
0.0486821
-0.0162035
-0.000929943
1.00794
0.0511179
0.0192035
0.000929943
ds31	-2.33321617
1.00794
0.0495923
-0.0161975
-0.000930202
1.00794
0.0502077
0.0191975
0.000930202
ds32	-2.33321634
1.00794
0.0505025
-0.0161958
-0.000930634
1.00794
0.0492975
0.0191958
0.000930634
ds33	-2.33321056
1.00794
0.0514129
-0.0161946
-0.000931047
1.00794
0.0483871
0.0191946
0.000931047
ds34	-2.33318495
1.00794
0.0523207
-0.0161615
-0.000929725
1.00794
0.0474793
0.0191615
0.000929725
ds35	-2.33315985
1.00794
0.0532186
-0.0160564
-0.000924558
1.00794
0.0465814
0.0190564
0.000924558
ds36	-2.33316708
1.00794
0.0540985
-0.0158563
-0.000914339
1.00794
0.0457015
0.0188563
0.000914339
ds37	-2.33319700
1.00794
0.0549574
-0.0155684
-0.000899442
1.00794
0.0448426
0.0185684
0.000899442
ds38	-2.33321499
1.00794
0.0558002
-0.015226
-0.000881627
1.00794
0.0439998
0.018226
0.000881627
ds39	-2.33321661
1.00794
0.0566375
-0.0148682
-0.00086295
1.00794
0.0431625
0.0178682
0.00086295
ds40	-2.33321693
1.00794
0.0574772
-0.0145161
-0.000844524
1.00794
0.0423228
0.0175161
0.000844524
ds41	-2.33320721
1.00794
0.0583152
-0.0141603
-0.000825852
1.00794
0.0414848
0.0171603
0.000825852
ds42	-2.33317841
1.00794
0.059134
-0.0137689
-0.000805253
1.00794
0.040666
0.0167689
0.000805253
ds43	-2.33315788
1.00794
0.0599116
-0.0133095
-0.000781024
1.00794
0.0398884
0.0163095
0.000781024
ds44	-2.33317198
1.00794
0.0606346
-0.0127692
-0.000752483
1.00794
0.0391654
0.0157692
0.000752483
ds45	-2.33320197
1.00794
0.0613062
-0.0121608
-0.000720308
1.00794
0.0384938
0.0151608
0.000720308
ds46	-2.33321586
1.00794
0.0619467
-0.0115151
-0.000686118
1.00794
0.0378533
0.0145151
0.000686118
ds47	-2.33321635
1.00794
0.0625803
-0.0108619
-0.000651498
1.00794
0.0372197
0.0138619
0.000651498
ds48	-2.33321609
1.00794
0.0632188
-0.0102134
-0.00061708
1.00794
0.0365812
0.0132134
0.00061708
ds49	-2.33320243
1.00794
0.0638499
-0.0095584
-0.000582284
1.00794
0.0359501
0.0125584
0.000582284
ds50	-2.33317254
1.00794
0.0644428
-0.00887319
-0.000545859
1.00794
0.0353572
0.0118732
0.000545859
ds51	-2.33315827
1.00794
0.0649664
-0.00813854
-0.000506799
1.00794
0.0348336
0.0111385
0.000506799
ds52	-2.33317835
1.00794
0.0654079
-0.0073513
-0.000464943
1.00794
0.0343921
0.0103513
0.000464943
ds53	-2.33320681
1.00794
0.0657805
-0.00652478
-0.000420995
1.00794
0.0340195
0.00952478
0.000420995
ds54	-2.33321668
1.00794
0.0661168
-0.00567991
-0.000376057
1.00794
0.0336832
0.00867991
0.000376057
ds55	-2.33321662
1.00794
0.0664488
-0.00483313
-0.000330994
1.00794
0.0333512
0.00783313
0.000330994
ds56	-2.33321524
1.00794
0.066786
-0.00398837
-0.000286015
1.00794
0.033014
0.00698837
0.000286015
ds57	-2.33319776
1.00794
0.0671077
-0.00313856
-0.000240754
1.00794
0.0326923
0.00613856
0.000240754
ds58	-2.33316819
1.00794
0.067375
-0.00227408
-0.000194714
1.00794
0.032425
0.00527408
0.000194714
ds59	-2.33316039
1.00794
0.0675548
-0.00139069
-0.000147687
1.00794
0.0322452
0.00439069
0.000147687
ds60	-2.33318461
1.00794
0.0676397
-0.000491505
-9.9841e-05
1.00794
0.0321603
0.00349151
9.9841e-05
ds61	-2.33321026
1.00794
0.0676522
0.000415797
-5.1581e-05
1.00794
0.0321478
0.0025842
5.1581e-05
ds62	-2.33321675
1.00794
0.0676317
0.00132509
-3.221e-06
1.00794
0.0321683
0.00167491
3.221e-06
ds63	-2.33321671
1.00794
0.0676105
0.00223437
4.5138e-05
1.00794
0.0321895
0.000765629
-4.5138e-05
ds64	-2.33321368
1.00794
0.0675927
0.00314407
9.3517e-05
1.00794
0.0322073
-0.000144073
-9.3517e-05
ds65	-2.33319252
1.00794
0.0675517
0.00405164
0.000141767
1.00794
0.0322483
-0.00105164
-0.000141767
ds66	-2.33316444
1.00794
0.0674477
0.00495009
0.0001895
1.00794
0.0323523
-0.00195009
-0.0001895
ds67	-2.33316322
1.00794
0.0672525
0.00583061
0.000236235
1.00794
0.0325475
-0.00283061
-0.000236235
ds68	-2.33319041
1.00794
0.0669663
0.00668866
0.000281729
1.00794
0.0328337
-0.00368866
-0.000281729
ds69	-2.33321284
1.00794
0.0666169
0.00752751
0.000326161
1.00794
0.0331831
-0.00452751
-0.000326161
ds70	-2.33321678
1.00794
0.0662434
0.00835761
0.000370098
1.00794
0.0335566
-0.00535761
-0.000370098
ds71	-2.33321681
1.00794
0.065872
0.00918865
0.000414061
1.00794
0.033928
-0.00618865
-0.000414061
ds72	-2.33321108
1.00794
0.0655007
0.01002
0.000458012
1.00794
0.0342993
-0.00701997
-0.000458012
ds73	-2.33318639
1.00794
0.0651023
0.0108365
0.00050114
1.00794
0.0346977
-0.0078365
-0.00050114
ds74	-2.33316127
1.00794
0.0646437
0.011616
0.000542248
1.00794
0.0351563
-0.00861598
-0.000542248
ds75	-2.33316703
1.00794
0.0641065
0.0123416
0.000580436
1.00794
0.0356935
-0.00934159
-0.000580436
ds76	-2.33319604
1.00794
0.0634973
0.0130126
0.000615666
1.00794
0.0363027
-0.0100126
-0.000615666
ds77	-2.33321455
1.00794
0.0628437
0.013646
0.000648841
1.00794
0.0369563
-0.010646
-0.000648841
ds78	-2.33321640
1.00794
0.0621764
0.0142665
0.000681292
1.00794
0.0376236
-0.0112665
-0.000681292
ds79	-2.33321625
1.00794
0.0615122
0.0148902
0.00071387
1.00794
0.0382878
-0.0118902
-0.00071387
ds80	-2.33320721
1.00794
0.0608452
0.0155107
0.000746233
1.00794
0.0389548
-0.0125107
-0.000746233
ds81	-2.33318005
1.00794
0.0601543
0.0161005
0.000776919
1.00794
0.0396457
-0.0131005
-0.000776919
ds82	-2.33315968
1.00794
0.0594189
0.016627
0.000804193
1.00794
0.0403811
-0.013627
-0.000804193
ds83	-2.33317239
1.00794
0.0586321
0.017072
0.000827084
1.00794
0.0411679
-0.014072
-0.000827084
ds84	-2.33320160
1.00794
0.0578036
0.0174426
0.000845977
1.00794
0.0419964
-0.0144426
-0.000845977
ds85	-2.33321598
1.00794
0.0569526
0.0177678
0.000862417
1.00794
0.0428474
-0.0147678
-0.000862417
ds86	-2.33321651
1.00794
0.0560968
0.0180817
0.000878198
1.00794
0.0437032
-0.0150817
-0.000878198
ds87	-2.33321597
1.00794
0.0552427
0.0184002
0.000894183
1.00794
0.0445573
-0.0154002
-0.000894183
ds88	-2.33320346
1.00794
0.0543857
0.0187097
0.000909638
1.00794
0.0454143
-0.0157097
-0.000909638
ds89	-2.33317507
1.00794
0.0535169
0.0189738
0.000922643
1.00794
0.0462831
-0.0159738
-0.000922643
ds90	-2.33316008
1.00794
0.0526312
0.0191567
0.000931307
1.00794
0.0471688
-0.0161567
-0.000931307
ds91	-2.33317792
1.00794
0.0517309
0.0192444
0.000934901
1.00794
0.0480691
-0.0162444
-0.000934901
ds92	-2.33320542
1.00794
0.0508223
0.0192528
0.000934264
1.00794
0.0489777
-0.0162528
-0.000934264
ds93	-2.33321594
1.00794
0.0499117
0.0192186
0.000931331
1.00794
0.0498883
-0.0162186
-0.000931331
ds94	-2.33321633
1.00794
0.049001
0.0191772
0.000927972
1.00794
0.050799
-0.0161772
-0.000927972
ds95	-2.33321536
1.00794
0.0480901
0.0191402
0.00092479
1.00794
0.0517099
-0.0161402
-0.00092479
ds96	-2.33319919
1.00794
0.0471807
0.0190877
0.000920744
1.00794
0.0526193
-0.0160877
-0.000920744
ds97	-2.33317028
1.00794
0.0462796
0.0189813
0.000913829
1.00794
0.0535204
-0.0159813
-0.000913829
ds98	-2.33316099
1.00794
0.0453963
0.0187893
0.000902385
1.00794
0.0544037
-0.0157893
-0.000902385
ds99	-2.33318347
1.00794
0.044537
0.0185051
0.000886076
1.00794
0.055263
-0.0155051
-0.000886076
ds100	-2.33320927
1.00794
0.0436999
0.0181507
0.000866063
1.00794
0.0561001
-0.0151507
-0.000866063
ds101	-2.33321688
1.00794
0.042875
0.0177635
0.000844292
1.00794
0.056925
-0.0147635
-0.000844292
ds102	-2.33321702
1.00794
0.0420512
0.0173737
0.00082234
1.00794
0.0577488
-0.0143737
-0.00082234
ds103	-2.33321395
1.00794
0.041226
0.016986
0.000800446
1.00794
0.058574
-0.013986
-0.000800446
ds104	-2.33319366
1.00794
0.0404119
0.0165787
0.000777493
1.00794
0.0593881
-0.0135787
-0.000777493
ds105	-2.33316591
1.00794
0.0396306
0.0161192
0.000751804
1.00794
0.0601694
-0.0131192
-0.000751804
ds106	-2.33316329
1.00794
0.0389017
0.0155853
0.000722244
1.00794
0.0608983
-0.0125853
-0.000722244
ds107	-2.33318910
1.00794
0.0382298
0.0149779
0.000688871
1.00794
0.0615702
-0.0119779
-0.000688871
ds108	-2.33321184
1.00794
0.0376018
0.0143199
0.00065287
1.00794
0.0621982
-0.0113199
-0.00065287
ds109	-2.33321664
1.00794
0.0369931
0.0136417
0.000615801
1.00794
0.0628069
-0.0106417
-0.000615801
ds110	-2.33321666
1.00794
0.0363841
0.0129637
0.000578704
1.00794
0.0634159
-0.0099637
-0.000578704
ds111	-2.33321137
1.00794
0.0357754
0.0122852
0.000541543
1.00794
0.0640246
-0.0092852
-0.000541543
ds112	-2.33318811
1.00794
0.0351903
0.0115886
0.000503441
1.00794
0.0646097
-0.00858863
-0.000503441
ds113	-2.33316335
1.00794
0.0346619
0.0108532
0.00046337
1.00794
0.0651381
-0.00785322
-0.00046337
ds114	-2.33316765
1.00794
0.0342133
0.0100688
0.000420843
1.00794
0.0655867
-0.00706881
-0.000420843
ds115	-2.33319531
1.00794
0.0338434
0.0092411
0.000376161
1.00794
0.0659566
-0.0062411
-0.000376161
ds116	-2.33321420
1.00794
0.0335272
0.00838752
0.000330198
1.00794
0.0662728
-0.00538752
-0.000330198
ds117	-2.33321678
1.00794
0.0332303
0.00752582
0.000283824
1.00794
0.0665697
-0.00452582
-0.000283824
ds118	-2.33321670
1.00794
0.0329311
0.00666496
0.00023747
1.00794
0.0668689
-0.00366496
-0.00023747
ds119	-2.33320842
1.00794
0.0326363
0.00580249
0.000191024
1.00794
0.0671637
-0.00280249
-0.000191024
ds120	-2.33318255
1.00794
0.032378
0.0049309
0.00014416
1.00794
0.067422
-0.0019309
-0.00014416
ds121	-2.33316182
1.00794
0.0321938
0.00404482
9.6678e-05
1.00794
0.0676062
-0.00104482
-9.6678e-05
ds122	-2.33317248
1.00794
0.0321038
0.0031452
4.8675e-05
1.00794
0.0676962
-0.000145202
-4.8675e-05
ds123	-2.33320052
1.00794
0.0320988
0.00223775
4.36e-07
1.00794
0.0677012
0.000762253
-4.36e-07
ds124	-2.33321549
1.00794
0.0321458
0.00132817
-4.7804e-05
1.00794
0.0676542
0.00167183
4.7804e-05
ds125	-2.33321675
1.00794
0.0322073
0.000418729
-9.6001e-05
1.00794
0.0675927
0.00258127
9.6001e-05
ds126	-2.33321636
1.00794
0.0322652
-0.000490936
-0.00014421
1.00794
0.0675348
0.00349094
0.00014421
ds127	-2.33320451
1.00794
0.0323328
-0.00139955
-0.000192331
1.00794
0.0674672
0.00439955
0.000192331
ds128	-2.33317685
1.00794
0.0324455
-0.00230071
-0.000239945
1.00794
0.0673545
0.00530071
0.000239945
ds129	-2.33316125
1.00794
0.0326376
-0.00318456
-0.00028645
1.00794
0.0671624
0.00618456
0.00028645
ds130	-2.33317765
1.00794
0.0329216
-0.00404347
-0.000331411
1.00794
0.0668784
0.00704347
0.000331411
ds131	-2.33320502
1.00794
0.0332819
-0.00487747
-0.00037486
1.00794
0.0665181
0.00787747
0.00037486
ds132	-2.33321632
1.00794
0.0336835
-0.00569561
-0.000417352
1.00794
0.0661165
0.00869561
0.000417352
ds133	-2.33321673
1.00794
0.0340934
-0.00651008
-0.000459605
1.00794
0.0657066
0.00951008
0.000459605
ds134	-2.33321528
1.00794
0.0345004
-0.00732597
-0.000501909
1.00794
0.0652996
0.010326
0.000501909
ds135	-2.33319977
1.00794
0.0349211
-0.00813401
-0.000543736
1.00794
0.0648789
0.011134
0.000543736
ds136	-2.33317193
1.00794
0.0353863
-0.00891339
-0.000583913
1.00794
0.0644137
0.0119134
0.000583913
ds137	-2.33316217
1.00794
0.0359211
-0.0096428
-0.000621253
1.00794
0.0638789
0.0126428
0.000621253
ds138	-2.33318314
1.00794
0.0365297
-0.0103134
-0.000655276
1.00794
0.0632703
0.0133134
0.000655276
ds139	-2.33320840
1.00794
0.0371938
-0.010935
-0.000686537
1.00794
0.0626062
0.013935
0.000686537
ds140	-2.33321630
1.00794
0.0378843
-0.0115307
-0.00071633
1.00794
0.0619157
0.0145307
0.00071633
ds141	-2.33321627
1.00794
0.0385781
-0.0121228
-0.00074588
1.00794
0.0612219
0.0151228
0.00074588
ds142	-2.33321341
1.00794
0.0392713
-0.012716
-0.000775447
1.00794
0.0605287
0.015716
0.000775447
ds143	-2.33319484
1.00794
0.0399778
-0.0132915
-0.000804003
1.00794
0.0598222
0.0162915
0.000804003
ds144	-2.33316851
1.00794
0.0407176
-0.0138173
-0.000829811
1.00794
0.0590824
0.0168173
0.000829811
ds145	-2.33316507
1.00794
0.0415032
-0.0142669
-0.000851439
1.00794
0.0582968
0.0172669
0.000851439
ds146	-2.33318909
1.00794
0.0423323
-0.0146352
-0.000868634
1.00794
0.0574677
0.0176352
0.000868634
ds147	-2.33321137
1.00794
0.0431902
-0.0149422
-0.000882476
1.00794
0.0566098
0.0179422
0.000882476
ds148	-2.33321654
1.00794
0.0440594
-0.0152214
-0.000894773
1.00794
0.0557406
0.0182214
0.000894773
ds149	-2.33321654
1.00794
0.0449293
-0.0154987
-0.000906922
1.00794
0.0548707
0.0184987
0.000906922
ds150	-2.33321182
1.00794
0.0457998
-0.0157746
-0.000918946
1.00794
0.0540002
0.0187746
0.000918946
ds151	-2.33319021
1.00794
0.046677
-0.0160225
-0.000929425
1.00794
0.053123
0.0190225
0.000929425
ds152	-2.33316585
1.00794
0.0475663
-0.0162048
-0.000936379
1.00794
0.0522337
0.0192048
0.000936379
ds153	-2.33316815
1.00794
0.0484676
-0.0162963
-0.000938474
1.00794
0.0513324
0.0192963
0.000938474
ds154	-2.33319389
1.00794
0.0493761
-0.016299
-0.00093583
1.00794
0.0504239
0.019299
0.00093583
ds155	-2.33321303
1.00794
0.0502865
-0.0162409
-0.000929943
1.00794
0.0495135
0.0192409
0.000929943
ds156	-2.33321662
1.00794
0.0511963
-0.0161595
-0.000922784
1.00794
0.0486037
0.0191595
0.000922784
ds157	-2.33321680
1.00794
0.0521062
-0.0160784
-0.000915591
1.00794
0.0476938
0.0190784
0.000915591
ds158	-2.33320912
1.00794
0.0530158
-0.0159921
-0.000908073
1.00794
0.0467842
0.0189921
0.000908073
ds159	-2.33318439
1.00794
0.053919
-0.01587
-0.000898645
1.00794
0.045881
0.01887
0.000898645
ds160	-2.33316343
1.00794
0.0548056
-0.0156767
-0.000885482
1.00794
0.0449944
0.0186767
0.000885482
ds161	-2.33317231
1.00794
0.0556666
-0.0153937
-0.000867647
1.00794
0.0441334
0.0183937
0.000867647
ds162	-2.33319955
1.00794
0.0565001
-0.0150299
-0.000845613
1.00794
0.0432999
0.0180299
0.000845613
ds163	-2.33321530
1.00794
0.0573137
-0.0146166
-0.000820994
1.00794
0.0424863
0.0176166
0.000820994
ds164	-2.33321703
1.00794
0.0581204
-0.0141878
-0.000795544
1.00794
0.0416796
0.0171878
0.000795544
ds165	-2.33321623
1.00794
0.0589277
-0.0137606
-0.000770122
1.00794
0.0408723
0.0167606
0.000770122
ds166	-2.33320483
1.00794
0.05973
-0.0133248
-0.000744223
1.00794
0.04007
0.0163248
0.000744223
ds167	-2.33317839
1.00794
0.0605079
-0.0128523
-0.000716436
1.00794
0.0392921
0.0158523
0.000716436
ds168	-2.33316248
1.00794
0.0612388
-0.0123162
-0.000685435
1.00794
0.0385612
0.0153162
0.000685435
ds169	-2.33317717
1.00794
0.0619103
-0.0117077
-0.000650801
1.00794
0.0378897
0.0147077
0.000650801
ds170	-2.33320377
1.00794
0.0625278
-0.0110399
-0.000613201
1.00794
0.0372722
0.0140399
0.000613201
ds171	-2.33321586
1.00794
0.0631126
-0.0103395
-0.000573974
1.00794
0.0366874
0.0133395
0.000573974
ds172	-2.33321666
1.00794
0.0636888
-0.00963143
-0.000534333
1.00794
0.0361112
0.0126314
0.000534333
ds173	-2.33321523
1.00794
0.0642659
-0.00892418
-0.000494699
1.00794
0.0355341
0.0119242
0.000494699
ds174	-2.33320098
1.00794
0.0648305
-0.00820779
-0.000454602
1.00794
0.0349695
0.0112078
0.000454602
ds175	-2.33317451
1.00794
0.0653522
-0.00746356
-0.000413172
1.00794
0.0344478
0.0104636
0.000413172
ds176	-2.33316394
1.00794
0.0658018
-0.00667749
-0.000369788
1.00794
0.0339983
0.00967749
0.000369788
ds177	-2.33318283
1.00794
0.0661687
-0.0058489
-0.000324457
1.00794
0.0336313
0.0088489
0.000324457
ds178	-2.33320759
1.00794
0.0664676
-0.00498959
-0.000277748
1.00794
0.0333324
0.00798959
0.000277748
ds179	-2.33321648
1.00794
0.0667301
-0.00411601
-0.00023041
1.00794
0.0330699
0.00711601
0.00023041
ds180	-2.33321687
1.00794
0.0669853
-0.00324002
-0.000182958
1.00794
0.0328147
0.00624002
0.000182958
ds181	-2.33321425
1.00794
0.0672402
-0.00236393
-0.000135489
1.00794
0.0325598
0.00536393
0.000135489
ds182	-2.33319691
1.00794
0.0674743
-0.00148319
-8.7848e-05
1.00794
0.0323257
0.00448319
8.7848e-05
ds183	-2.33317110
1.00794
0.0676515
-0.000592787
-3.9917e-05
1.00794
0.0321485
0.00359279
3.9917e-05
ds184	-2.33316593
1.00794
0.0677424
0.000307764
8.211e-06
1.00794
0.0320576
0.00269224
-8.211e-06
ds185	-2.33318797
1.00794
0.0677422
0.00121464
5.631e-05
1.00794
0.0320578
0.00178536
-5.631e-05
ds186	-2.33321042
1.00794
0.0676733
0.00212262
0.000104188
1.00794
0.0321267
0.000877385
-0.000104188
ds187	-2.33321676
1.00794
0.0675718
0.00302945
0.000151868
1.00794
0.0322282
-2.9454e-05
-0.000151868
ds188	-2.33321695
1.00794
0.0674661
0.00393593
0.0001995
1.00794
0.0323339
-0.000935935
-0.0001995
ds189	-2.33321239
1.00794
0.0673578
0.00484234
0.000247104
1.00794
0.0324422
-0.00184235
-0.000247104
ds190	-2.33319191
1.00794
0.0672223
0.00574352
0.000294304
1.00794
0.0325777
-0.00274352
-0.000294304
ds191	-2.33316794
1.00794
0.0670242
0.00662935
0.000340421
1.00794
0.0327758
-0.00362935
-0.000340421
ds192	-2.33316876
1.00794
0.0667403
0.00748948
0.00038481
1.00794
0.0330597
-0.00448948
-0.00038481
ds193	-2.33319324
1.00794
0.0663726
0.00832008
0.000427273
1.00794
0.0334274
-0.00532008
-0.000427273
ds194	-2.33321275
1.00794
0.0659474
0.00912685
0.000468214
1.00794
0.0338526
-0.00612685
-0.000468214
ds195	-2.33321673
1.00794
0.0654987
0.00992244
0.00050844
1.00794
0.0343013
-0.00692244
-0.00050844
ds196	-2.33321648
1.00794
0.0650483
0.0107171
0.00054858
1.00794
0.0347517
-0.00771713
-0.00054858
ds197	-2.33320939
1.00794
0.064593
0.0115091
0.000588521
1.00794
0.035207
-0.00850907
-0.000588521
ds198	-2.33318645
1.00794
0.0641089
0.0122814
0.000627275
1.00794
0.0356911
-0.00928142
-0.000627275
ds199	-2.33316569
1.00794
0.0635685
0.0130111
0.000663508
1.00794
0.0362315
-0.0100111
-0.000663508
ds200	-2.33317243
1.00794
0.0629583
0.0136819
0.000696307
1.00794
0.0368417
-0.0106819
-0.000696307
ds201	-2.33319797
1.00794
0.0622855
0.0142947
0.000725747
1.00794
0.0375145
-0.0112947
-0.000725747
ds202	-2.33321400
1.00794
0.0615742
0.0148678
0.000752886
1.00794
0.0382258
-0.0118678
-0.000752886
ds203	-2.33321625
1.00794
0.0608499
0.0154259
0.000779139
1.00794
0.0389501
-0.0124259
-0.000779139
ds204	-2.33321574
1.00794
0.0601254
0.0159836
0.000805328
1.00794
0.0396746
-0.0129836
-0.000805328
ds205	-2.33320597
1.00794
0.059395
0.0165332
0.000831016
1.00794
0.040405
-0.0135332
-0.000831016
ds206	-2.33318157
1.00794
0.0586421
0.0170471
0.000854689
1.00794
0.0411579
-0.0140471
-0.000854689
ds207	-2.33316519
1.00794
0.0578518
0.0174946
0.000874657
1.00794
0.0419482
-0.0144946
-0.000874657
ds208	-2.33317748
1.00794
0.0570204
0.0178594
0.000890056
1.00794
0.0427796
-0.0148594
-0.000890056
ds209	-2.33320269
1.00794
0.0561569
0.0181505
0.000901392
1.00794
0.0436431
-0.0151505
-0.000901392
ds210	-2.33321529
1.00794
0.0552766
0.0183966
0.000910242
1.00794
0.0445234
-0.0153966
-0.000910242
ds211	-2.33321666
1.00794
0.054392
0.018629
0.000918305
1.00794
0.045408
-0.015629
-0.000918305
ds212	-2.33321559
1.00794
0.0535072
0.018861
0.000926295
1.00794
0.0462928
-0.015861
-0.000926295
ds213	-2.33320244
1.00794
0.0526193
0.0190784
0.000933452
1.00794
0.0471807
-0.0160784
-0.000933452
ds214	-2.33317671
1.00794
0.0517239
0.019247
0.000937968
1.00794
0.0480761
-0.016247
-0.000937968
ds215	-2.33316481
1.00794
0.0508202
0.0193349
0.000938164
1.00794
0.0489798
-0.0163349
-0.000938164
ds216	-2.33318165
1.00794
0.0499118
0.0193311
0.000933489
1.00794
0.0498882
-0.0163311
-0.000933489
ds217	-2.33320621
1.00794
0.0490034
0.0192521
0.000924824
1.00794
0.0507966
-0.0162521
-0.000924824
ds218	-2.33321625
1.00794
0.0480971
0.0191319
0.000913966
1.00794
0.0517029
-0.0161319
-0.000913966
ds219	-2.33321705
1.00794
0.0471917
0.019002
0.000902549
1.00794
0.0526083
-0.016002
-0.000902549
ds220	-2.33321437
1.00794
0.0462865
0.0188709
0.000891016
1.00794
0.0535135
-0.0158709
-0.000891016
ds221	-2.33319767
1.00794
0.0453855
0.0187196
0.000878403
1.00794
0.0544145
-0.0157196
-0.000878403
ds222	-2.33317242
1.00794
0.0444987
0.0185141
0.000862971
1.00794
0.0553013
-0.0155141
-0.000862971
ds223	-2.33316649
1.00794
0.0436377
0.0182274
0.000843376
1.00794
0.0561623
-0.0152274
-0.000843376
ds224	-2.33318744
1.00794
0.0428082
0.0178559
0.000819453
1.00794
0.0569918
-0.0148559
-0.000819453
ds225	-2.33320992
1.00794
0.0420063
0.0174206
0.000792285
1.00794
0.0577937
-0.0144206
-0.000792285
ds226	-2.33321672
1.00794
0.0412198
0.0169544
0.000763532
1.00794
0.0585802
-0.0139544
-0.000763532
ds227	-2.33321659
1.00794
0.0404363
0.0164827
0.000734464
1.00794
0.0593637
-0.0134827
-0.000734464
ds228	-2.33321206
1.00794
0.0396544
0.0160081
0.00070521
1.00794
0.0601456
-0.0130081
-0.00070521
ds229	-2.33319273
1.00794
0.0388881
0.0155116
0.000674846
1.00794
0.0609119
-0.0125116
-0.000674846
ds230	-2.33316932
1.00794
0.0381604
0.014966
0.000642076
1.00794
0.0616396
-0.011966
-0.000642076
ds231	-2.33316894
1.00794
0.0374904
0.0143541
0.000606108
1.00794
0.0623096
-0.0113541
-0.000606108
ds232	-2.33319215
1.00794
0.0368815
0.0136785
0.000567094
1.00794
0.0629185
-0.0106785
-0.000567094
ds233	-2.33321191
1.00794
0.0363191
0.0129594
0.000526021
1.00794
0.0634809
-0.00995943
-0.000526021
ds234	-2.33321658
1.00794
0.0357782
0.0122222
0.00048408
1.00794
0.0640218
-0.0092222
-0.00048408
ds235	-2.33321642
1.00794
0.0352403
0.0114827
0.000442005
1.00794
0.0645597
-0.00848268
-0.000442005
ds236	-2.33320997
1.00794
0.0347075
0.0107395
0.000399736
1.00794
0.0650925
-0.00773947
-0.000399736
ds237	-2.33318832
1.00794
0.0342033
0.0099788
0.000356687
1.00794
0.0655967
-0.0069788
-0.000356687
ds238	-2.33316757
1.00794
0.0337594
0.00918552
0.000312243
1.00794
0.0660406
-0.00618552
-0.000312243
ds239	-2.33317269
1.00794
0.0333968
0.00835358
0.000266208
1.00794
0.0664032
-0.00535358
-0.000266208
ds240	-2.33319721
1.00794
0.0331128
0.0074887
0.000218872
1.00794
0.0666872
-0.0044887
-0.000218872
ds241	-2.33321390
1.00794
0.0328824
0.00660467
0.000170821
1.00794
0.0669176
-0.00360467
-0.000170821
ds242	-2.33321689
1.00794
0.0326733
0.00571426
0.000122544
1.00794
0.0671267
-0.00271426
-0.000122544
ds243	-2.33321640
1.00794
0.0324663
0.00482334
7.4245e-05
1.00794
0.0673337
-0.00182334
-7.4245e-05
ds244	-2.33320708
1.00794
0.032269
0.00393027
2.5885e-05
1.00794
0.067531
-0.000930275
-2.5885e-05
ds245	-2.33318328
1.00794
0.0321121
0.00303167
-2.2537e-05
1.00794
0.0676879
-3.1669e-05
2.2537e-05
ds246	-2.33316614
1.00794
0.0320294
0.0021267
-7.0862e-05
1.00794
0.0677706
0.000873305
7.0862e-05
ds247	-2.33317684
1.00794
0.0320378
0.00121857
-0.000118819
1.00794
0.0677622
0.00178143
0.000118819
ds248	-2.33320178
1.00794
0.0321273
0.000311733
-0.000166228
1.00794
0.0676727
0.00268827
0.000166228
ds249	-2.33321531
1.00794
0.0322666
-0.000591789
-0.000213159
1.00794
0.0675334
0.00359179
0.000213159
ds250	-2.33321699
1.00794
0.0324223
-0.00149337
-0.000259877
1.00794
0.0673777
0.00449337
0.000259877
ds251	-2.33321563
1.00794
0.0325796
-0.00239468
-0.000306552
1.00794
0.0672204
0.00539468
0.000306552
ds252	-2.33320314
1.00794
0.0327512
-0.00329276
-0.000352954
1.00794
0.0670488
0.00629276
0.000352954
ds253	-2.33317839
1.00794
0.0329689
-0.00417796
-0.000398384
1.00794
0.0668311
0.00717796
0.000398384
ds254	-2.33316608
1.00794
0.033262
-0.00503786
-0.000442012
1.00794
0.066538
0.00803786
0.000442012
ds255	-2.33318153
1.00794
0.0336398
-0.00586449
-0.000483362
1.00794
0.0661602
0.00886449
0.000483362
ds256	-2.33320561
1.00794
0.0340871
-0.00665965
-0.000522616
1.00794
0.0657129
0.00965965
0.000522616
ds257	-2.33321586
1.00794
0.0345726
-0.00743508
-0.000560572
1.00794
0.0652274
0.0104351
0.000560572
ds258	-2.33321660
1.00794
0.0350682
-0.00820457
-0.000598123
1.00794
0.0647318
0.0112046
0.000598123
ds259	-2.33321420
1.00794
0.0355656
-0.00897288
-0.000635566
1.00794
0.0642344
0.0119729
0.000635566
ds260	-2.33319891
1.00794
0.0360794
-0.00972922
-0.000672244
1.00794
0.0637206
0.0127292
0.000672244
ds261	-2.33317442
1.00794
0.0366352
-0.0104513
-0.000706833
1.00794
0.0631648
0.0134513
0.000706833
ds262	-2.33316704
1.00794
0.037253
-0.0111177
-0.000738081
1.00794
0.062547
0.0141177
0.000738081
ds263	-2.33318614
1.00794
0.0379345
-0.0117203
-0.000765553
1.00794
0.0618655
0.0147203
0.000765553
ds264	-2.33320828
1.00794
0.0386633
-0.0122706
-0.000789956
1.00794
0.0611367
0.0152706
0.000789956
ds265	-2.33321588
1.00794
0.0394151
-0.0127928
-0.000812694
1.00794
0.0603849
0.0157928
0.000812694
ds266	-2.33321641
1.00794
0.0401718
-0.0133083
-0.000835012
1.00794
0.0596282
0.0163083
0.000835012
ds267	-2.33321278
1.00794
0.0409309
-0.0138207
-0.000857103
1.00794
0.0588691
0.0168207
0.000857103
ds268	-2.33319492
1.00794
0.0417033
-0.0143105
-0.00087788
1.00794
0.0580967
0.0173105
0.00087788
ds269	-2.33317178
1.00794
0.0425035
-0.0147465
-0.000895623
1.00794
0.0572965
0.0177465
0.000895623
ds270	-2.33316962
1.00794
0.0433394
-0.0151042
-0.000908994
1.00794
0.0564606
0.0181042
0.000908994
ds271	-2.33319108
1.00794
0.0442077
-0.0153802
-0.000917846
1.00794
0.0555923
0.0183803
0.000917846
ds272	-2.33321102
1.00794
0.0450968
-0.015595
-0.000923316
1.00794
0.0547032
0.018595
0.000923316
ds273	-2.33321666
1.00794
0.045994
-0.0157805
-0.000927152
1.00794
0.053806
0.0187805
0.000927152
ds274	-2.33321680
1.00794
0.0468926
-0.0159605
-0.000930641
1.00794
0.0529074
0.0189605
0.000930641
ds275	-2.33321068
1.00794
0.0477925
-0.016134
-0.00093373
1.00794
0.0520075
0.019134
0.00093373
ds276	-2.33318973
1.00794
0.0486963
-0.0162754
-0.000935066
1.00794
0.0511037
0.0192754
0.000935066
ds277	-2.33316864
1.00794
0.0496044
-0.0163504
-0.000932858
1.00794
0.0501956
0.0193504
0.000932858
ds278	-2.33317238
1.00794
0.050514
-0.0163369
-0.000925975
1.00794
0.049286
0.0193369
0.000925975
ds279	-2.33319615
1.00794
0.051421
-0.0162384
-0.000914631
1.00794
0.048379
0.0192384
0.000914631
ds280	-2.33321348
1.00794
0.0523231
-0.016082
-0.000900246
1.00794
0.0474769
0.019082
0.000900246
ds281	-2.33321692
1.00794
0.0532219
-0.0159015
-0.000884578
1.00794
0.0465781
0.0189015
0.000884578
ds282	-2.33321612
1.00794
0.0541199
-0.0157173
-0.000868669
1.00794
0.0456801
0.0187173
0.000868669
ds283	-2.33320726
1.00794
0.0550157
-0.0155231
-0.000852203
1.00794
0.0447843
0.0185231
0.000852203
ds284	-2.33318478
1.00794
0.0559001
-0.0152912
-0.000833803
1.00794
0.0438999
0.0182912
0.000833803
ds285	-2.33316778
1.00794
0.0567602
-0.014991
-0.000811967
1.00794
0.0430398
0.017991
0.000811967
ds286	-2.33317706
1.00794
0.0575858
-0.014608
-0.000786002
1.00794
0.0422142
0.017608
0.000786002
ds287	-2.33320106
1.00794
0.0583765
-0.0141516
-0.000756411
1.00794
0.0414235
0.0171516
0.000756411
ds288	-2.33321470
1.00794
0.0591426
-0.01365
-0.000724593
1.00794
0.0406574
0.01665
0.000724593
ds289	-2.33321639
1.00794
0.059899
-0.0131327
-0.000691974
1.00794
0.039901
0.0161327
0.000691974
ds290	-2.33321501
1.00794
0.0606537
-0.0126128
-0.000659197
1.00794
0.0391463
0.0156128
0.000659197
ds291	-2.33320352
1.00794
0.0613995
-0.0120814
-0.000625839
1.00794
0.0384005
0.0150814
0.000625839
ds292	-2.33317991
1.00794
0.0621155
-0.0115147
-0.000590817
1.00794
0.0376845
0.0145147
0.000590817
ds293	-2.33316704
1.00794
0.0627784
-0.0108913
-0.000553186
1.00794
0.0370216
0.0138913
0.000553186
ds294	-2.33318091
1.00794
0.0633764
-0.0102056
-0.000512733
1.00794
0.0364236
0.0132056
0.000512733
ds295	-2.33320445
1.00794
0.0639166
-0.00946961
-0.000470048
1.00794
0.0358834
0.0124696
0.000470048
ds296	-2.33321547
1.00794
0.0644214
-0.0087059
-0.000426144
1.00794
0.0353786
0.0117059
0.000426144
ds297	-2.33321662
1.00794
0.0649146
-0.00793412
-0.000381875
1.00794
0.0348854
0.0109341
0.000381875
ds298	-2.33321447
1.00794
0.0654051
-0.00716062
-0.000337514
1.00794
0.0343949
0.0101606
0.000337514
ds299	-2.33320020
1.00794
0.0658786
-0.00637758
-0.000292759
1.00794
0.0339214
0.00937758
0.000292759
ds300	-2.33317640
1.00794
0.0663049
-0.00557129
-0.000247121
1.00794
0.0334951
0.00857129
0.000247121
ds301	-2.33316808
1.00794
0.0666562
-0.00473269
-0.000200337
1.00794
0.0331438
0.00773269
0.000200337
ds302	-2.33318572
1.00794
0.0669238
-0.00386294
-0.000152538
1.00794
0.0328763
0.00686294
0.000152538
ds303	-2.33320796
1.00794
0.0671231
-0.00297168
-0.000104118
1.00794
0.0326769
0.00597169
0.000104118
ds304	-2.33321637
1.00794
0.067285
-0.00207072
-5.5464e-05
1.00794
0.032515
0.00507072
5.5464e-05
ds305	-2.33321688
1.00794
0.067437
-0.00116772
-6.775e-06
1.00794
0.032363
0.00416772
6.775e-06
ds306	-2.33321317
1.00794
0.0675844
-0.00026374
4.193e-05
1.00794
0.0322156
0.00326374
-4.193e-05
ds307	-2.33319603
1.00794
0.0677066
0.000642702
9.0572e-05
1.00794
0.0320934
0.0023573
-9.0572e-05
ds308	-2.33317317
1.00794
0.0677702
0.00155195
0.000138909
1.00794
0.0320298
0.00144805
-0.000138909
ds309	-2.33316999
1.00794
0.0677491
0.00246094
0.000186577
1.00794
0.0320509
0.000539055
-0.000186577
ds310	-2.33319048
1.00794
0.0676405
0.00336551
0.000233332
1.00794
0.0321595
-0.000365507
-0.000233332
ds311	-2.33321063
1.00794
0.0674664
0.00426319
0.000279207
1.00794
0.0323336
-0.00126319
-0.000279207
ds312	-2.33321661
1.00794
0.06726
0.00515581
0.000324552
1.00794
0.03254
-0.00215581
-0.000324552
ds313	-2.33321658
1.00794
0.0670463
0.00604688
0.000369737
1.00794
0.0327537
-0.00304688
-0.000369737
ds314	-2.33321097
1.00794
0.0668257
0.00693636
0.000414762
1.00794
0.0329743
-0.00393636
-0.000414762
ds315	-2.33319150
1.00794
0.0665754
0.00781629
0.000459031
1.00794
0.0332246
-0.00481629
-0.000459031
ds316	-2.33317073
1.00794
0.0662646
0.0086733
0.000501604
1.00794
0.0335354
-0.0056733
-0.000501604
ds317	-2.33317273
1.00794
0.0658741
0.00949539
0.000541704
1.00794
0.0339259
-0.00649539
-0.000541704
ds318	-2.33319495
1.00794
0.0654075
0.0102796
0.0005792
1.00794
0.0343925
-0.00727962
-0.0005792
ds319	-2.33321238
1.00794
0.0648887
0.0110343
0.000614714
1.00794
0.0349113
-0.00803434
-0.000614714
ds320	-2.33321643
1.00794
0.0643474
0.0117748
0.00064927
1.00794
0.0354526
-0.00877475
-0.00064927
ds321	-2.33321600
1.00794
0.0638018
0.012512
0.00068359
1.00794
0.0359982
-0.00951203
-0.00068359
ds322	-2.33320813
1.00794
0.063248
0.0132432
0.000717484
1.00794
0.036552
-0.0102432
-0.000717484
ds323	-2.33318656
1.00794
0.0626659
0.0139494
0.000749813
1.00794
0.0371341
-0.0109494
-0.000749813
ds324	-2.33316863
1.00794
0.0620334
0.0146065
0.000779135
1.00794
0.0377666
-0.0116065
-0.000779135
ds325	-2.33317581
1.00794
0.0613407
0.0151985
0.000804543
1.00794
0.0384593
-0.0121985
-0.000804543
ds326	-2.33319903
1.00794
0.0605955
0.015728
0.00082623
1.00794
0.0392045
-0.012728
-0.00082623
ds327	-2.33321381
1.00794
0.0598182
0.0162148
0.000845396
1.00794
0.0399818
-0.0132148
-0.000845396
ds328	-2.33321663
1.00794
0.0590292
0.0166843
0.000863516
1.00794
0.0407708
-0.0136843
-0.000863516
ds329	-2.33321579
1.00794
0.058238
0.0171501
0.000881378
1.00794
0.041562
-0.0141501
-0.000881378
ds330	-2.33320517
1.00794
0.05744
0.0176034
0.000898483
1.00794
0.04236
-0.0146034
-0.000898483
ds331	-2.33318208
1.00794
0.0566232
0.0180164
0.000913295
1.00794
0.0431768
-0.0150164
-0.000913295
ds332	-2.33316796
1.00794
0.055778
0.0183595
0.000924183
1.00794
0.044022
-0.0153595
-0.000924183
ds333	-2.33318001
1.00794
0.0549035
0.0186185
0.000930414
1.00794
0.0448965
-0.0156185
-0.000930414
ds334	-2.33320342
1.00794
0.0540072
0.0188032
0.000932555
1.00794
0.0457928
-0.0158032
-0.000932555
ds335	-2.33321547
1.00794
0.0531
0.0189421
0.000932178
1.00794
0.0467
-0.0159421
-0.000932178
ds336	-2.33321688
1.00794
0.0521899
0.0190651
0.000930899
1.00794
0.0476101
-0.0160651
-0.000930899
ds337	-2.33321449
1.00794
0.0512794
0.0191842
0.000929355
1.00794
0.0485206
-0.0161842
-0.000929355
ds338	-2.33320066
1.00794
0.0503674
0.0192845
0.000926776
1.00794
0.0494326
-0.0162845
-0.000926776
ds339	-2.33317734
1.00794
0.0494541
0.0193338
0.000921491
1.00794
0.0503459
-0.0163338
-0.000921491
ds340	-2.33316841
1.00794
0.0485427
0.0193032
0.000912023
1.00794
0.0512573
-0.0163032
-0.000912023
ds341	-2.33318504
1.00794
0.0476381
0.019184
0.000897968
1.00794
0.0521619
-0.016184
-0.000897968
ds342	-2.33320719
1.00794
0.0467426
0.018993
0.000880218
1.00794
0.0530574
-0.015993
-0.000880218
ds343	-2.33321595
1.00794
0.0458543
0.0187623
0.000860416
1.00794
0.0539457
-0.0157623
-0.000860416
ds344	-2.33321641
1.00794
0.0449688
0.01852
0.000839984
1.00794
0.0548312
-0.01552
-0.000839984
ds345	-2.33321309
1.00794
0.0440846
0.0182723
0.000819242
1.00794
0.0557154
-0.0152723
-0.000819242
ds346	-2.33319716
1.00794
0.0432082
0.0180019
0.000797338
1.00794
0.0565918
-0.0150019
-0.000797338
ds347	-2.33317473
1.00794
0.0423533
0.0176785
0.00077283
1.00794
0.0574467
-0.0146785
-0.00077283
ds348	-2.33317028
1.00794
0.0415336
0.0172795
0.000744665
1.00794
0.0582664
-0.0142795
-0.000744665
ds349	-2.33318935
1.00794
0.0407547
0.0168032
0.000712801
1.00794
0.0590453
-0.0138032
-0.000712801
ds350	-2.33320936
1.00794
0.0400102
0.0162693
0.000678211
1.00794
0.0597898
-0.0132693
-0.000678211
ds351	-2.33321582
1.00794
0.039285
0.0157068
0.000642267
1.00794
0.060515
-0.0127068
-0.000642267
ds352	-2.33321603
1.00794
0.0385651
0.0151371
0.00060596
1.00794
0.0612349
-0.0121371
-0.00060596
ds353	-2.33321109
1.00794
0.0378497
0.0145617
0.00056936
1.00794
0.0619503
-0.0115617
-0.00056936
ds354	-2.33319257
1.00794
0.0371546
0.0139642
0.00053176
1.00794
0.0626454
-0.0109642
-0.00053176
ds355	-2.33317167
1.00794
0.0365046
0.0133225
0.000492243
1.00794
0.0632954
-0.0103225
-0.000492243
ds356	-2.33317233
1.00794
0.0359192
0.012624
0.000450325
1.00794
0.0638808
-0.00962398
-0.000450325
ds357	-2.33319381
1.00794
0.0354003
0.0118721
0.000406213
1.00794
0.0643997
-0.00887209
-0.000406213
ds358	-2.33321181
1.00794
0.0349314
0.0110845
0.000360677
1.00794
0.0648686
-0.0080845
-0.000360677
ds359	-2.33321648
1.00794
0.0344866
0.0102815
0.000314539
1.00794
0.0653134
-0.0072815
-0.000314539
ds360	-2.33321621
1.00794
0.0340475
0.00947519
0.000268262
1.00794
0.0657525
-0.00647518
-0.000268262
ds361	-2.33320895
1.00794
0.0336172
0.00866418
0.000221805
1.00794
0.0661828
-0.00566418
-0.000221805
ds362	-2.33318813
1.00794
0.0332202
0.00783857
0.000174881
1.00794
0.0665798
-0.00483857
-0.000174881
ds363	-2.33316979
1.00794
0.0328875
0.00698847
0.000127269
1.00794
0.0669125
-0.00398847
-0.000127269
ds364	-2.33317562
1.00794
0.0326384
0.00611142
7.9023e-05
1.00794
0.0671616
-0.00311142
-7.9023e-05
ds365	-2.33319848
1.00794
0.032469
0.0052128
3.0393e-05
1.00794
0.067331
-0.0022128
-3.0393e-05
ds366	-2.33321387
1.00794
0.0323537
0.00430263
-1.8334e-05
1.00794
0.0674463
-0.00130263
1.8334e-05
ds367	-2.33321677
1.00794
0.0322611
0.00338885
-6.7036e-05
1.00794
0.0675389
-0.000388847
6.7036e-05
ds368	-2.33321570
1.00794
0.0321736
0.00247454
-0.000115713
1.00794
0.0676264
0.000525456
0.000115713
ds369	-2.33320578
1.00794
0.0320997
0.00155951
-0.000164294
1.00794
0.0677003
0.00144049
0.000164294
ds370	-2.33318348
1.00794
0.0320686
0.000644336
-0.000212468
1.00794
0.0677314
0.00235566
0.000212468
ds371	-2.33316879
1.00794
0.0321115
-0.000267293
-0.000259744
1.00794
0.0676885
0.00326729
0.000259744
ds372	-2.33317951
1.00794
0.0322427
-0.00117019
-0.000305714
1.00794
0.0675573
0.00417019
0.000305714
ds373	-2.33320246
1.00794
0.0324515
-0.00206134
-0.000350319
1.00794
0.0673485
0.00506134
0.000350319
ds374	-2.33321493
1.00794
0.0327083
-0.00294267
-0.000393936
1.00794
0.0670917
0.00594267
0.000393936
ds375	-2.33321664
1.00794
0.0329826
-0.00381948
-0.000437126
1.00794
0.0668174
0.00681948
0.000437126
ds376	-2.33321484
1.00794
0.0332616
-0.00469478
-0.000480164
1.00794
0.0665384
0.00769478
0.000480164
ds377	-2.33320229
1.00794
0.0335573
-0.00556385
-0.000522688
1.00794
0.0662427
0.00856385
0.000522688
ds378	-2.33317935
1.00794
0.0338982
-0.00641343
-0.000563735
1.00794
0.0659018
0.00941343
0.000563735
ds379	-2.33316874
1.00794
0.0343094
-0.0072282
-0.000602269
1.00794
0.0654906
0.0102282
0.000602269
ds380	-2.33318348
1.00794
0.0347979
-0.0079997
-0.00063778
1.00794
0.0650021
0.0109997
0.00063778
ds381	-2.33320570
1.00794
0.035349
-0.00873183
-0.000670611
1.00794
0.064451
0.0117318
0.000670611
ds382	-2.33321551
1.00794
0.0359349
-0.00943946
-0.000701797
1.00794
0.0638651
0.0124395
0.000701797
ds383	-2.33321646
1.00794
0.0365315
-0.0101387
-0.000732403
1.00794
0.0632685
0.0131387
0.000732403
ds384	-2.33321341
1.00794
0.0371322
-0.0108344
-0.000762739
1.00794
0.0626678
0.0138344
0.000762739
ds385	-2.33319803
1.00794
0.0377496
-0.0115139
-0.000792031
1.00794
0.0620504
0.0145139
0.000792031
ds386	-2.33317529
1.00794
0.0384047
-0.012153
-0.000818816
1.00794
0.0613953
0.015153
0.000818816
ds387	-2.33316941
1.00794
0.0391126
-0.0127293
-0.000841789
1.00794
0.0606874
0.0157293
0.000841789
ds388	-2.33318772
1.00794
0.0398735
-0.013236
-0.000860598
1.00794
0.0599265
0.016236
0.000860598
ds389	-2.33320866
1.00794
0.0406731
-0.0136861
-0.000876051
1.00794
0.0591269
0.0166861
0.000876051
ds390	-2.33321633
1.00794
0.0414917
-0.014105
-0.000889652
1.00794
0.0583083
0.017105
0.000889652
ds391	-2.33321671
1.00794
0.0423153
-0.0145146
-0.000902675
1.00794
0.0574847
0.0175146
0.000902675
ds392	-2.33321194
1.00794
0.0431421
-0.0149179
-0.000915285
1.00794
0.0566579
0.0179179
0.000915285
ds393	-2.33319394
1.00794
0.0439798
-0.0152947
-0.000926372
1.00794
0.0558202
0.0182947
0.000926372
ds394	-2.33317262
1.00794
0.0448378
-0.0156139
-0.000934228
1.00794
0.0549622
0.0186139
0.000934228
ds395	-2.33317206
1.00794
0.0457199
-0.0158516
-0.000937583
1.00794
0.0540801
0.0188516
0.000937583
ds396	-2.33319293
1.00794
0.0466223
-0.0160061
-0.000936393
1.00794
0.0531777
0.0190061
0.000936393
ds397	-2.33321142
1.00794
0.0475364
-0.0160987
-0.000931836
1.00794
0.0522636
0.0190987
0.000931836
ds398	-2.33321630
1.00794
0.0484545
-0.016161
-0.000925624
1.00794
0.0513455
0.019161
0.000925624
ds399	-2.33321575
1.00794
0.0493731
-0.0162156
-0.000918953
1.00794
0.0504269
0.0192156
0.000918953
ds400	-2.33320904
1.00794
0.0502923
-0.0162604
-0.000911725
1.00794
0.0495077
0.0192604
0.000911725
ds401	-2.33318934
1.00794
0.0512107
-0.0162704
-0.000902662
1.00794
0.0485893
0.0192704
0.000902662
ds402	-2.33317087
1.00794
0.0521242
-0.0162135
-0.000890148
1.00794
0.0476758
0.0192135
0.000890148
ds403	-2.33317526
1.00794
0.0530269
-0.0160705
-0.000873252
1.00794
0.0467731
0.0190705
0.000873252
ds404	-2.33319719
1.00794
0.0539154
-0.0158457
-0.000852243
1.00794
0.0458846
0.0188457
0.000852243
ds405	-2.33321288
1.00794
0.054791
-0.0155655
-0.000828462
1.00794
0.045009
0.0185655
0.000828462
ds406	-2.33321636
1.00794
0.0556597
-0.0152615
-0.000803476
1.00794
0.0441403
0.0182615
0.000803476
ds407	-2.33321578
1.00794
0.0565264
-0.0149516
-0.00077816
1.00794
0.0432736
0.0179516
0.00077816
ds408	-2.33320683
1.00794
0.0573884
-0.0146293
-0.000752212
1.00794
0.0424116
0.0176293
0.000752212
ds409	-2.33318512
1.00794
0.0582331
-0.0142696
-0.000724472
1.00794
0.0415669
0.0172696
0.000724472
ds410	-2.33316939
1.00794
0.0590439
-0.0138457
-0.00069374
1.00794
0.0407561
0.0168457
0.00069374
ds411	-2.33317855
1.00794
0.0598093
-0.0133459
-0.000659536
1.00794
0.0399907
0.0163459
0.000659536
ds412	-2.33320101
1.00794
0.0605308
-0.0127805
-0.000622373
1.00794
0.0392692
0.0157805
0.000622373
ds413	-2.33321408
1.00794
0.0612222
-0.0121746
-0.000583411
1.00794
0.0385778
0.0151746
0.000583411
ds414	-2.33321630
1.00794
0.0619012
-0.0115537
-0.000543775
1.00794
0.0378988
0.0145537
0.000543775
ds415	-2.33321478
1.00794
0.0625765
-0.0109287
-0.000503931
1.00794
0.0372235
0.0139287
0.000503931
ds416	-2.33320287
1.00794
0.0632392
-0.0102915
-0.000463557
1.00794
0.0365608
0.0132915
0.000463557
ds417	-2.33318027
1.00794
0.063866
-0.0096224
-0.000421902
1.00794
0.035934
0.0126224
0.000421902
ds418	-2.33316901
1.00794
0.0644322
-0.00890508
-0.000378389
1.00794
0.0353678
0.0119051
0.000378389
ds419	-2.33318287
1.00794
0.0649266
-0.00813635
-0.000332982
1.00794
0.0348734
0.0111363
0.000332982
ds420	-2.33320506
1.00794
0.0653582
-0.00732737
-0.000286163
1.00794
0.0344418
0.0103274
0.000286163
ds421	-2.33321546
1.00794
0.0657515
-0.00649652
-0.000238617
1.00794
0.0340485
0.00949652
0.000238617
ds422	-2.33321664
1.00794
0.0661314
-0.00565886
-0.000190852
1.00794
0.0336687
0.00865886
0.000190852
ds423	-2.33321384
1.00794
0.0665057
-0.00481879
-0.00014301
1.00794
0.0332943
0.00781879
0.00014301
ds424	-2.33319921
1.00794
0.0668591
-0.00397076
-9.4978e-05
1.00794
0.0329409
0.00697076
9.4978e-05
ds425	-2.33317683
1.00794
0.067161
-0.0031061
-4.6651e-05
1.00794
0.032639
0.0061061
4.6651e-05
ds426	-2.33317020
1.00794
0.0673844
-0.00222048
1.891e-06
1.00794
0.0324156
0.00522048
-1.891e-06
ds427	-2.33318751
1.00794
0.0675223
-0.00131639
5.0438e-05
1.00794
0.0322777
0.00431639
-5.0438e-05
ds428	-2.33320827
1.00794
0.0675912
-0.000401281
9.8784e-05
1.00794
0.0322088
0.00340128
-9.8784e-05
ds429	-2.33321600
1.00794
0.0676224
0.000517868
0.000146912
1.00794
0.0321776
0.00248213
-0.000146912
ds430	-2.33321643
1.00794
0.0676421
0.00143763
0.000194934
1.00794
0.0321579
0.00156237
-0.000194934
ds431	-2.33321215
1.00794
0.0676543
0.00235766
0.000242874
1.00794
0.0321457
0.000642338
-0.000242874
ds432	-2.33319509
1.00794
0.0676388
0.00327636
0.000290417
1.00794
0.0321612
-0.000276362
-0.000290417
ds433	-2.33317387
1.00794
0.0675634
0.00418908
0.000336959
1.00794
0.0322366
-0.00118908
-0.000336959
ds434	-2.33317214
1.00794
0.0674046
0.00508909
0.000381886
1.00794
0.0323954
-0.00208909
-0.000381886
ds435	-2.33319196
1.00794
0.0671617
0.00597211
0.000424967
1.00794
0.0326383
-0.00297211
-0.000424967
ds436	-2.33321061
1.00794
0.0668569
0.00683908
0.000466495
1.00794
0.0329431
-0.00383908
-0.000466495
ds437	-2.33321628
1.00794
0.0665215
0.00769639
0.000507149
1.00794
0.0332785
-0.00469639
-0.000507149
ds438	-2.33321619
1.00794
0.0661777
0.00855058
0.000547514
1.00794
0.0336223
-0.00555058
-0.000547514
ds439	-2.33320987
1.00794
0.0658246
0.00940104
0.000587549
1.00794
0.0339754
-0.00640104
-0.000587549
ds440	-2.33319044
1.00794
0.0654412
0.0102364
0.000626425
1.00794
0.0343588
-0.00723642
-0.000626425
ds441	-2.33317136
1.00794
0.0650003
0.0110395
0.000662948
1.00794
0.0347997
-0.00803949
-0.000662948
ds442	-2.33317468
1.00794
0.0644865
0.0117965
0.00069623
1.00794
0.0353135
-0.00879648
-0.00069623
ds443	-2.33319622
1.00794
0.0639047
0.0125058
0.000726243
1.00794
0.0358953
-0.0095058
-0.000726243
ds444	-2.33321246
1.00794
0.0632774
0.0131793
0.000753849
1.00794
0.0365226
-0.0101793
-0.000753849
ds445	-2.33321625
1.00794
0.0626301
0.0138354
0.000780289
1.00794
0.0371699
-0.0108354
-0.000780289
ds446	-2.33321537
1.00794
0.0619778
0.0144865
0.000806366
1.00794
0.0378222
-0.0114865
-0.000806366
ds447	-2.33320646
1.00794
0.0613162
0.0151281
0.0008318
1.00794
0.0384838
-0.0121281
-0.0008318
ds448	-2.33318529
1.00794
0.0606288
0.0157387
0.000855294
1.00794
0.0391712
-0.0127387
-0.000855294
ds449	-2.33316966
1.00794
0.0598983
0.0162923
0.000875317
1.00794
0.0399017
-0.0132923
-0.000875317
ds450	-2.33317844
1.00794
0.0591188
0.0167732
0.000890992
1.00794
0.0406812
-0.0137732
-0.000890992
ds451	-2.33320100
1.00794
0.0582979
0.0171862
0.000902655
1.00794
0.0415021
-0.0141862
-0.000902655
ds452	-2.33321442
1.00794
0.0574527
0.0175539
0.000911657
1.00794
0.0423473
-0.0145539
-0.000911657
ds453	-2.33321656
1.00794
0.0565987
0.0179028
0.000919538
1.00794
0.0432013
-0.0149028
-0.000919538
ds454	-2.33321471
1.00794
0.0557423
0.0182459
0.000927045
1.00794
0.0440577
-0.0152459
-0.000927045
ds455	-2.33320313
1.00794
0.0548803
0.0185725
0.000933586
1.00794
0.0449197
-0.0155725
-0.000933586
ds456	-2.33318123
1.00794
0.0540049
0.0188537
0.000937597
1.00794
0.0457951
-0.0158537
-0.000937597
ds457	-2.33316983
1.00794
0.053112
0.0190606
0.000937538
1.00794
0.046688
-0.0160606
-0.000937538
ds458	-2.33318276
1.00794
0.0522032
0.0191811
0.000932817
1.00794
0.0475968
-0.0161811
-0.000932817
ds459	-2.33320434
1.00794
0.0512847
0.0192273
0.00092412
1.00794
0.0485153
-0.0162273
-0.00092412
ds460	-2.33321472
1.00794
0.0503628
0.0192284
0.000913023
1.00794
0.0494372
-0.0162284
-0.000913023
ds461	-2.33321606
1.00794
0.0494406
0.0192132
0.000901039
1.00794
0.0503594
-0.0162132
-0.000901039
ds462	-2.33321371
1.00794
0.0485184
0.0191914
0.000888667
1.00794
0.0512816
-0.0161914
-0.000888667
ds463	-2.33319991
1.00794
0.0475979
0.0191475
0.000875134
1.00794
0.0522021
-0.0161475
-0.000875134
ds464	-2.33317784
1.00794
0.0466843
0.0190508
0.00085893
1.00794
0.0531157
-0.0160508
-0.00085893
ds465	-2.33317035
1.00794
0.0457852
0.0188751
0.000838813
1.00794
0.0540148
-0.0158751
-0.000838813
ds466	-2.33318668
1.00794
0.0449063
0.0186145
0.000814548
1.00794
0.0548937
-0.0156145
-0.000814548
ds467	-2.33320746
1.00794
0.044047
0.0182866
0.000787034
1.00794
0.055753
-0.0152866
-0.000787034
ds468	-2.33321590
1.00794
0.0432005
0.0179218
0.000757746
1.00794
0.0565995
-0.0149218
-0.000757746
ds469	-2.33321670
1.00794
0.0423587
0.0175454
0.000727875
1.00794
0.0574413
-0.0145454
-0.000727875
ds470	-2.33321250
1.00794
0.0415201
0.0171616
0.000697623
1.00794
0.0582799
-0.0141616
-0.000697623
ds471	-2.33319555
1.00794
0.0406946
0.0167536
0.000666247
1.00794
0.0591054
-0.0137536
-0.000666247
ds472	-2.33317415
1.00794
0.0398997
0.0162948
0.000632612
1.00794
0.0599003
-0.0132948
-0.000632612
ds473	-2.33317163
1.00794
0.0391516
0.0157669
0.000595985
1.00794
0.0606484
-0.0127669
-0.000595985
ds474	-2.33319093
1.00794
0.0384548
0.0151705
0.000556455
1.00794
0.0613452
-0.0121705
-0.000556455
ds475	-2.33320990
1.00794
0.0377994
0.0145246
0.000514873
1.00794
0.0620006
-0.0115246
-0.000514873
ds476	-2.33321604
1.00794
0.0371667
0.0138542
0.000472295
1.00794
0.0626333
-0.0108542
-0.000472295
ds477	-2.33321609
1.00794
0.0365412
0.0131769
0.000429416
1.00794
0.0632588
-0.0101769
-0.000429416
ds478	-2.33321000
1.00794
0.0359232
0.0124926
0.000386251
1.00794
0.0638768
-0.00949259
-0.000386251
ds479	-2.33319113
1.00794
0.0353316
0.0117876
0.000342334
1.00794
0.0644684
-0.00878765
-0.000342334
ds480	-2.33317213
1.00794
0.034793
0.0110452
0.000297147
1.00794
0.065007
-0.00804522
-0.000297147
ds481	-2.33317479
1.00794
0.0343269
0.010257
0.000250517
1.00794
0.0654731
-0.00725703
-0.000250517
ds482	-2.33319583
1.00794
0.033933
0.0094279
0.000202694
1.00794
0.065867
-0.0064279
-0.000202694
ds483	-2.33321229
1.00794
0.0335919
0.00857257
0.000154187
1.00794
0.0662081
-0.00557257
-0.000154187
ds484	-2.33321642
1.00794
0.0332761
0.00770625
0.000105431
1.00794
0.0665239
-0.00470625
-0.000105431
ds485	-2.33321578
1.00794
0.0329681
0.00683706
5.6618e-05
1.00794
0.0668319
-0.00383706
-5.6618e-05
ds486	-2.33320745
1.00794
0.0326727
0.00596363
7.746e-06
1.00794
0.0671273
-0.00296363
-7.746e-06
ds487	-2.33318692
1.00794
0.0324157
0.00508022
-4.1143e-05
1.00794
0.0673843
-0.00208023
4.1143e-05
ds488	-2.33317087
1.00794
0.0322278
0.00418268
-8.9868e-05
1.00794
0.0675722
-0.00118268
8.9868e-05
ds489	-2.33317831
1.00794
0.032126
0.00327209
-0.000138145
1.00794
0.067674
-0.00027209
0.000138145
ds490	-2.33320003
1.00794
0.0321037
0.00235335
-0.000185808
1.00794
0.0676963
0.000646646
0.000185808
ds491	-2.33321378
1.00794
0.032134
0.00143211
-0.000232909
1.00794
0.067666
0.00156789
0.000232909
ds492	-2.33321647
1.00794
0.0321866
0.000510959
-0.000279702
1.00794
0.0676134
0.00248904
0.000279702
ds493	-2.33321510
1.00794
0.0322464
-0.000409809
-0.000326361
1.00794
0.0675536
0.00340981
0.000326361
ds494	-2.33320420
1.00794
0.0323233
-0.00132874
-0.000372681
1.00794
0.0674767
0.00432874
0.000372681
ds495	-2.33318250
1.00794
0.0324459
-0.00224033
-0.000418008
1.00794
0.0673541
0.00524033
0.000418008
ds496	-2.33317019
1.00794
0.0326421
-0.00313612
-0.000461543
1.00794
0.0671579
0.00613612
0.000461543
ds497	-2.33318198
1.00794
0.0329227
-0.00400926
-0.000502791
1.00794
0.0668773
0.00700926
0.000502791
ds498	-2.33320367
1.00794
0.0332752
-0.00485897
-0.000541873
1.00794
0.0665248
0.00785898
0.000541873
ds499	-2.33321488
1.00794
0.0336713
-0.00569202
-0.0005795
1.00794
0.0661287
0.00869202
0.0005795
ds500	-2.33321644
1.00794
0.0340837
-0.00651787
-0.00061651
1.00794
0.0657163
0.00951787
0.00061651
ds501	-2.33321381
1.00794
0.0345024
-0.00734044
-0.000653231
1.00794
0.0652976
0.0103404
0.000653231
ds502	-2.33320013
1.00794
0.03494
-0.00815219
-0.000689115
1.00794
0.06486
0.0111522
0.000689115
ds503	-2.33317832
1.00794
0.0354215
-0.00893557
-0.000722933
1.00794
0.0643785
0.0119356
0.000722933
ds504	-2.33317050
1.00794
0.0359675
-0.00967256
-0.000753495
1.00794
0.0638325
0.0126726
0.000753495
ds505	-2.33318620
1.00794
0.0365812
-0.0103552
-0.000780345
1.00794
0.0632188
0.0133552
0.000780345
ds506	-2.33320680
1.00794
0.0372479
-0.0109907
-0.00080405
1.00794
0.0625521
0.0139907
0.00080405
ds507	-2.33321525
1.00794
0.0379431
-0.0115979
-0.000825886
1.00794
0.0618569
0.0145979
0.000825886
ds508	-2.33321584
1.00794
0.0386477
-0.0121949
-0.000847027
1.00794
0.0611523
0.0151949
0.000847027
ds509	-2.33321187
1.00794
0.0393579
-0.0127855
-0.000867723
1.00794
0.0604421
0.0157855
0.000867723
ds510	-2.33319608
1.00794
0.0400841
-0.0133542
-0.000887041
1.00794
0.0597159
0.0163542
0.000887041
ds511	-2.33317552
1.00794
0.0408425
-0.0138745
-0.000903417
1.00794
0.0589575
0.0168745
0.000903417
ds512	-2.33317256
1.00794
0.0416426
-0.0143238
-0.000915575
1.00794
0.0581574
0.0173238
0.000915575
ds513	-2.33319086
1.00794
0.0424824
-0.0146976
-0.000923312
1.00794
0.0573176
0.0176976
0.000923312
ds514	-2.33320950
1.00794
0.0433494
-0.015012
-0.000927603
1.00794
0.0564506
0.018012
0.000927603
ds515	-2.33321575
1.00794
0.0442293
-0.015294
-0.00093003
1.00794
0.0555707
0.018294
0.00093003
ds516	-2.33321591
1.00794
0.0451127
-0.0155653
-0.000931806
1.00794
0.0546873
0.0185653
0.000931806
ds517	-2.33321048
1.00794
0.0459993
-0.0158264
-0.000932976
1.00794
0.0538007
0.0188264
0.000932976
ds518	-2.33319257
1.00794
0.046893
-0.0160557
-0.000932382
1.00794
0.052907
0.0190557
0.000932382
ds519	-2.33317339
1.00794
0.0477975
-0.0162223
-0.000928407
1.00794
0.0520025
0.0192223
0.000928407
ds520	-2.33317447
1.00794
0.0487119
-0.0163051
-0.000919984
1.00794
0.0510881
0.0193051
0.000919984
ds521	-2.33319439
1.00794
0.049632
-0.0163049
-0.000907224
1.00794
0.050168
0.0193049
0.000907224
ds522	-2.33321123
1.00794
0.050553
-0.0162448
-0.000891356
1.00794
0.049247
0.0192448
0.000891356
ds523	-2.33321622
1.00794
0.051473
-0.0161553
-0.000873969
1.00794
0.048327
0.0191553
0.000873969
ds524	-2.33321598
1.00794
0.0523922
-0.0160565
-0.000856067
1.00794
0.0474078
0.0190565
0.000856067
ds525	-2.33320809
1.00794
0.0533098
-0.0159444
-0.000837467
1.00794
0.0464902
0.0189444
0.000837467
ds526	-2.33318792
1.00794
0.0542199
-0.0157946
-0.000817002
1.00794
0.0455801
0.0187946
0.000817002
ds527	-2.33317136
1.00794
0.0551133
-0.0155778
-0.000793329
1.00794
0.0446867
0.0185778
0.000793329
ds528	-2.33317776
1.00794
0.0559815
-0.0152785
-0.00076578
1.00794
0.0438185
0.0182785
0.00076578
ds529	-2.33319929
1.00794
0.0568226
-0.0149039
-0.000734741
1.00794
0.0429774
0.0179039
0.000734741
ds530	-2.33321365
1.00794
0.0576428
-0.0144796
-0.000701431
1.00794
0.0421572
0.0174796
0.000701431
ds531	-2.33321660
1.00794
0.0584526
-0.0140336
-0.000667129
1.00794
0.0413474
0.0170336
0.000667129
ds532	-2.33321495
1.00794
0.0592583
-0.0135805
-0.000632477
1.00794
0.0405417
0.0165805
0.000632477
ds533	-2.33320429
1.00794
0.0600549
-0.0131127
-0.000597171
1.00794
0.0397451
0.0161127
0.000597171
ds534	-2.33318322
1.00794
0.0608258
-0.012608
-0.000560319
1.00794
0.0389742
0.015608
0.000560319
ds535	-2.33317060
1.00794
0.0615515
-0.0120449
-0.000521115
1.00794
0.0382485
0.0150449
0.000521115
ds536	-2.33318135
1.00794
0.0622209
-0.0114162
-0.000479354
1.00794
0.0375791
0.0144162
0.000479354
ds537	-2.33320268
1.00794
0.0628377
-0.0107324
-0.000435518
1.00794
0.0369623
0.0137324
0.000435518
ds538	-2.33321441
1.00794
0.0634195
-0.0100156
-0.000390473
1.00794
0.0363805
0.0130156
0.000390473
ds539	-2.33321628
1.00794
0.0639863
-0.00928594
-0.00034497
1.00794
0.0358137
0.0122859
0.00034497
ds540	-2.33321394
1.00794
0.0645465
-0.00855129
-0.000299284
1.00794
0.0352535
0.0115513
0.000299284
ds541	-2.33320122
1.00794
0.0650892
-0.00780457
-0.000253219
1.00794
0.0347108
0.0108046
0.000253219
ds542	-2.33318005
1.00794
0.0655885
-0.0070313
-0.000206415
1.00794
0.0342115
0.0100313
0.000206415
ds543	-2.33317132
1.00794
0.0660195
-0.00622087
-0.000158699
1.00794
0.0337805
0.00922087
0.000158699
ds544	-2.33318562
1.00794
0.0663726
-0.0053731
-0.000110204
1.00794
0.0334274
0.0083731
0.000110204
ds545	-2.33320610
1.00794
0.0666595
-0.00449769
-6.1259e-05
1.00794
0.0331405
0.00749769
6.1259e-05
ds546	-2.33321538
1.00794
0.0669065
-0.00360803
-1.2164e-05
1.00794
0.0328935
0.00660803
1.2164e-05
ds547	-2.33321644
1.00794
0.0671384
-0.00271383
3.6942e-05
1.00794
0.0326616
0.00571383
-3.6942e-05
ds548	-2.33321291
1.00794
0.0673615
-0.00181721
8.604e-05
1.00794
0.0324385
0.00481721
-8.604e-05
ds549	-2.33319781
1.00794
0.0675587
-0.000915718
0.000135002
1.00794
0.0322413
0.00391572
-0.000135002
ds550	-2.33317702
1.00794
0.0677001
-6.589e-06
0.000183528
1.00794
0.0320999
0.00300659
-0.000183528
ds551	-2.33317234
1.00794
0.0677609
0.000909362
0.000231211
1.00794
0.0320391
0.00209064
-0.000231211
ds552	-2.33318944
1.00794
0.0677365
0.00182835
0.000277786
1.00794
0.0320635
0.00117165
-0.000277786
ds553	-2.33320863
1.00794
0.067645
0.00274611
0.000323299
1.00794
0.032155
0.000253893
-0.000323299
ds554	-2.33321591
1.00794
0.0675168
0.00366129
0.000368119
1.00794
0.0322832
-0.000661294
-0.000368119
ds555	-2.33321629
1.00794
0.0673755
0.00457491
0.000412642
1.00794
0.0324245
-0.00157491
-0.000412642
ds556	-2.33321104
1.00794
0.0672236
0.00548689
0.000456898
1.00794
0.0325764
-0.00248688
-0.000456898
ds557	-2.33319373
1.00794
0.0670414
0.00639185
0.000500322
1.00794
0.0327586
-0.00339185
-0.000500322
ds558	-2.33317437
1.00794
0.0667996
0.00727985
0.000541978
1.00794
0.0330004
-0.00427985
-0.000541978
ds559	-2.33317433
1.00794
0.066479
0.00814084
0.000581068
1.00794
0.033321
-0.00514084
-0.000581068
ds560	-2.33319360
1.00794
0.0660807
0.00897102
0.000617414
1.00794
0.0337193
-0.00597102
-0.000617414
ds561	-2.33321078
1.00794
0.0656264
0.00977533
0.000651585
1.00794
0.0341736
-0.00677534
-0.000651585
ds562	-2.33321595
1.00794
0.0651442
0.010565
0.00068456
1.00794
0.0346558
-0.00756497
-0.00068456
ds563	-2.33321555
1.00794
0.0646527
0.0113491
0.000717078
1.00794
0.0351473
-0.00834906
-0.000717078
ds564	-2.33320840
1.00794
0.0641502
0.012126
0.00074903
1.00794
0.0356498
-0.00912603
-0.00074903
ds565	-2.33318940
1.00794
0.063618
0.0128809
0.000779384
1.00794
0.036182
-0.00988093
-0.000779384
ds566	-2.33317241
1.00794
0.0630343
0.0135931
0.000806762
1.00794
0.0367657
-0.0105931
-0.000806762
ds567	-2.33317681
1.00794
0.062388
0.0142476
0.000830249
1.00794
0.037412
-0.0112476
-0.000830249
ds568	-2.33319721
1.00794
0.0616849
0.0148445
0.000849932
1.00794
0.0381151
-0.0118445
-0.000849932
ds569	-2.33321207
1.00794
0.0609447
0.0153993
0.00086688
1.00794
0.0388553
-0.0123993
-0.00086688
ds570	-2.33321577
1.00794
0.060188
0.0159334
0.000882494
1.00794
0.039612
-0.0129334
-0.000882494
ds571	-2.33321494
1.00794
0.0594259
0.01646
0.000897597
1.00794
0.0403741
-0.01346
-0.000897597
ds572	-2.33320583
1.00794
0.0586548
0.0169729
0.000911828
1.00794
0.0411452
-0.0139729
-0.000911828
ds573	-2.33318558
1.00794
0.0578626
0.0174486
0.000923809
1.00794
0.0419374
-0.0144486
-0.000923809
ds574	-2.33317158
1.00794
0.0570382
0.0178598
0.00093201
1.00794
0.0427618
-0.0148598
-0.00093201
ds575	-2.33318018
1.00794
0.0561794
0.0181923
0.00093567
1.00794
0.0436206
-0.0151923
-0.00093567
ds576	-2.33320107
1.00794
0.0552935
0.0184523
0.000935217
1.00794
0.0445065
-0.0154523
-0.000935217
ds577	-2.33321384
1.00794
0.0543922
0.0186641
0.000932055
1.00794
0.0454078
-0.0156641
-0.000932055
ds578	-2.33321649
1.00794
0.0534854
0.018855
0.000927701
1.00794
0.0463146
-0.015855
-0.000927701
ds579	-2.33321463
1.00794
0.0525767
0.0190371
0.000922832
1.00794
0.0472233
-0.0160371
-0.000922832
ds580	-2.33320260
1.00794
0.051665
0.0191994
0.000916866
1.00794
0.048135
-0.0161994
-0.000916866
ds581	-2.33318118
1.00794
0.0507486
0.0193134
0.000908344
1.00794
0.0490514
-0.0163134
-0.000908344
ds582	-2.33317074
1.00794
0.0498286
0.0193513
0.000895895
1.00794
0.0499714
-0.0163513
-0.000895895
ds583	-2.33318373
1.00794
0.0489089
0.019303
0.000879067
1.00794
0.0508911
-0.016303
-0.000879067
ds584	-2.33320480
1.00794
0.0479932
0.0191814
0.000858574
1.00794
0.0518068
-0.0161814
-0.000858574
ds585	-2.33321521
1.00794
0.0470823
0.0190153
0.000835869
1.00794
0.0527177
-0.0160153
-0.000835869
ds586	-2.33321643
1.00794
0.0461742
0.0188317
0.00081228
1.00794
0.0536258
-0.0158317
-0.00081228
ds587	-2.33321303
1.00794
0.0452681
0.0186391
0.000788221
1.00794
0.0545319
-0.0156391
-0.000788221
ds588	-2.33319882
1.00794
0.0443685
0.0184228
0.000763025
1.00794
0.0554315
-0.0154228
-0.000763025
ds589	-2.33317819
1.00794
0.0434856
0.0181549
0.000735459
1.00794
0.0563144
-0.0151549
-0.000735459
ds590	-2.33317228
1.00794
0.0426314
0.0178127
0.000704568
1.00794
0.0571686
-0.0148127
-0.000704568
ds591	-2.33318827
1.00794
0.0418117
0.0173922
0.000670248
1.00794
0.0579883
-0.0143922
-0.000670248
ds592	-2.33320766
1.00794
0.0410233
0.0169104
0.0006333
1.00794
0.0587767
-0.0139104
-0.0006333
ds593	-2.33321535
1.00794
0.0402545
0.0163946
0.000594914
1.00794
0.0595455
-0.0133946
-0.000594914
ds594	-2.33321572
1.00794
0.0394936
0.0158666
0.000556005
1.00794
0.0603064
-0.0128666
-0.000556005
ds595	-2.33321113
1.00794
0.0387388
0.01533
0.000516722
1.00794
0.0610612
-0.01233
-0.000516722
ds596	-2.33319503
1.00794
0.0380026
0.0147703
0.000476546
1.00794
0.0617974
-0.0117703
-0.000476546
ds597	-2.33317550
1.00794
0.0373062
0.0141662
0.000434745
1.00794
0.0624938
-0.0111662
-0.000434745
ds598	-2.33317364
1.00794
0.0366677
0.0135038
0.000390915
1.00794
0.0631323
-0.0105038
-0.000390915
ds599	-2.33319181
1.00794
0.0360913
0.0127848
0.000345208
1.00794
0.0637087
-0.00978477
-0.000345208
ds600	-2.33320970
1.00794
0.0355645
0.0120252
0.000298239
1.00794
0.0642355
-0.00902524
-0.000298239
ds601	-2.33321579
1.00794
0.0350652
0.0112455
0.000250678
1.00794
0.0647348
-0.00824551
-0.000250678
ds602	-2.33321580
1.00794
0.0345761
0.010459
0.000202928
1.00794
0.0652239
-0.00745903
-0.000202928
ds603	-2.33320958
1.00794
0.0340979
0.00966597
0.000155007
1.00794
0.0657021
-0.00666597
-0.000155007
ds604	-2.33319144
1.00794
0.0336505
0.00885696
0.000106774
1.00794
0.0661495
-0.00585696
-0.000106774
ds605	-2.33317357
1.00794
0.0332621
0.00802121
5.8145e-05
1.00794
0.0665379
-0.00502121
-5.8145e-05
ds606	-2.33317597
1.00794
0.0329521
0.00715475
9.238e-06
1.00794
0.0668479
-0.00415475
-9.238e-06
ds607	-2.33319590
1.00794
0.0327198
0.00626205
-3.9727e-05
1.00794
0.0670802
-0.00326205
3.9727e-05
ds608	-2.33321194
1.00794
0.0325443
0.0053536
-8.8558e-05
1.00794
0.0672557
-0.0023536
8.8558e-05
ds609	-2.33321635
1.00794
0.0323971
0.00443886
-0.000137238
1.00794
0.0674029
-0.00143886
0.000137238
ds610	-2.33321553
1.00794
0.0322602
0.00352239
-0.000185828
1.00794
0.0675398
-0.000522394
0.000185828
ds611	-2.33320698
1.00794
0.0321384
0.00260397
-0.000234258
1.00794
0.0676616
0.000396031
0.000234258
ds612	-2.33318715
1.00794
0.032057
0.00168305
-0.000282138
1.00794
0.067743
0.00131695
0.000282138
ds613	-2.33317195
1.00794
0.0320455
0.000761418
-0.000328894
1.00794
0.0677545
0.00223858
0.000328894
ds614	-2.33317902
1.00794
0.0321196
-0.000156693
-0.00037405
1.00794
0.0676804
0.00315669
0.00037405
ds615	-2.33319995
1.00794
0.0322726
-0.00106749
-0.000417524
1.00794
0.0675274
0.00406749
0.000417524
ds616	-2.33321354
1.00794
0.032478
-0.00197064
-0.000459725
1.00794
0.067322
0.00497064
0.000459725
ds617	-2.33321633
1.00794
0.0327069
-0.00286912
-0.000501278
1.00794
0.0670931
0.00586912
0.000501278
ds618	-2.33321462
1.00794
0.0329448
-0.00376527
-0.000542533
1.00794
0.0668552
0.00676527
0.000542533
ds619	-2.33320378
1.00794
0.0332007
-0.00465581
-0.000583176
1.00794
0.0665993
0.00765581
0.000583176
ds620	-2.33318306
1.00794
0.0335003
-0.00553029
-0.000622259
1.00794
0.0662997
0.00853029
0.000622259
ds621	-2.33317132
1.00794
0.0338683
-0.00637541
-0.000658706
1.00794
0.0659317
0.00937541
0.000658706
ds622	-2.33318239
1.00794
0.0343137
-0.00718255
-0.000691935
1.00794
0.0654863
0.0101825
0.000691935
ds623	-2.33320308
1.00794
0.0348245
-0.00795319
-0.000722216
1.00794
0.0649755
0.0109532
0.000722216
ds624	-2.33321427
1.00794
0.0353755
-0.00869864
-0.000750531
1.00794
0.0644245
0.0116986
0.000750531
ds625	-2.33321608
1.00794
0.0359426
-0.00943277
-0.000777971
1.00794
0.0638574
0.0124328
0.000777971
ds626	-2.33321344
1.00794
0.0365171
-0.0101611
-0.000804955
1.00794
0.0632829
0.0131611
0.000804955
ds627	-2.33320021
1.00794
0.0371088
-0.0108745
-0.000830856
1.00794
0.0626912
0.0138745
0.000830856
ds628	-2.33317917
1.00794
0.0377379
-0.0115516
-0.000854275
1.00794
0.0620621
0.0145516
0.000854275
ds629	-2.33317116
1.00794
0.0384204
-0.0121715
-0.000873898
1.00794
0.0613796
0.0151715
0.000873898
ds630	-2.33318577
1.00794
0.0391581
-0.0127255
-0.000889264
1.00794
0.0606419
0.0157255
0.000889264
ds631	-2.33320599
1.00794
0.0399384
-0.0132231
-0.000901056
1.00794
0.0598616
0.0162231
0.000901056
ds632	-2.33321519
1.00794
0.040742
-0.0136863
-0.000910691
1.00794
0.059058
0.0166863
0.000910691
ds633	-2.33321638
1.00794
0.041554
-0.0141359
-0.000919456
1.00794
0.058246
0.0171359
0.000919456
ds634	-2.33321241
1.00794
0.042371
-0.0145765
-0.000927644
1.00794
0.057429
0.0175765
0.000927644
ds635	-2.33319666
1.00794
0.0431996
-0.0149923
-0.000934345
1.00794
0.0566004
0.0179923
0.000934345
ds636	-2.33317610
1.00794
0.0440499
-0.0153547
-0.000937962
1.00794
0.0557501
0.0183547
0.000937962
ds637	-2.33317248
1.00794
0.0449269
-0.0156401
-0.000937252
1.00794
0.0548731
0.0186401
0.000937252
ds638	-2.33319023
1.00794
0.0458277
-0.0158441
-0.000932033
1.00794
0.0539723
0.0188441
0.000932033
ds639	-2.33320919
1.00794
0.0467437
-0.0159838
-0.000923307
1.00794
0.0530563
0.0189838
0.000923307
ds640	-2.33321596
1.00794
0.0476662
-0.0160879
-0.000912651
1.00794
0.0521338
0.0190879
0.000912651
ds641	-2.33321579
1.00794
0.0485902
-0.0161791
-0.000901269
1.00794
0.0512098
0.0191791
0.000901269
ds642	-2.33320983
1.00794
0.0495153
-0.0162585
-0.000889235
1.00794
0.0502847
0.0192585
0.000889235
ds643	-2.33319220
1.00794
0.0504411
-0.0163053
-0.000875517
1.00794
0.0493589
0.0193053
0.000875517
ds644	-2.33317376
1.00794
0.051365
-0.0162889
-0.000858644
1.00794
0.048435
0.0192889
0.000858644
ds645	-2.33317495
1.00794
0.0522821
-0.016189
-0.000837692
1.00794
0.0475179
0.019189
0.000837692
ds646	-2.33319452
1.00794
0.0531884
-0.0160067
-0.000812782
1.00794
0.0466116
0.0190067
0.000812782
ds647	-2.33321113
1.00794
0.0540834
-0.0157645
-0.000785043
1.00794
0.0457166
0.0187645
0.000785043
ds648	-2.33321587
1.00794
0.0549712
-0.0154925
-0.000755899
1.00794
0.0448288
0.0184925
0.000755899
ds649	-2.33321545
1.00794
0.0558558
-0.01521
-0.000726248
1.00794
0.0439442
0.01821
0.000726248
ds650	-2.33320801
1.00794
0.0567359
-0.0149141
-0.000695966
1.00794
0.0430641
0.0179141
0.000695966
ds651	-2.33318884
1.00794
0.0576011
-0.0145824
-0.000664126
1.00794
0.0421989
0.0175824
0.000664126
ds652	-2.33317241
1.00794
0.0584369
-0.0141892
-0.000629701
1.00794
0.0413631
0.0171892
0.000629701
ds653	-2.33317756
1.00794
0.0592318
-0.0137208
-0.000592221
1.00794
0.0405682
0.0167208
0.000592221
ds654	-2.33319798
1.00794
0.0599848
-0.0131839
-0.00055203
1.00794
0.0398152
0.0161839
0.00055203
ds655	-2.33321238
1.00794
0.0607065
-0.0126013
-0.000510091
1.00794
0.0390935
0.0156013
0.000510091
ds656	-2.33321583
1.00794
0.0614125
-0.0119984
-0.000467382
1.00794
0.0383875
0.0149984
0.000467382
ds657	-2.33321468
1.00794
0.0621124
-0.0113882
-0.000424392
1.00794
0.0376876
0.0143882
0.000424392
ds658	-2.33320471
1.00794
0.0628004
-0.010765
-0.000380941
1.00794
0.0369996
0.013765
0.000380941
ds659	-2.33318407
1.00794
0.0634559
-0.0101111
-0.000336508
1.00794
0.0363441
0.0131111
0.000336508
ds660	-2.33317099
1.00794
0.0640558
-0.00940941
-0.000290669
1.00794
0.0357442
0.0124094
0.000290669
ds661	-2.33318088
1.00794
0.0645872
-0.00865495
-0.000243404
1.00794
0.0352128
0.011655
0.000243404
ds662	-2.33320201
1.00794
0.0650554
-0.00785682
-0.000195077
1.00794
0.0347446
0.0108568
0.000195077
ds663	-2.33321417
1.00794
0.0654815
-0.00703272
-0.000146196
1.00794
0.0343185
0.0100327
0.000146196
ds664	-2.33321633
1.00794
0.0658892
-0.00619853
-9.7133e-05
1.00794
0.0339108
0.00919853
9.7133e-05
ds665	-2.33321406
1.00794
0.0662886
-0.00536034
-4.8013e-05
1.00794
0.0335114
0.00836034
4.8013e-05
ds666	-2.33320150
1.00794
0.0666682
-0.00451382
1.17e-06
1.00794
0.0331318
0.00751382
-1.17e-06
ds667	-2.33318034
1.00794
0.0670002
-0.00365026
5.0349e-05
1.00794
0.0327998
0.00665026
-5.0349e-05
ds668	-2.33317116
1.00794
0.0672579
-0.00276432
9.9305e-05
1.00794
0.0325421
0.00576432
-9.9305e-05
ds669	-2.33318500
1.00794
0.0674315
-0.0018577
0.000147774
1.00794
0.0323685
0.0048577
-0.000147774
ds670	-2.33320555
1.00794
0.0675339
-0.000937439
0.00019563
1.00794
0.0322661
0.00393744
-0.00019563
ds671	-2.33321514
1.00794
0.067593
-1.1217e-05
0.000242994
1.00794
0.032207
0.00301122
-0.000242994
ds672	-2.33321619
1.00794
0.0676352
0.000916437
0.000290107
1.00794
0.0321648
0.00208356
-0.000290107
ds673	-2.33321265
1.00794
0.0676674
0.00184441
0.000337038
1.00794
0.0321326
0.00115559
-0.000337038
ds674	-2.33319788
1.00794
0.0676735
0.00277189
0.000383452
1.00794
0.0321265
0.000228106
-0.000383452
ds675	-2.33317726
1.00794
0.0676238
0.0036954
0.000428634
1.00794
0.0321762
-0.000695398
-0.000428634
ds676	-2.33317223
1.00794
0.0674939
0.00460898
0.000471847
1.00794
0.0323061
-0.00160898
-0.000471847
ds677	-2.33318884
1.00794
0.0672796
0.00550789
0.00051278
1.00794
0.0325204
-0.0025079
-0.00051278
ds678	-2.33320808
1.00794
0.0669992
0.00639151
0.000551724
1.00794
0.0328008
-0.00339151
-0.000551724
ds679	-2.33321556
1.00794
0.066682
0.00726464
0.00058945
1.00794
0.033118
-0.00426464
-0.00058945
ds680	-2.33321600
1.00794
0.0663516
0.00813318
0.000626671
1.00794
0.0334484
-0.00513318
-0.000626671
ds681	-2.33321091
1.00794
0.0660107
0.00899774
0.000663465
1.00794
0.0337893
-0.00599774
-0.000663465
ds682	-2.33319377
1.00794
0.0656415
0.00984919
0.000699058
1.00794
0.0341585
-0.00684919
-0.000699058
ds683	-2.33317420
1.00794
0.065218
0.0106718
0.000732193
1.00794
0.034582
-0.00767178
-0.000732193
ds684	-2.33317357
1.00794
0.0647229
0.0114515
0.000761866
1.00794
0.0350771
-0.00845151
-0.000761866
ds685	-2.33319263
1.00794
0.0641579
0.0121846
0.000787919
1.00794
0.0356421
-0.00918463
-0.000787919
ds686	-2.33321023
1.00794
0.0635428
0.0128801
0.000811152
1.00794
0.0362572
-0.00988011
-0.000811152
ds687	-2.33321578
1.00794
0.0629025
0.0135547
0.00083285
1.00794
0.0368975
-0.0105547
-0.00083285
ds688	-2.33321539
1.00794
0.0622538
0.0142214
0.000853953
1.00794
0.0375462
-0.0112214
-0.000853953
ds689	-2.33320817
1.00794
0.0615956
0.0148786
0.000874365
1.00794
0.0382044
-0.0118786
-0.000874365
ds690	-2.33318897
1.00794
0.0609132
0.0155082
0.000892922
1.00794
0.0388868
-0.0125082
-0.000892922
ds691	-2.33317169
1.00794
0.0601895
0.0160851
0.000908071
1.00794
0.0396105
-0.0130851
-0.000908071
ds692	-2.33317611
1.00794
0.0594164
0.0165922
0.000918826
1.00794
0.0403836
-0.0135922
-0.000918826
ds693	-2.33319710
1.00794
0.0585996
0.0170305
0.000925334
1.00794
0.0412004
-0.0140305
-0.000925334
ds694	-2.33321261
1.00794
0.0577549
0.0174189
0.000928821
1.00794
0.0420451
-0.0144189
-0.000928821
ds695	-2.33321629
1.00794
0.0568981
0.017783
0.000930834
1.00794
0.0429019
-0.014783
-0.000930834
ds696	-2.33321496
1.00794
0.0560375
0.018138
0.000932279
1.00794
0.0437625
-0.015138
-0.000932279
ds697	-2.33320543
1.00794
0.0551709
0.0184777
0.000932805
1.00794
0.0446291
-0.0154777
-0.000932805
ds698	-2.33318506
1.00794
0.0542917
0.0187763
0.000931029
1.00794
0.0455083
-0.0157763
-0.000931029
ds699	-2.33317113
1.00794
0.0533946
0.019005
0.000925433
1.00794
0.0464054
-0.016005
-0.000925433
ds700	-2.33317995
1.00794
0.0524805
0.0191488
0.000915296
1.00794
0.0473195
-0.0161488
-0.000915296
ds701	-2.33320091
1.00794
0.0515552
0.0192153
0.000901097
1.00794
0.0482448
-0.0162153
-0.000901097
ds702	-2.33321341
1.00794
0.0506251
0.0192308
0.000884254
1.00794
0.0491749
-0.0162308
-0.000884254
ds703	-2.33321578
1.00794
0.0496942
0.019224
0.00086625
1.00794
0.0501058
-0.016224
-0.00086625
ds704	-2.33321408
1.00794
0.0487634
0.019208
0.000847743
1.00794
0.0510366
-0.016208
-0.000847743
ds705	-2.33320259
1.00794
0.0478338
0.0191716
0.000828216
1.00794
0.0519662
-0.0161716
-0.000828216
ds706	-2.33318150
1.00794
0.0469098
0.0190867
0.000806367
1.00794
0.0528902
-0.0160867
-0.000806367
ds707	-2.33317077
1.00794
0.0459987
0.0189264
0.000781012
1.00794
0.0538013
-0.0159264
-0.000781012
ds708	-2.33318324
1.00794
0.0451066
0.0186814
0.000751812
1.00794
0.0546934
-0.0156814
-0.000751812
ds709	-2.33320415
1.00794
0.0442344
0.018365
0.000719447
1.00794
0.0555656
-0.015365
-0.000719447
ds710	-2.33321484
1.00794
0.0433766
0.0180055
0.000685199
1.00794
0.0564234
-0.0150055
-0.000685199
ds711	-2.33321653
1.00794
0.0425256
0.017629
0.000650206
1.00794
0.0572744
-0.014629
-0.000650206
ds712	-2.33321340
1.00794
0.0416785
0.0172439
0.000614821
1.00794
0.0581215
-0.0142439
-0.000614821
ds713	-2.33319889
1.00794
0.0408429
0.0168367
0.000578536
1.00794
0.0589571
-0.0138367
-0.000578536
ds714	-2.33317754
1.00794
0.0400351
0.0163825
0.000540442
1.00794
0.0597649
-0.0133825
-0.000540442
ds715	-2.33317107
1.00794
0.0392717
0.0158615
0.000499888
1.00794
0.0605283
-0.0128615
-0.000499888
ds716	-2.33318706
1.00794
0.0385593
0.0152712
0.000456885
1.00794
0.0612407
-0.0122712
-0.000456885
ds717	-2.33320697
1.00794
0.0378909
0.0146274
0.000412078
1.00794
0.0619091
-0.0116274
-0.000412078
ds718	-2.33321530
1.00794
0.0372495
0.0139541
0.00036632
1.00794
0.0625505
-0.0109541
-0.00036632
ds719	-2.33321602
1.00794
0.0366188
0.0132703
0.000320225
1.00794
0.0631812
-0.0102703
-0.000320225
ds720	-2.33321134
1.00794
0.0359962
0.012579
0.000273897
1.00794
0.0638038
-0.00957895
-0.000273897
ds721	-2.33319479
1.00794
0.0353969
0.011869
0.000227091
1.00794
0.0644031
-0.00886903
-0.000227091
ds722	-2.33317491
1.00794
0.0348466
0.0111241
0.000179504
1.00794
0.0649534
-0.00812407
-0.000179504
ds723	-2.33317312
1.00794
0.0343661
0.0103345
0.000131071
1.00794
0.0654339
-0.00733449
-0.000131071
ds724	-2.33319164
1.00794
0.033959
0.00950284
8.1997e-05
1.00794
0.065841
-0.00650284
-8.1997e-05
ds725	-2.33320978
1.00794
0.0336095
0.00864228
3.2622e-05
1.00794
0.0661905
-0.00564228
-3.2622e-05
ds726	-2.33321590
1.00794
0.0332915
0.00776792
-1.6819e-05
1.00794
0.0665085
-0.00476792
1.6819e-05
ds727	-2.33321583
1.00794
0.0329853
0.00688912
-6.6247e-05
1.00794
0.0668147
-0.00388912
6.6247e-05
ds728	-2.33320937
1.00794
0.0326914
0.00600614
-0.000115635
1.00794
0.0671086
-0.00300614
0.000115635
ds729	-2.33319096
1.00794
0.0324317
0.00511417
-0.000164784
1.00794
0.0673683
-0.00211417
0.000164784
ds730	-2.33317300
1.00794
0.0322363
0.0042089
-0.000213316
1.00794
0.0675637
-0.0012089
0.000213316
ds731	-2.33317555
1.00794
0.0321247
0.00329077
-0.000260822
1.00794
0.0676753
-0.000290774
0.000260822
ds732	-2.33319558
1.00794
0.0320951
0.00236416
-0.000307117
1.00794
0.0677049
0.000635842
0.000307117
ds733	-2.33321162
1.00794
0.0321246
0.00143469
-0.000352372
1.00794
0.0676754
0.00156531
0.000352372
ds734	-2.33321607
1.00794
0.0321834
0.000505331
-0.000397023
1.00794
0.0676166
0.00249467
0.000397023
ds735	-2.33321538
1.00794
0.0322528
-0.000423447
-0.000441409
1.00794
0.0675472
0.00342345
0.000441409
ds736	-2.33320680
1.00794
0.0323379
-0.00135077
-0.000485383
1.00794
0.0674621
0.00435077
0.000485383
ds737	-2.33318672
1.00794
0.0324637
-0.0022715
-0.000528202
1.00794
0.0673363
0.0052715
0.000528202
ds738	-2.33317138
1.00794
0.0326584
-0.00317731
-0.000568898
1.00794
0.0671416
0.00617731
0.000568898
ds739	-2.33317849
1.00794
0.0329364
-0.00406052
-0.00060681
1.00794
0.0668636
0.00706052
0.00060681
ds740	-2.33319956
1.00794
0.0332899
-0.00491897
-0.000641981
1.00794
0.0665101
0.00791897
0.000641981
ds741	-2.33321327
1.00794
0.0336932
-0.0057582
-0.000675189
1.00794
0.0661068
0.0087582
0.000675189
ds742	-2.33321616
1.00794
0.0341186
-0.00658755
-0.000707438
1.00794
0.0656814
0.00958755
0.000707438
ds743	-2.33321440
1.00794
0.0345525
-0.00741246
-0.000739256
1.00794
0.0652475
0.0104125
0.000739256
ds744	-2.33320326
1.00794
0.0350033
-0.00822762
-0.000770225
1.00794
0.0647967
0.0112276
0.000770225
ds745	-2.33318230
1.00794
0.0354934
-0.00901705
-0.000799113
1.00794
0.0643066
0.012017
0.000799113
ds746	-2.33317061
1.00794
0.0360442
-0.00976221
-0.000824592
1.00794
0.0637558
0.0127622
0.000824592
ds747	-2.33318197
1.00794
0.0366622
-0.0104527
-0.000846022
1.00794
0.0631378
0.0134527
0.000846022
ds748	-2.33320287
1.00794
0.0373362
-0.0110927
-0.000863824
1.00794
0.0624638
0.0140927
0.000863824
ds749	-2.33321398
1.00794
0.0380438
-0.0116989
-0.000879266
1.00794
0.0617562
0.0146989
0.000879266
ds750	-2.33321565
1.00794
0.0387647
-0.0122904
-0.00089367
1.00794
0.0610353
0.0152904
0.00089367
ds751	-2.33321291
1.00794
0.0394918
-0.0128742
-0.000907529
1.00794
0.0603082
0.0158742
0.000907529
ds752	-2.33319968
1.00794
0.0402327
-0.0134389
-0.000920138
1.00794
0.0595673
0.0164389
0.000920138
ds753	-2.33317897
1.00794
0.0410023
-0.0139593
-0.000929967
1.00794
0.0587977
0.0169593
0.000929967
ds754	-2.33317150
1.00794
0.0418113
-0.0144114
-0.000935635
1.00794
0.0579887
0.0174114
0.000935635
ds755	-2.33318631
1.00794
0.0426594
-0.0147866
-0.000936725
1.00794
0.0571406
0.0177866
0.000936725
ds756	-2.33320613
1.00794
0.0435363
-0.0150971
-0.000934043
1.00794
0.0562637
0.0180971
0.000934043
ds757	-2.33321490
1.00794
0.0444281
-0.0153685
-0.00092911
1.00794
0.0553719
0.0183685
0.00092911
ds758	-2.33321594
1.00794
0.0453249
-0.0156243
-0.000923265
1.00794
0.0544751
0.0186243
0.000923265
ds759	-2.33321208
1.00794
0.0462249
-0.0158695
-0.000916799
1.00794
0.0535751
0.0188695
0.000916799
ds760	-2.33319649
1.00794
0.0471307
-0.0160872
-0.00090882
1.00794
0.0526693
0.0190872
0.00090882
ds761	-2.33317601
1.00794
0.0480457
-0.0162471
-0.000897812
1.00794
0.0517543
0.0192471
0.000897812
ds762	-2.33317221
1.00794
0.0489691
-0.0163258
-0.000882637
1.00794
0.0508309
0.0193258
0.000882637
ds763	-2.33318959
1.00794
0.0498971
-0.0163195
-0.000863201
1.00794
0.0499029
0.0193195
0.000863201
ds764	-2.33320849
1.00794
0.0508251
-0.016247
-0.000840511
1.00794
0.0489749
0.019247
0.000840511
ds765	-2.33321576
1.00794
0.0517513
-0.016138
-0.000816048
1.00794
0.0480487
0.019138
0.000816048
ds766	-2.33321616
1.00794
0.0526761
-0.0160155
-0.000790907
1.00794
0.0471239
0.0190155
0.000790907
ds767	-2.33321017
1.00794
0.0535991
-0.0158805
-0.000765151
1.00794
0.0462009
0.0188805
0.000765151
ds768	-2.33319208
1.00794
0.0545152
-0.0157127
-0.000737907
1.00794
0.0452848
0.0187127
0.000737907
ds769	-2.33317331
1.00794
0.0554147
-0.0154834
-0.000707979
1.00794
0.0443853
0.0184834
0.000707979
ds770	-2.33317450
1.00794
0.0562883
-0.0151741
-0.000674675
1.00794
0.0435117
0.0181741
0.000674675
ds771	-2.33319432
1.00794
0.0571323
-0.0147869
-0.000638173
1.00794
0.0426677
0.0177869
0.000638173
ds772	-2.33321127
1.00794
0.0579515
-0.0143438
-0.000599439
1.00794
0.0418485
0.0173438
0.000599439
ds773	-2.33321614
1.00794
0.0587566
-0.0138728
-0.000559612
1.00794
0.0410434
0.0168728
0.000559612
ds774	-2.33321528
1.00794
0.0595558
-0.0133917
-0.000519383
1.00794
0.0402442
0.0163917
0.000519383
ds775	-2.33320718
1.00794
0.060347
-0.012898
-0.000478674
1.00794
0.039453
0.015898
0.000478674
ds776	-2.33318773
1.00794
0.0611151
-0.0123726
-0.00043688
1.00794
0.0386849
0.0153726
0.00043688
ds777	-2.33317161
1.00794
0.0618401
-0.0117937
-0.000393375
1.00794
0.0379599
0.0147937
0.000393375
ds778	-2.33317723
1.00794
0.0625077
-0.0111509
-0.000347954
1.00794
0.0372923
0.0141509
0.000347954
ds779	-2.33319799
1.00794
0.0631187
-0.0104509
-0.000300927
1.00794
0.0366813
0.0134509
0.000300927
ds780	-2.33321258
1.00794
0.0636883
-0.00971356
-0.000252939
1.00794
0.0361117
0.0127136
0.000252939
ds781	-2.33321603
1.00794
0.0642375
-0.00895956
-0.000204559
1.00794
0.0355625
0.0119596
0.000204559
ds782	-2.33321466
1.00794
0.0647783
-0.00819946
-0.000156046
1.00794
0.0350217
0.0111995
0.000156046
ds783	-2.33320453
1.00794
0.0653038
-0.00742913
-0.000107349
1.00794
0.0344962
0.0104291
0.000107349
ds784	-2.33318402
1.00794
0.0657903
-0.00663616
-5.8373e-05
1.00794
0.0340097
0.00963616
5.8373e-05
ds785	-2.33317106
1.00794
0.0662114
-0.00580966
-9.153e-06
1.00794
0.0335886
0.00880966
9.153e-06
ds786	-2.33318082
1.00794
0.0665534
-0.00494774
4.0113e-05
1.00794
0.0332466
0.00794774
-4.0113e-05
ds787	-2.33320177
1.00794
0.0668237
-0.00405805
8.9203e-05
1.00794
0.0329763
0.00705805
-8.9203e-05
ds788	-2.33321402
1.00794
0.0670465
-0.00315275
0.000138036
1.00794
0.0327535
0.00615275
-0.000138036
ds789	-2.33321635
1.00794
0.067248
-0.0022417
0.000186689
1.00794
0.032552
0.0052417
-0.000186689
ds790	-2.33321400
1.00794
0.0674396
-0.00132848
0.000235221
1.00794
0.0323604
0.00432848
-0.000235221
ds791	-2.33320141
1.00794
0.0676093
-0.000411708
0.000283443
1.00794
0.0321907
0.00341171
-0.000283443
ds792	-2.33318029
1.00794
0.0677284
0.000510493
0.000330837
1.00794
0.0320716
0.00248951
-0.000330837
ds793	-2.33317098
1.00794
0.0677702
0.00143697
0.000376772
1.00794
0.0320298
0.00156303
-0.000376772
ds794	-2.33318451
1.00794
0.0677254
0.00236376
0.000420857
1.00794
0.0320746
0.000636241
-0.000420857
ds795	-2.33320504
1.00794
0.0676079
0.00328703
0.000463197
1.00794
0.0321921
-0.000287028
-0.000463197
ds796	-2.33321499
1.00794
0.0674463
0.00420586
0.000504352
1.00794
0.0323537
-0.00120586
-0.000504352
ds797	-2.33321623
1.00794
0.0672668
0.00512194
0.00054496
1.00794
0.0325332
-0.00212194
-0.00054496
ds798	-2.33321254
1.00794
0.0670766
0.00603578
0.000585195
1.00794
0.0327234
-0.00303578
-0.000585195
ds799	-2.33319770
1.00794
0.0668605
0.0069428
0.000624514
1.00794
0.0329395
-0.0039428
-0.000624514
ds800	-2.33317717
1.00794
0.066591
0.00783264
0.000661823
1.00794
0.033209
-0.00483264
-0.000661823
ds801	-2.33317204
1.00794
0.0662461
0.00869387
0.000696101
1.00794
0.0335539
-0.00569387
-0.000696101
ds802	-2.33318837
1.00794
0.0658228
0.00952086
0.000727012
1.00794
0.0339772
-0.00652086
-0.000727012
ds803	-2.33320751
1.00794
0.0653386
0.0103172
0.000755099
1.00794
0.0344614
-0.00731718
-0.000755099
ds804	-2.33321520
1.00794
0.0648206
0.0110941
0.000781486
1.00794
0.0349794
-0.00809413
-0.000781486
ds805	-2.33321568
1.00794
0.0642897
0.0118628
0.000807158
1.00794
0.0355103
-0.00886283
-0.000807158
ds806	-2.33321057
1.00794
0.0637487
0.0126246
0.000832233
1.00794
0.0360513
-0.00962457
-0.000832233
ds807	-2.33319370
1.00794
0.0631832
0.0133666
0.000855785
1.00794
0.0366168
-0.0103666
-0.000855785
ds808	-2.33317432
1.00794
0.0625718
0.0140676
0.000876333
1.00794
0.0372282
-0.0110676
-0.000876333
ds809	-2.33317331
1.00794
0.0619014
0.0147102
0.000892748
1.00794
0.0378986
-0.0117102
-0.000892748
ds810	-2.33319180
1.00794
0.0611743
0.0152906
0.000904915
1.00794
0.0386257
-0.0122906
-0.000904915
ds811	-2.33320941
1.00794
0.0604072
0.015822
0.000913812
1.00794
0.0393928
-0.012822
-0.000913812
ds812	-2.33321549
1.00794
0.0596201
0.0163263
0.000920925
1.00794
0.0401799
-0.0133263
-0.000920925
ds813	-2.33321559
1.00794
0.0588259
0.0168197
0.000927321
1.00794
0.0409741
-0.0138197
-0.000927321
ds814	-2.33320881
1.00794
0.0580242
0.017301
0.000932921
1.00794
0.0417758
-0.014301
-0.000932921
ds815	-2.33319004
1.00794
0.0572057
0.0177495
0.000936531
1.00794
0.0425943
-0.0147495
-0.000936531
ds816	-2.33317250
1.00794
0.0563599
0.0181372
0.000936587
1.00794
0.0434401
-0.0151372
-0.000936587
ds817	-2.33317585
1.00794
0.0554833
0.0184456
0.000932127
1.00794
0.0443167
-0.0154456
-0.000932127
ds818	-2.33319613
1.00794
0.0545809
0.0186765
0.000923347
1.00794
0.0452191
-0.0156765
-0.000923347
ds819	-2.33321199
1.00794
0.0536632
0.0188513
0.000911502
1.00794
0.0461368
-0.0158513
-0.000911502
ds820	-2.33321632
1.00794
0.0527394
0.0189981
0.000898134
1.00794
0.0470606
-0.0159981
-0.000898134
ds821	-2.33321510
1.00794
0.0518139
0.0191339
0.000884149
1.00794
0.0479861
-0.0161339
-0.000884149
ds822	-2.33320548
1.00794
0.0508862
0.0192526
0.000869254
1.00794
0.0489138
-0.0162526
-0.000869254
ds823	-2.33318515
1.00794
0.0499563
0.0193287
0.000852219
1.00794
0.0498437
-0.0163287
-0.000852219
ds824	-2.33317095
1.00794
0.0490261
0.0193331
0.000831713
1.00794
0.0507739
-0.0163331
-0.000831713
ds825	-2.33317939
1.00794
0.0481001
0.0192514
0.00080714
1.00794
0.0516999
-0.0162514
-0.00080714
ds826	-2.33320050
1.00794
0.047182
0.0190915
0.000778966
1.00794
0.052618
-0.0160915
-0.000778966
ds827	-2.33321358
1.00794
0.0462719
0.0188798
0.000748452
1.00794
0.0535281
-0.0158798
-0.000748452
ds828	-2.33321605
1.00794
0.0453667
0.0186447
0.000716885
1.00794
0.0544333
-0.0156447
-0.000716885
ds829	-2.33321399
1.00794
0.0444642
0.0183995
0.00068485
1.00794
0.0553358
-0.0153995
-0.00068485
ds830	-2.33320261
1.00794
0.0435681
0.0181344
0.000651969
1.00794
0.0562319
-0.0151344
-0.000651969
ds831	-2.33318201
1.00794
0.0426892
0.017824
0.000617271
1.00794
0.0571108
-0.014824
-0.000617271
ds832	-2.33317124
1.00794
0.041841
0.0174441
0.000579907
1.00794
0.057959
-0.0144441
-0.000579907
ds833	-2.33318302
1.00794
0.0410318
0.0169868
0.000539693
1.00794
0.0587682
-0.0139868
-0.000539693
ds834	-2.33320343
1.00794
0.0402599
0.0164648
0.000497185
1.00794
0.0595401
-0.0134648
-0.000497185
ds835	-2.33321406
1.00794
0.0395134
0.0159033
0.000453338
1.00794
0.0602866
-0.0129033
-0.000453338
ds836	-2.33321569
1.00794
0.0387784
0.0153259
0.000408957
1.00794
0.0610216
-0.0123259
-0.000408957
ds837	-2.33321273
1.00794
0.0380502
0.0147401
0.000364304
1.00794
0.0617498
-0.0117401
-0.000364304
ds838	-2.33319901
1.00794
0.0373386
0.0141357
0.000319114
1.00794
0.0624614
-0.0111357
-0.000319114
ds839	-2.33317825
1.00794
0.0366651
0.0134928
0.000272932
1.00794
0.0631349
-0.0104928
-0.000272932
ds840	-2.33317139
1.00794
0.0360507
0.0127965
0.000225515
1.00794
0.0637493
-0.00979653
-0.000225515
ds841	-2.33318669
1.00794
0.0355031
0.0120457
0.000176994
1.00794
0.0642969
-0.00904568
-0.000176994
ds842	-2.33320650
1.00794
0.0350122
0.0112534
0.000127765
1.00794
0.0647878
-0.00825338
-0.000127765
ds843	-2.33321515
1.00794
0.0345557
0.0104385
7.8232e-05
1.00794
0.0652443
-0.00743848
-7.8232e-05
ds844	-2.33321601
1.00794
0.0341135
0.00961529
2.8621e-05
1.00794
0.0656865
-0.0066153
-2.8621e-05
ds845	-2.33321151
1.00794
0.0336816
0.00878651
-2.1023e-05
1.00794
0.0661184
-0.00578651
2.1023e-05
ds846	-2.33319533
1.00794
0.0332768
0.00794554
-7.0632e-05
1.00794
0.0665232
-0.00494554
7.0632e-05
ds847	-2.33317537
1.00794
0.0329276
0.00708298
-0.000119999
1.00794
0.0668724
-0.00408298
0.000119999
ds848	-2.33317276
1.00794
0.0326567
0.00619467
-0.000168806
1.00794
0.0671433
-0.00319467
0.000168806
ds849	-2.33319077
1.00794
0.0324679
0.00528378
-0.000216809
1.00794
0.0673321
-0.00228378
0.000216809
ds850	-2.33320924
1.00794
0.0323432
0.00435894
-0.000263999
1.00794
0.0674568
-0.00135894
0.000263999
ds851	-2.33321579
1.00794
0.032254
0.00342833
-0.000310636
1.00794
0.067546
-0.000428333
0.000310636
ds852	-2.33321570
1.00794
0.0321784
0.00249624
-0.000357012
1.00794
0.0676216
0.000503755
0.000357012
ds853	-2.33320938
1.00794
0.0321162
0.00156318
-0.000403106
1.00794
0.0676838
0.00143682
0.000403106
ds854	-2.33319121
1.00794
0.0320889
0.000629991
-0.000448384
1.00794
0.0677111
0.00237001
0.000448384
ds855	-2.33317298
1.00794
0.0321264
-0.000300049
-0.000491999
1.00794
0.0676736
0.00330005
0.000491999
ds856	-2.33317487
1.00794
0.0322481
-0.00122159
-0.00053325
1.00794
0.0675519
0.00422159
0.00053325
ds857	-2.33319469
1.00794
0.0324521
-0.00213069
-0.000571993
1.00794
0.0673479
0.00513069
0.000571993
ds858	-2.33321117
1.00794
0.0327154
-0.00302746
-0.000608755
1.00794
0.0670846
0.00602746
0.000608755
ds859	-2.33321591
1.00794
0.0330083
-0.00391638
-0.000644427
1.00794
0.0667917
0.00691638
0.000644427
ds860	-2.33321521
1.00794
0.0333124
-0.00480173
-0.000679634
1.00794
0.0664876
0.00780173
0.000679634
ds861	-2.33320685
1.00794
0.0336314
-0.00568167
-0.0007142
1.00794
0.0661686
0.00868167
0.0007142
ds862	-2.33318706
1.00794
0.0339875
-0.00654519
-0.00074709
1.00794
0.0658125
0.00954518
0.00074709
ds863	-2.33317125
1.00794
0.0344061
-0.00737715
-0.000777007
1.00794
0.0653939
0.0103771
0.000777007
ds864	-2.33317751
1.00794
0.0348995
-0.00816625
-0.000803128
1.00794
0.0649005
0.0111663
0.000803128
ds865	-2.33319838
1.00794
0.0354604
-0.00891211
-0.000825602
1.00794
0.0643396
0.0119121
0.000825602
ds866	-2.33321263
1.00794
0.0360658
-0.00962591
-0.000845488
1.00794
0.0637342
0.0126259
0.000845488
ds867	-2.33321591
1.00794
0.0366912
-0.0103236
-0.000864103
1.00794
0.0631088
0.0133236
0.000864103
ds868	-2.33321424
1.00794
0.0373244
-0.0110143
-0.000882154
1.00794
0.0624756
0.0140143
0.000882154
ds869	-2.33320334
1.00794
0.0379714
-0.0116912
-0.000899185
1.00794
0.0618286
0.0146912
0.000899185
ds870	-2.33318237
1.00794
0.0386497
-0.0123336
-0.000913813
1.00794
0.0611503
0.0153336
0.000913813
ds871	-2.33317007
1.00794
0.0393749
-0.0129181
-0.000924568
1.00794
0.0604251
0.0159181
0.000924568
ds872	-2.33318093
1.00794
0.0401514
-0.0134325
-0.000930777
1.00794
0.0596486
0.0164325
0.000930777
ds873	-2.33320229
1.00794
0.0409697
-0.0138829
-0.000932951
1.00794
0.0588303
0.0168829
0.000932951
ds874	-2.33321432
1.00794
0.0418126
-0.014291
-0.000932501
1.00794
0.0579874
0.017291
0.000932501
ds875	-2.33321629
1.00794
0.0426653
-0.0146801
-0.000930882
1.00794
0.0571347
0.0176801
0.000930882
ds876	-2.33321334
1.00794
0.043522
-0.0150599
-0.000928672
1.00794
0.056278
0.0180599
0.000928672
ds877	-2.33319992
1.00794
0.0443872
-0.0154177
-0.000925178
1.00794
0.0554128
0.0184177
0.000925178
ds878	-2.33317893
1.00794
0.0452687
-0.0157256
-0.000918909
1.00794
0.0545313
0.0187256
0.000918909
ds879	-2.33317098
1.00794
0.0461706
-0.0159576
-0.000908534
1.00794
0.0536294
0.0189576
0.000908534
ds880	-2.33318556
1.00794
0.0470907
-0.0161047
-0.000893696
1.00794
0.0527093
0.0191047
0.000893696
ds881	-2.33320569
1.00794
0.0480221
-0.0161809
-0.000875201
1.00794
0.0517779
0.0191809
0.000875201
ds882	-2.33321466
1.00794
0.048958
-0.0162141
-0.000854534
1.00794
0.050842
0.0192141
0.000854534
ds883	-2.33321554
1.00794
0.0498947
-0.01623
-0.000832979
1.00794
0.0499053
0.01923
0.000832979
ds884	-2.33321170
1.00794
0.0508318
-0.0162345
-0.000810838
1.00794
0.0489682
0.0192345
0.000810838
ds885	-2.33319659
1.00794
0.0517674
-0.0162108
-0.000787359
1.00794
0.0480326
0.0192108
0.000787359
ds886	-2.33317635
1.00794
0.0526969
-0.0161295
-0.00076127
1.00794
0.0471031
0.0191295
0.00076127
ds887	-2.33317214
1.00794
0.0536137
-0.0159674
-0.000731649
1.00794
0.0461863
0.0189674
0.000731649
ds888	-2.33318907
1.00794
0.0545128
-0.0157215
-0.000698466
1.00794
0.0452872
0.0187215
0.000698466
ds889	-2.33320801
1.00794
0.0553945
-0.0154105
-0.000662604
1.00794
0.0444055
0.0184105
0.000662604
ds890	-2.33321550
1.00794
0.0562646
-0.0150636
-0.000625292
1.00794
0.0435354
0.0180636
0.000625292
ds891	-2.33321606
1.00794
0.0571293
-0.014703
-0.000587423
1.00794
0.0426707
0.017703
0.000587423
ds892	-2.33321044
1.00794
0.0579891
-0.0143304
-0.000549078
1.00794
0.0418109
0.0173304
0.000549078
ds893	-2.33319261
1.00794
0.0588337
-0.0139282
-0.00050967
1.00794
0.0409663
0.0169282
0.00050967
ds894	-2.33317330
1.00794
0.0596465
-0.0134712
-0.000468416
1.00794
0.0401535
0.0164712
0.000468416
ds895	-2.33317344
1.00794
0.0604133
-0.0129436
-0.000424926
1.00794
0.0393867
0.0159436
0.000424926
ds896	-2.33319278
1.00794
0.0611309
-0.012348
-0.0003794
1.00794
0.0386691
0.015348
0.0003794
ds897	-2.33321017
1.00794
0.0618092
-0.011704
-0.000332522
1.00794
0.0379908
0.014704
0.000332522
ds898	-2.33321573
1.00794
0.0624658
-0.0110358
-0.000285013
1.00794
0.0373342
0.0140358
0.000285013
ds899	-2.33321535
1.00794
0.0631135
-0.0103588
-0.000237285
1.00794
0.0366865
0.0133588
0.000237285
ds900	-2.33320761
1.00794
0.0637501
-0.0096714
-0.000189325
1.00794
0.0360499
0.0126714
0.000189325
ds901	-2.33318816
1.00794
0.0643564
-0.00895961
-0.000140938
1.00794
0.0354436
0.0119596
0.000140938
ds902	-2.33317153
1.00794
0.064907
-0.00820757
-9.1999e-05
1.00794
0.034893
0.0112076
9.1999e-05
ds903	-2.33317660
1.00794
0.0653854
-0.00740877
-4.2611e-05
1.00794
0.0344146
0.0104088
4.2611e-05
ds904	-2.33319737
1.00794
0.0657933
-0.00656916
6.988e-06
1.00794
0.0340067
0.00956916
-6.988e-06
ds905	-2.33321238
1.00794
0.0661507
-0.00570385
5.6563e-05
1.00794
0.0336493
0.00870385
-5.6563e-05
ds906	-2.33321610
1.00794
0.066483
-0.00482745
0.000106047
1.00794
0.033317
0.00782745
-0.000106047
ds907	-2.33321477
1.00794
0.0668051
-0.00394715
0.000155459
1.00794
0.0329949
0.00694715
-0.000155459
ds908	-2.33320470
1.00794
0.0671097
-0.00306093
0.000204711
1.00794
0.0326903
0.00606093
-0.000204711
ds909	-2.33318412
1.00794
0.0673707
-0.00216316
0.00025343
1.00794
0.0324293
0.00516316
-0.00025343
ds910	-2.33317074
1.00794
0.0675597
-0.00125028
0.000301088
1.00794
0.0322403
0.00425028
-0.000301088
ds911	-2.33318007
1.00794
0.0676627
-0.000324011
0.00034726
1.00794
0.0321373
0.00332401
-0.00034726
ds912	-2.33320107
1.00794
0.0676883
0.000610186
0.000391893
1.00794
0.0321117
0.00238981
-0.000391893
ds913	-2.33321362
1.00794
0.067663
0.00154691
0.000435377
1.00794
0.032137
0.00145309
-0.000435377
ds914	-2.33321608
1.00794
0.0676149
0.00248358
0.000478275
1.00794
0.0321851
0.00051642
-0.000478275
ds915	-2.33321386
1.00794
0.0675562
0.00341967
0.000520855
1.00794
0.0322438
-0.000419674
-0.000520855
ds916	-2.33320146
1.00794
0.0674753
0.00435338
0.000562745
1.00794
0.0323247
-0.00135338
-0.000562745
ds917	-2.33318025
1.00794
0.0673444
0.00527896
0.000602997
1.00794
0.0324556
-0.00227896
-0.000602997
ds918	-2.33317048
1.00794
0.0671376
0.0061881
0.000640587
1.00794
0.0326624
-0.0031881
-0.000640587
ds919	-2.33318366
1.00794
0.0668467
0.00707438
0.000675014
1.00794
0.0329533
-0.00407438
-0.000675014
ds920	-2.33320440
1.00794
0.0664858
0.0079376
0.000706607
1.00794
0.0333142
-0.0049376
-0.000706607
ds921	-2.33321463
1.00794
0.0660827
0.00878446
0.000736361
1.00794
0.0337173
-0.00578445
-0.000736361
ds922	-2.33321598
1.00794
0.0656625
0.0096236
0.000765292
1.00794
0.0341375
-0.0066236
-0.000765292
ds923	-2.33321235
1.00794
0.0652323
0.0104576
0.000793692
1.00794
0.0345677
-0.00745759
-0.000793692
ds924	-2.33319754
1.00794
0.064779
0.0112781
0.000820855
1.00794
0.035021
-0.0082781
-0.000820855
ds925	-2.33317674
1.00794
0.0642788
0.0120678
0.000845385
1.00794
0.0355212
-0.00906779
-0.000845385
ds926	-2.33317119
1.00794
0.0637135
0.0128096
0.000866036
1.00794
0.0360865
-0.00980957
-0.000866036
ds927	-2.33318745
1.00794
0.0630813
0.013497
0.000882466
1.00794
0.0367187
-0.010497
-0.000882466
ds928	-2.33320688
1.00794
0.0623981
0.014138
0.000895427
1.00794
0.0374019
-0.011138
-0.000895427
ds929	-2.33321480
1.00794
0.0616869
0.0147505
0.000906324
1.00794
0.0381131
-0.0117505
-0.000906324
ds930	-2.33321527
1.00794
0.060965
0.0153511
0.000916354
1.00794
0.038835
-0.0123511
-0.000916354
ds931	-2.33321023
1.00794
0.0602351
0.0159419
0.000925684
1.00794
0.0395649
-0.0129419
-0.000925684
ds932	-2.33319362
1.00794
0.0594867
0.0165071
0.000933318
1.00794
0.0403133
-0.0135071
-0.000933318
