HL1
n1	-0.0269588	0.00310843
n2	-0.0695749	0.00342698
n3	-0.0765418	0.0034819
n4	-0.0351471	0.00316726
n5	0.0712337	-0.00344217
n6	-0.00983791	0.00299066
n7	0.0310399	-0.00313866
n8	-0.0582023	0.003339
n9	0.0725449	-0.00345252
n10	-0.0775731	0.0034901
n11	0.0503518	-0.00328114
n12	-0.0465692	0.00325123
n13	-0.0513309	0.00328689
n14	-0.0445497	0.00323619
n15	0.0657026	-0.00339884
n16	0.0653596	-0.00339616
n17	0.0651693	-0.00339468
n18	-0.0556567	0.00331959
n19	0.0616748	-0.00336757
n20	0.0595058	-0.00335085
n21	-0.0477487	0.00326
n22	-0.0485366	0.00326591
n23	0.0760436	-0.00348026
n24	0.0592583	-0.00334896
n25	-0.0529614	0.0032992
n26	-0.0662604	0.00340109
n27	0.0580594	-0.00333976
n28	-0.0448081	0.00323808
n29	-0.0514551	0.00328781
n30	0.0441143	-0.00323443
n31	0.0761117	-0.00348081
n32	-0.0789978	0.00350141
n33	0.0779225	-0.00349525
n34	-0.0256556	0.00309923
n35	0.0304407	-0.00313439
n36	0.0633882	-0.00338084
n37	-0.0654042	0.00339448
n38	-0.0550578	0.00331505
n39	0.0645386	-0.00338977
n40	0.0764955	-0.00348386
OL
n1	0.0380582	0.087253	0.0952778	0.0470715	-0.0898718	0.017871	-0.043071	0.0743587	-0.0909565	0.0964905	-0.0653236	0.0604329	0.0660422	0.0585422	-0.0827286	-0.0829602	-0.0822872	0.0715374	-0.0788727	-0.0764837	0.0622573	0.0628068	-0.0952225	-0.0753914	0.0677693	0.0843178	-0.0737617	0.059306	0.0664792	-0.0579587	-0.0947479	0.0990644	-0.0969629	0.0361236	-0.0416658	-0.0805063	0.0822426	0.0705535	-0.0819404	-0.0958234
