5000	0.362531	0.133563
10000	0.209613	0.115477
15000	0.139572	0.100345
20000	0.105454	0.0828892
25000	0.0827616	0.058678
30000	0.0668728	0.0400756
35000	0.0562732	0.0320088
40000	0.0485474	0.0277212
45000	0.0440271	0.0259093
50000	0.0409485	0.0233989
55000	0.0363127	0.0204609
60000	0.0321462	0.0185674
65000	0.0303109	0.0162717
70000	0.0289837	0.0152446
75000	0.0282008	0.0142355
80000	0.0266378	0.012913
85000	0.0247129	0.011852
90000	0.0232641	0.0116718
95000	0.0221557	0.0112602
100000	0.0214654	0.0110112
105000	0.0204377	0.011125
110000	0.0195427	0.0107823
115000	0.0188791	0.00966702
120000	0.0181939	0.00897345
125000	0.017925	0.00869544
130000	0.0180571	0.00860842
135000	0.0180735	0.00822871
140000	0.0179622	0.00778716
145000	0.0175706	0.00768495
150000	0.0169929	0.00779859
155000	0.0166592	0.00765628
160000	0.0161548	0.00719851
165000	0.0157899	0.00701227
170000	0.0151961	0.00688743
175000	0.0148622	0.00719662
180000	0.0145339	0.00723405
185000	0.014179	0.00722342
190000	0.0137438	0.00710191
195000	0.0134335	0.00710064
200000	0.013323	0.00709693
205000	0.0131282	0.0071594
210000	0.0128044	0.00727889
215000	0.0125318	0.00734608
220000	0.0122653	0.0072862
225000	0.0119397	0.00719504
230000	0.0116722	0.00689714
235000	0.0114213	0.00672584
240000	0.0110873	0.00652291
245000	0.010846	0.00656541
250000	0.0108322	0.00662176
255000	0.0107259	0.00666394
260000	0.0106611	0.00660758
265000	0.0105427	0.00651968
270000	0.0104173	0.00638891
275000	0.0101526	0.00611838
280000	0.00993095	0.00586514
285000	0.009798	0.00579473
290000	0.00963082	0.00575912
295000	0.00964673	0.00549517
300000	0.00948956	0.00538602
305000	0.0092975	0.00526263
310000	0.00914299	0.00509465
315000	0.00899742	0.00516204
320000	0.00899119	0.00501327
325000	0.00881874	0.00489524
330000	0.00877821	0.00480265
335000	0.00869238	0.00464112
340000	0.00855119	0.00452127
345000	0.00858412	0.00460498
350000	0.0085367	0.00460945
355000	0.00853244	0.00451721
360000	0.00846292	0.00447845
365000	0.00838051	0.00433423
370000	0.00837781	0.00436997
375000	0.00828914	0.00442577
380000	0.00828345	0.00448047
385000	0.00821135	0.00442389
390000	0.00817321	0.00441452
395000	0.00802979	0.00439215
400000	0.00800906	0.00438613
405000	0.00798783	0.0044477
410000	0.00801772	0.00439779
415000	0.00794678	0.00431887
420000	0.00790535	0.00414138
425000	0.00780873	0.00398309
430000	0.00778071	0.00406017
435000	0.00781299	0.00412969
440000	0.00781434	0.00407702
445000	0.00772174	0.00403254
450000	0.00763967	0.00394224
455000	0.00755569	0.00398815
460000	0.00751022	0.00395478
465000	0.00743473	0.00388541
470000	0.00741668	0.00382943
475000	0.0073457	0.00382889
480000	0.00729676	0.00384045
485000	0.00726703	0.00387004
490000	0.00729954	0.00383463
495000	0.00725444	0.00376132
500000	0.0073022	0.00372113
505000	0.00731591	0.00380743
510000	0.00734892	0.00380007
515000	0.00730368	0.00380891
520000	0.00727535	0.00382261
525000	0.00729995	0.00379573
530000	0.0072922	0.00372152
535000	0.00732665	0.00366782
540000	0.00737595	0.00365331
545000	0.00730444	0.00367213
550000	0.0071861	0.00362216
555000	0.00714578	0.00356183
560000	0.00707638	0.00352418
565000	0.00708366	0.00349703
570000	0.00699942	0.00337496
575000	0.00693777	0.0032128
580000	0.00685828	0.00316493
585000	0.006792	0.00310292
590000	0.00674232	0.00315187
595000	0.00673911	0.00309137
600000	0.00670735	0.00309295
605000	0.00670224	0.00303875
610000	0.00672228	0.00300235
615000	0.00664324	0.00305407
620000	0.00665255	0.00304743
625000	0.00663403	0.0030552
630000	0.00661946	0.00303342
635000	0.00659421	0.00297032
640000	0.00656571	0.00289449
645000	0.00658882	0.00284234
650000	0.00650771	0.00282365
655000	0.00649651	0.00288158
660000	0.00647452	0.00294064
665000	0.00644456	0.00298829
670000	0.00641213	0.00297406
675000	0.00644418	0.00298592
680000	0.00639979	0.00288645
685000	0.00640817	0.00287825
690000	0.00637206	0.00279585
695000	0.00643093	0.00273796
700000	0.00644721	0.00275891
705000	0.0064049	0.00276478
710000	0.00638203	0.00273346
715000	0.00639002	0.0027826
720000	0.00634979	0.00275417
725000	0.00631713	0.00280444
730000	0.00630681	0.00277441
735000	0.00630276	0.00278264
740000	0.00636843	0.00279297
745000	0.00638677	0.00284846
750000	0.00639576	0.00288534
755000	0.00640036	0.00289412
760000	0.00640652	0.00287591
765000	0.00637683	0.00279579
770000	0.00635439	0.00277364
775000	0.00633598	0.00268688
780000	0.00632211	0.00264732
785000	0.00629214	0.00267219
790000	0.00624758	0.00269867
795000	0.00616109	0.00272303
800000	0.00608783	0.00274894
805000	0.00605701	0.00273068
810000	0.00603173	0.0027407
815000	0.00597004	0.00269133
820000	0.00587326	0.00262048
825000	0.00585636	0.00252493
830000	0.00588453	0.00249618
835000	0.00589883	0.00252069
840000	0.00593809	0.00256847
845000	0.00592127	0.00260717
850000	0.00586501	0.00265283
855000	0.00577155	0.00268265
860000	0.00572546	0.00269071
865000	0.00574069	0.00270118
870000	0.00572755	0.00277155
875000	0.00573484	0.00280346
880000	0.00571157	0.00284347
885000	0.0057048	0.00283344
890000	0.00570967	0.00289792
895000	0.0056668	0.00288654
900000	0.00563751	0.00284804
905000	0.00562969	0.00281071
910000	0.00563364	0.00281146
915000	0.00563166	0.00278779
920000	0.0056248	0.00278371
925000	0.00558589	0.00275006
930000	0.00559295	0.002728
935000	0.0055621	0.00276694
940000	0.00554608	0.0027304
945000	0.00551548	0.00269107
950000	0.00550252	0.00267979
955000	0.00547487	0.00266491
960000	0.00545452	0.00263558
965000	0.00550178	0.00260384
970000	0.00547452	0.00260462
975000	0.00545946	0.00259268
980000	0.00546829	0.0025667
985000	0.00542707	0.00252059
990000	0.00538253	0.00249381
995000	0.00533888	0.00247764
1e+06	0.00532708	0.00243296
1.005e+06	0.00531977	0.00248069
1.01e+06	0.00529692	0.00254802
1.015e+06	0.00528053	0.00258272
1.02e+06	0.00525855	0.00256803
1.025e+06	0.00522852	0.00256239
1.03e+06	0.00520059	0.00257943
1.035e+06	0.00518201	0.00259141
1.04e+06	0.00517924	0.00260377
1.045e+06	0.00512915	0.00262785
1.05e+06	0.00510399	0.00263416
1.055e+06	0.00504994	0.00260849
1.06e+06	0.00506924	0.00258716
1.065e+06	0.00507438	0.00258699
1.07e+06	0.00509095	0.00260667
1.075e+06	0.00511245	0.00264526
1.08e+06	0.00513831	0.00261232
1.085e+06	0.00518981	0.00259696
1.09e+06	0.00521427	0.00257275
1.095e+06	0.00523151	0.00257179
1.1e+06	0.00524972	0.00256222
1.105e+06	0.00526476	0.00256746
1.11e+06	0.00527018	0.00253723
1.115e+06	0.00529037	0.00252588
1.12e+06	0.00527648	0.00248709
1.125e+06	0.00522789	0.00242979
1.13e+06	0.00519573	0.00240551
1.135e+06	0.00517632	0.00238373
1.14e+06	0.00517457	0.00234718
1.145e+06	0.00518368	0.0023179
1.15e+06	0.00515472	0.00230484
1.155e+06	0.00507951	0.00232636
1.16e+06	0.00503339	0.00232915
1.165e+06	0.00501115	0.00230827
1.17e+06	0.00500275	0.00227381
1.175e+06	0.00501014	0.00228406
1.18e+06	0.00499937	0.00231517
1.185e+06	0.00500587	0.00228288
1.19e+06	0.00499848	0.00226195
1.195e+06	0.00502679	0.00224908
1.2e+06	0.00501296	0.00226932
1.205e+06	0.00501565	0.00223716
1.21e+06	0.00502634	0.0022257
1.215e+06	0.00501558	0.00222485
1.22e+06	0.00498341	0.00222133
1.225e+06	0.00498704	0.00224562
1.23e+06	0.00500803	0.00228609
1.235e+06	0.00500551	0.00226716
1.24e+06	0.00501964	0.00224612
1.245e+06	0.00503463	0.00221603
1.25e+06	0.005037	0.00221516
1.255e+06	0.00503761	0.00223876
1.26e+06	0.00499398	0.00225146
1.265e+06	0.00496759	0.00223533
1.27e+06	0.00495932	0.00222733
1.275e+06	0.00494455	0.00223688
1.28e+06	0.00495062	0.0022481
1.285e+06	0.00494765	0.00223147
1.29e+06	0.00488958	0.00223006
1.295e+06	0.00487479	0.0022187
1.3e+06	0.00483256	0.00221795
1.305e+06	0.00481789	0.00219837
1.31e+06	0.00482531	0.00219937
1.315e+06	0.00481886	0.00219886
1.32e+06	0.00481538	0.00221767
1.325e+06	0.00481355	0.00218759
1.33e+06	0.00479336	0.00216688
1.335e+06	0.0047727	0.00214239
1.34e+06	0.00471083	0.00208074
1.345e+06	0.00464957	0.0020657
1.35e+06	0.00460334	0.0020436
1.355e+06	0.00459006	0.00201872
1.36e+06	0.00454197	0.00201946
1.365e+06	0.00450368	0.00202995
1.37e+06	0.00448002	0.00202815
1.375e+06	0.00447028	0.002052
1.38e+06	0.00447785	0.00204439
1.385e+06	0.00445836	0.00205476
1.39e+06	0.00442247	0.00204668
1.395e+06	0.00438904	0.0020611
1.4e+06	0.00435497	0.00208805
1.405e+06	0.00434049	0.00213688
1.41e+06	0.00433156	0.00216999
1.415e+06	0.00429837	0.00214547
1.42e+06	0.00427906	0.00213224
1.425e+06	0.00426012	0.00211054
1.43e+06	0.00426073	0.00209016
1.435e+06	0.00424733	0.0021058
1.44e+06	0.00424145	0.00210298
1.445e+06	0.00425764	0.00209074
1.45e+06	0.00428093	0.0020681
1.455e+06	0.00429666	0.00209797
1.46e+06	0.00428603	0.00210497
1.465e+06	0.00427554	0.00211267
1.47e+06	0.00426204	0.00214908
1.475e+06	0.00423352	0.00216866
1.48e+06	0.00422577	0.00218513
1.485e+06	0.00420561	0.00224413
1.49e+06	0.00415107	0.00225379
1.495e+06	0.0041118	0.00228519
1.5e+06	0.00407364	0.00229948
1.505e+06	0.00403579	0.00228758
1.51e+06	0.00401779	0.00225681
1.515e+06	0.00403613	0.00226698
1.52e+06	0.00406069	0.00227221
1.525e+06	0.00408091	0.00226762
1.53e+06	0.00405811	0.0022818
1.535e+06	0.00407391	0.00229876
1.54e+06	0.0040677	0.00230205
1.545e+06	0.00408372	0.0022698
1.55e+06	0.00407585	0.00223023
1.555e+06	0.00406867	0.00221546
1.56e+06	0.00408845	0.00220782
1.565e+06	0.0040942	0.00218897
1.57e+06	0.00410685	0.00217735
1.575e+06	0.00410136	0.00216203
1.58e+06	0.00410475	0.00214639
1.585e+06	0.00411597	0.0021526
1.59e+06	0.00412214	0.00215828
1.595e+06	0.00410396	0.00215213
1.6e+06	0.0041198	0.00212825
1.605e+06	0.00414252	0.0020791
1.61e+06	0.00414715	0.00206285
1.615e+06	0.00416076	0.00206178
1.62e+06	0.00415004	0.00207059
1.625e+06	0.00414715	0.00206511
1.63e+06	0.00413472	0.00203356
1.635e+06	0.00414061	0.00201716
1.64e+06	0.00414358	0.00200037
1.645e+06	0.00416826	0.00199279
1.65e+06	0.00417747	0.00198854
1.655e+06	0.00417766	0.00199256
1.66e+06	0.00418377	0.00199163
1.665e+06	0.00417762	0.0020072
1.67e+06	0.00416407	0.00204037
1.675e+06	0.00414751	0.00207321
1.68e+06	0.00414403	0.00206597
1.685e+06	0.00414104	0.00205126
1.69e+06	0.00411967	0.00203653
1.695e+06	0.0040884	0.00200213
1.7e+06	0.0040831	0.0019964
1.705e+06	0.00407594	0.00202557
1.71e+06	0.00406938	0.00201619
1.715e+06	0.0040644	0.00202363
1.72e+06	0.00406218	0.00204445
1.725e+06	0.00405416	0.00206098
1.73e+06	0.00406181	0.00207218
1.735e+06	0.00409669	0.0020704
1.74e+06	0.00410793	0.00208489
1.745e+06	0.00412632	0.00206002
1.75e+06	0.00411355	0.00205084
1.755e+06	0.00411881	0.00205801
1.76e+06	0.00411401	0.00207505
1.765e+06	0.00409905	0.00206314
1.77e+06	0.00407577	0.00207093
1.775e+06	0.00408792	0.00209936
1.78e+06	0.00409915	0.00211324
1.785e+06	0.00411598	0.00212989
1.79e+06	0.00412309	0.00212426
1.795e+06	0.00411801	0.00214791
1.8e+06	0.00409114	0.00212851
1.805e+06	0.00408873	0.00212748
1.81e+06	0.00410088	0.00212589
1.815e+06	0.00410001	0.00210465
1.82e+06	0.00409178	0.00210667
1.825e+06	0.00409072	0.00207939
1.83e+06	0.00409265	0.0020415
1.835e+06	0.00409822	0.00202408
1.84e+06	0.00408259	0.00201551
1.845e+06	0.00406078	0.00202124
1.85e+06	0.00405434	0.00202073
1.855e+06	0.00403728	0.00200822
1.86e+06	0.00403487	0.00204196
1.865e+06	0.00402396	0.00204514
1.87e+06	0.00403384	0.00203175
1.875e+06	0.00401965	0.00201528
1.88e+06	0.00401359	0.00202108
1.885e+06	0.00401549	0.00200747
1.89e+06	0.0040235	0.00199171
1.895e+06	0.00402367	0.00199048
1.9e+06	0.00399832	0.00196795
1.905e+06	0.00401592	0.00191961
1.91e+06	0.00398295	0.00191866
1.915e+06	0.00395191	0.00190181
1.92e+06	0.00393709	0.00187962
1.925e+06	0.00394337	0.00188663
1.93e+06	0.00395812	0.00190265
1.935e+06	0.00395844	0.00194264
1.94e+06	0.0039865	0.00194497
1.945e+06	0.00399644	0.00195496
1.95e+06	0.00397724	0.00193942
1.955e+06	0.00397269	0.00193733
1.96e+06	0.0039967	0.00193155
1.965e+06	0.00400704	0.00193664
1.97e+06	0.00401178	0.00193222
1.975e+06	0.00400706	0.00193923
1.98e+06	0.00402729	0.00193501
1.985e+06	0.00404708	0.00193746
1.99e+06	0.00405574	0.00194212
1.995e+06	0.00408041	0.00195516
2e+06	0.00409168	0.00195064
2.005e+06	0.00406933	0.00194634
2.01e+06	0.00407487	0.00194882
2.015e+06	0.00408842	0.00196414
2.02e+06	0.00407257	0.001966
2.025e+06	0.00406184	0.00195955
2.03e+06	0.00404891	0.00198523
2.035e+06	0.00404236	0.00198437
2.04e+06	0.0040255	0.00194839
2.045e+06	0.00401311	0.00191219
2.05e+06	0.0040319	0.0018974
2.055e+06	0.00404675	0.00190104
2.06e+06	0.00404503	0.00191079
2.065e+06	0.00404172	0.00191304
2.07e+06	0.00404439	0.00190111
2.075e+06	0.00404219	0.00189274
2.08e+06	0.00403854	0.00186881
2.085e+06	0.00402057	0.00186019
2.09e+06	0.00400367	0.00186825
2.095e+06	0.00399889	0.00188159
2.1e+06	0.00398425	0.00189138
2.105e+06	0.00397893	0.00188868
2.11e+06	0.00398114	0.0018641
2.115e+06	0.00397414	0.00185748
2.12e+06	0.00397226	0.00184603
2.125e+06	0.00392544	0.00186385
2.13e+06	0.00390095	0.00185759
2.135e+06	0.00387119	0.00184392
2.14e+06	0.00383895	0.00184041
2.145e+06	0.00382435	0.00184135
2.15e+06	0.00379297	0.00184544
2.155e+06	0.00376214	0.00184579
2.16e+06	0.00373395	0.00185695
2.165e+06	0.00372953	0.00187398
2.17e+06	0.00372454	0.00187838
2.175e+06	0.00371055	0.00186981
2.18e+06	0.00367022	0.00184389
2.185e+06	0.00364934	0.00183086
2.19e+06	0.00362791	0.00181898
2.195e+06	0.00363052	0.00180104
2.2e+06	0.00362165	0.00181413
2.205e+06	0.00361058	0.00182334
2.21e+06	0.00360775	0.00183506
2.215e+06	0.00357218	0.00184511
2.22e+06	0.00355793	0.00185286
2.225e+06	0.00355053	0.00183894
2.23e+06	0.00353805	0.00183333
2.235e+06	0.00352761	0.00182517
2.24e+06	0.00350362	0.00181265
2.245e+06	0.0034708	0.00181138
2.25e+06	0.00346018	0.00179371
2.255e+06	0.00345295	0.00178103
2.26e+06	0.00345443	0.00177814
2.265e+06	0.00346095	0.00178089
2.27e+06	0.00344272	0.00179376
2.275e+06	0.00341549	0.00180808
2.28e+06	0.00341494	0.00183191
2.285e+06	0.00341047	0.00184182
2.29e+06	0.00338892	0.00183499
2.295e+06	0.00338523	0.00180606
2.3e+06	0.00336985	0.00180477
2.305e+06	0.0033736	0.00180243
2.31e+06	0.00337137	0.00178949
2.315e+06	0.00337144	0.00176751
2.32e+06	0.00337032	0.00177664
2.325e+06	0.0033676	0.00176596
2.33e+06	0.00336562	0.00174952
2.335e+06	0.00338089	0.00173767
2.34e+06	0.00340462	0.00173315
2.345e+06	0.00339549	0.00172204
2.35e+06	0.00338279	0.00171061
2.355e+06	0.00336634	0.00171373
2.36e+06	0.00336664	0.00168427
2.365e+06	0.00338786	0.0016792
2.37e+06	0.00336997	0.00169441
2.375e+06	0.00333469	0.00169533
2.38e+06	0.00333234	0.00171809
2.385e+06	0.0033206	0.001733
2.39e+06	0.0033159	0.00173957
2.395e+06	0.00329886	0.00173252
2.4e+06	0.00331119	0.00172775
2.405e+06	0.0033272	0.00172934
2.41e+06	0.00332495	0.00170698
2.415e+06	0.00332438	0.00169546
2.42e+06	0.00333105	0.00168877
2.425e+06	0.00332552	0.00166845
2.43e+06	0.00331234	0.00166247
2.435e+06	0.00329563	0.00164709
2.44e+06	0.00327505	0.00164054
2.445e+06	0.00326999	0.00165414
2.45e+06	0.00326052	0.00165227
2.455e+06	0.00325361	0.00165552
2.46e+06	0.0032486	0.0016577
2.465e+06	0.00325211	0.00165329
2.47e+06	0.00325221	0.00164724
2.475e+06	0.00326243	0.00163016
2.48e+06	0.00325954	0.00159433
2.485e+06	0.00325356	0.00158346
2.49e+06	0.00326175	0.00157244
2.495e+06	0.00325731	0.00156301
2.5e+06	0.00325497	0.00158732
2.505e+06	0.00325909	0.00156719
2.51e+06	0.00325145	0.00158577
2.515e+06	0.00325663	0.00158737
2.52e+06	0.00323886	0.00158708
2.525e+06	0.00322738	0.00157886
2.53e+06	0.00321871	0.00157426
2.535e+06	0.00320953	0.00157521
2.54e+06	0.00320996	0.00157107
2.545e+06	0.00321182	0.00156283
2.55e+06	0.00320328	0.0015713
2.555e+06	0.00320504	0.00157155
2.56e+06	0.003204	0.00157887
2.565e+06	0.00318614	0.00157303
2.57e+06	0.00316846	0.00157185
2.575e+06	0.00317071	0.00157246
2.58e+06	0.00315605	0.00157619
2.585e+06	0.00315254	0.00158315
2.59e+06	0.0031473	0.00158608
2.595e+06	0.00314031	0.00158995
2.6e+06	0.00312446	0.0015969
2.605e+06	0.00311475	0.0016051
2.61e+06	0.00310657	0.00159496
2.615e+06	0.00310212	0.0015857
2.62e+06	0.00309924	0.0015922
2.625e+06	0.00309342	0.00160666
2.63e+06	0.00308961	0.00160457
2.635e+06	0.00307754	0.00160401
2.64e+06	0.00305481	0.00161124
2.645e+06	0.00304927	0.00162038
2.65e+06	0.0030293	0.00162273
2.655e+06	0.00301203	0.00161116
2.66e+06	0.00302092	0.00160457
2.665e+06	0.00303019	0.00158738
2.67e+06	0.00302709	0.00160123
2.675e+06	0.00303962	0.00161617
2.68e+06	0.0030551	0.00162871
2.685e+06	0.00304453	0.00163349
2.69e+06	0.00304617	0.00164078
2.695e+06	0.00305198	0.00167975
2.7e+06	0.00305385	0.00167544
2.705e+06	0.00304213	0.00168571
2.71e+06	0.00303831	0.00170373
2.715e+06	0.00304372	0.00170112
2.72e+06	0.00302864	0.00168411
2.725e+06	0.00300451	0.00168905
2.73e+06	0.00300429	0.00169214
2.735e+06	0.00300707	0.00171228
2.74e+06	0.00300635	0.00170764
2.745e+06	0.00300067	0.0017022
2.75e+06	0.00300909	0.00168902
2.755e+06	0.00300854	0.00167774
2.76e+06	0.00300346	0.0016813
2.765e+06	0.00300565	0.00169459
2.77e+06	0.00301252	0.0017238
2.775e+06	0.00301001	0.00171963
2.78e+06	0.00300788	0.00170294
2.785e+06	0.00301929	0.00168263
2.79e+06	0.00302662	0.00166209
2.795e+06	0.00303225	0.00165301
2.8e+06	0.00303487	0.001649
2.805e+06	0.00303258	0.0016546
2.81e+06	0.00303288	0.00163722
2.815e+06	0.00304033	0.00161981
2.82e+06	0.00304096	0.00160331
2.825e+06	0.00304561	0.00160777
2.83e+06	0.00303031	0.00162016
2.835e+06	0.00302988	0.00162316
2.84e+06	0.00302448	0.00163284
2.845e+06	0.00301521	0.00164236
2.85e+06	0.00300832	0.00163936
2.855e+06	0.00299722	0.00163265
2.86e+06	0.0029935	0.00162843
2.865e+06	0.00298413	0.00161583
2.87e+06	0.00297895	0.00159475
2.875e+06	0.0029837	0.0015841
2.88e+06	0.00298806	0.00158578
2.885e+06	0.00298993	0.00159846
2.89e+06	0.00299061	0.00159551
2.895e+06	0.00299061	0.00158347
2.9e+06	0.00297647	0.0015646
2.905e+06	0.00295457	0.00154168
2.91e+06	0.00295576	0.00152557
2.915e+06	0.00295091	0.00152344
2.92e+06	0.00293487	0.00151344
2.925e+06	0.00291325	0.00150264
2.93e+06	0.00290705	0.00148793
2.935e+06	0.00292509	0.00148891
2.94e+06	0.0029235	0.00148054
2.945e+06	0.00293917	0.00149321
2.95e+06	0.00295808	0.00150949
2.955e+06	0.00295784	0.00151086
2.96e+06	0.00294976	0.00150582
2.965e+06	0.0029318	0.00151688
2.97e+06	0.00293104	0.00151592
2.975e+06	0.00293881	0.00152023
2.98e+06	0.00293372	0.00151959
2.985e+06	0.00292149	0.00152629
2.99e+06	0.00290943	0.00153429
2.995e+06	0.00288327	0.00152571
3e+06	0.00287964	0.00151651
3.005e+06	0.00287458	0.00151644
3.01e+06	0.00287292	0.00151603
3.015e+06	0.0028762	0.00151909
3.02e+06	0.00286939	0.00151238
3.025e+06	0.00286809	0.00151625
3.03e+06	0.00286657	0.00152447
3.035e+06	0.00286047	0.00152875
3.04e+06	0.00286558	0.00151005
3.045e+06	0.00285691	0.00150498
3.05e+06	0.00285661	0.001495
3.055e+06	0.00284271	0.00149522
3.06e+06	0.00283549	0.00148922
3.065e+06	0.00282921	0.00148564
3.07e+06	0.00283602	0.00147956
3.075e+06	0.00284689	0.00147592
3.08e+06	0.00285234	0.00147877
3.085e+06	0.00284003	0.00147901
3.09e+06	0.00283311	0.00148308
3.095e+06	0.00282191	0.00147846
3.1e+06	0.00280385	0.00146104
3.105e+06	0.00278713	0.00146088
3.11e+06	0.00278396	0.00146194
3.115e+06	0.00279731	0.00147529
3.12e+06	0.00280375	0.00146223
3.125e+06	0.00279616	0.00144545
3.13e+06	0.00278995	0.00143087
3.135e+06	0.00277714	0.00141766
3.14e+06	0.002773	0.00141153
3.145e+06	0.00276626	0.00141745
3.15e+06	0.00277692	0.00141437
3.155e+06	0.00276798	0.0014114
3.16e+06	0.00276686	0.00140662
3.165e+06	0.00276631	0.00139828
3.17e+06	0.00276398	0.00138742
3.175e+06	0.00275505	0.0014125
3.18e+06	0.00274969	0.00144118
3.185e+06	0.00273986	0.00144835
3.19e+06	0.00273283	0.00143644
3.195e+06	0.00272983	0.00142156
3.2e+06	0.0027174	0.00141672
3.205e+06	0.00272346	0.00142763
3.21e+06	0.00272254	0.0014309
3.215e+06	0.00273142	0.00143454
3.22e+06	0.00272504	0.00144421
3.225e+06	0.00272244	0.00145223
3.23e+06	0.00271531	0.00144408
3.235e+06	0.00271794	0.00144326
3.24e+06	0.00272057	0.00143884
3.245e+06	0.00272133	0.00143682
3.25e+06	0.00270934	0.00143435
3.255e+06	0.00270827	0.00144217
3.26e+06	0.00270858	0.00143752
3.265e+06	0.00270737	0.0014298
3.27e+06	0.002709	0.00141905
3.275e+06	0.00270902	0.00140638
3.28e+06	0.00270297	0.0013946
3.285e+06	0.0026999	0.00139996
3.29e+06	0.00267613	0.00139781
3.295e+06	0.00266453	0.00139653
3.3e+06	0.00266143	0.00138637
3.305e+06	0.00264387	0.00137965
3.31e+06	0.00264338	0.00137737
3.315e+06	0.00264965	0.00138279
3.32e+06	0.0026507	0.00138036
3.325e+06	0.00265363	0.00137721
3.33e+06	0.00264797	0.00136682
3.335e+06	0.00265532	0.00135613
3.34e+06	0.00266096	0.00134735
3.345e+06	0.00265547	0.00134182
3.35e+06	0.0026422	0.00134128
3.355e+06	0.00264034	0.0013413
3.36e+06	0.00264963	0.00134236
3.365e+06	0.00263707	0.00133969
3.37e+06	0.0026293	0.00133315
3.375e+06	0.0026169	0.00132815
3.38e+06	0.00260798	0.0013272
3.385e+06	0.00260092	0.00132113
3.39e+06	0.00258465	0.00131898
3.395e+06	0.00257645	0.00131652
3.4e+06	0.00256796	0.0013243
3.405e+06	0.00255812	0.00133857
3.41e+06	0.00254745	0.00135002
3.415e+06	0.00254515	0.00134641
3.42e+06	0.00254324	0.00133946
3.425e+06	0.00253689	0.00132638
3.43e+06	0.00253253	0.00132556
3.435e+06	0.00253565	0.00133484
3.44e+06	0.00253565	0.00133978
3.445e+06	0.0025322	0.00133101
3.45e+06	0.00252855	0.00133847
3.455e+06	0.00254254	0.00134857
3.46e+06	0.00253118	0.00134404
3.465e+06	0.00252268	0.00133657
3.47e+06	0.0025296	0.00132759
3.475e+06	0.00252855	0.00132293
3.48e+06	0.00253967	0.00132631
3.485e+06	0.0025393	0.00133051
3.49e+06	0.00252003	0.00132943
3.495e+06	0.0025155	0.001329
3.5e+06	0.00251219	0.00132171
3.505e+06	0.00251172	0.00131528
3.51e+06	0.00251657	0.00131036
3.515e+06	0.00252199	0.00130589
3.52e+06	0.00251455	0.00130517
3.525e+06	0.0025082	0.00130336
3.53e+06	0.00250052	0.00130567
3.535e+06	0.00250037	0.00131264
3.54e+06	0.00249738	0.00129748
3.545e+06	0.00249466	0.00128109
3.55e+06	0.00249524	0.00127497
3.555e+06	0.00250107	0.00127354
3.56e+06	0.00249451	0.00126629
3.565e+06	0.0024908	0.00126068
3.57e+06	0.00248294	0.00125815
3.575e+06	0.00248596	0.00126317
3.58e+06	0.00247741	0.00125197
3.585e+06	0.00247188	0.00124874
3.59e+06	0.00247166	0.00125083
3.595e+06	0.00247316	0.00125337
3.6e+06	0.00247668	0.00125278
3.605e+06	0.00248057	0.00126853
3.61e+06	0.0024875	0.00127398
3.615e+06	0.00248505	0.00127522
3.62e+06	0.00247058	0.00126892
3.625e+06	0.00245236	0.00126475
3.63e+06	0.00245898	0.00127074
3.635e+06	0.00245927	0.00126813
3.64e+06	0.00246091	0.00125493
3.645e+06	0.00245614	0.00125009
3.65e+06	0.00245941	0.00124687
3.655e+06	0.00246477	0.00124123
3.66e+06	0.00246649	0.00124794
3.665e+06	0.00245949	0.00124006
3.67e+06	0.00246311	0.00123605
3.675e+06	0.00245704	0.00123327
3.68e+06	0.00245771	0.00123591
3.685e+06	0.0024583	0.00124102
3.69e+06	0.00246826	0.00123615
3.695e+06	0.00246869	0.00122333
3.7e+06	0.00246139	0.00121227
3.705e+06	0.00246897	0.00121256
3.71e+06	0.00247273	0.00122263
3.715e+06	0.00247743	0.00121465
3.72e+06	0.00247802	0.00121577
3.725e+06	0.0024709	0.00121773
3.73e+06	0.00247461	0.00122653
3.735e+06	0.00247328	0.0012199
3.74e+06	0.00247919	0.00120822
3.745e+06	0.00247662	0.00119834
3.75e+06	0.00247462	0.00120063
3.755e+06	0.00248282	0.00121438
3.76e+06	0.00247624	0.00121593
3.765e+06	0.00246887	0.00120414
3.77e+06	0.00246295	0.00120687
3.775e+06	0.00247307	0.00119757
3.78e+06	0.0024799	0.00120002
3.785e+06	0.00247638	0.00120256
3.79e+06	0.00247017	0.00120694
3.795e+06	0.00247076	0.00120171
3.8e+06	0.00246436	0.00119767
3.805e+06	0.00246507	0.00120499
3.81e+06	0.00246348	0.00121501
3.815e+06	0.00245446	0.00121132
3.82e+06	0.0024413	0.00119977
3.825e+06	0.00243944	0.00120404
3.83e+06	0.00242972	0.00120941
3.835e+06	0.00242393	0.00120047
3.84e+06	0.00242418	0.00120142
3.845e+06	0.00242475	0.00120482
3.85e+06	0.00243729	0.00121684
3.855e+06	0.0024459	0.00122393
3.86e+06	0.00245263	0.00123248
3.865e+06	0.00246169	0.00123496
3.87e+06	0.00245725	0.00123513
3.875e+06	0.00246253	0.00123483
3.88e+06	0.00245992	0.00123308
3.885e+06	0.00246773	0.00122928
3.89e+06	0.00247575	0.00123257
3.895e+06	0.0024687	0.00123174
3.9e+06	0.00246991	0.00123105
3.905e+06	0.00247007	0.00123191
3.91e+06	0.00246563	0.00124226
3.915e+06	0.00246097	0.00125565
3.92e+06	0.00245651	0.00124341
3.925e+06	0.00245713	0.00124696
3.93e+06	0.00245272	0.00125503
3.935e+06	0.00244086	0.00125426
3.94e+06	0.00244047	0.00125374
3.945e+06	0.00244685	0.00126052
3.95e+06	0.00244682	0.00125484
3.955e+06	0.00244728	0.00124909
3.96e+06	0.00245154	0.001241
3.965e+06	0.00245363	0.00124574
3.97e+06	0.00243712	0.00125679
3.975e+06	0.00243766	0.00125473
3.98e+06	0.00243559	0.00126111
3.985e+06	0.00243653	0.00125514
3.99e+06	0.00243817	0.00125977
3.995e+06	0.00243848	0.0012623
4e+06	0.00243519	0.00126938
4.005e+06	0.00243365	0.00127637
4.01e+06	0.00243415	0.00126963
4.015e+06	0.00243316	0.00126582
4.02e+06	0.00244997	0.0012661
4.025e+06	0.0024474	0.00126569
4.03e+06	0.00244539	0.00125939
4.035e+06	0.00243989	0.00124965
4.04e+06	0.00243731	0.00125422
4.045e+06	0.00242459	0.00125887
4.05e+06	0.00241101	0.00125943
4.055e+06	0.00239684	0.00125983
4.06e+06	0.00239486	0.0012591
4.065e+06	0.00239411	0.00125788
4.07e+06	0.00240186	0.00127169
4.075e+06	0.00240382	0.00127499
4.08e+06	0.00240403	0.00126822
4.085e+06	0.00240474	0.00126068
4.09e+06	0.00239886	0.00126135
4.095e+06	0.00239389	0.00126207
4.1e+06	0.00240139	0.00125939
4.105e+06	0.0023956	0.00126401
4.11e+06	0.0023991	0.0012673
4.115e+06	0.00240742	0.00126819
4.12e+06	0.00241554	0.0012662
4.125e+06	0.00241712	0.00125757
4.13e+06	0.00242816	0.00125514
4.135e+06	0.00243378	0.00127314
4.14e+06	0.0024366	0.00128425
4.145e+06	0.00243571	0.0012864
4.15e+06	0.00243512	0.00128669
4.155e+06	0.00243581	0.00128297
4.16e+06	0.00244043	0.00127175
4.165e+06	0.00245679	0.0012576
4.17e+06	0.00245288	0.00125173
4.175e+06	0.0024472	0.00125192
4.18e+06	0.00244136	0.00125918
4.185e+06	0.00244132	0.0012608
4.19e+06	0.00244131	0.00126316
4.195e+06	0.00243177	0.00126881
4.2e+06	0.00243064	0.00126432
4.205e+06	0.00243727	0.00125327
4.21e+06	0.00243852	0.00124772
4.215e+06	0.00243212	0.00124391
4.22e+06	0.00242446	0.00124003
4.225e+06	0.00242157	0.00124312
4.23e+06	0.00242965	0.00123934
4.235e+06	0.0024167	0.00124461
4.24e+06	0.00240651	0.00124965
4.245e+06	0.00240062	0.00125477
4.25e+06	0.00240295	0.00125684
4.255e+06	0.00240676	0.00125907
4.26e+06	0.00240514	0.00124914
4.265e+06	0.00240515	0.00125106
4.27e+06	0.00240454	0.00125101
4.275e+06	0.00240637	0.00124931
4.28e+06	0.00240929	0.00124962
4.285e+06	0.002418	0.00125435
4.29e+06	0.00241536	0.00125105
4.295e+06	0.00241859	0.00124721
4.3e+06	0.00242431	0.00124421
4.305e+06	0.00242722	0.00124117
4.31e+06	0.00243226	0.00124326
4.315e+06	0.00243411	0.00123464
4.32e+06	0.00242002	0.00122643
4.325e+06	0.00240993	0.00122358
4.33e+06	0.00240349	0.00122374
4.335e+06	0.00240104	0.00122183
4.34e+06	0.0023904	0.00121858
4.345e+06	0.00238569	0.00121611
4.35e+06	0.00237746	0.00121252
4.355e+06	0.00237798	0.00121758
4.36e+06	0.00237275	0.00121882
4.365e+06	0.00237081	0.00122552
4.37e+06	0.00236445	0.00121853
4.375e+06	0.0023584	0.00120474
4.38e+06	0.00235643	0.00119267
4.385e+06	0.00236407	0.00119461
4.39e+06	0.00236699	0.00120392
4.395e+06	0.00236481	0.00121361
4.4e+06	0.00235648	0.00121425
4.405e+06	0.00236523	0.00121081
4.41e+06	0.00236545	0.00122066
4.415e+06	0.00237014	0.00121873
4.42e+06	0.00236636	0.00121271
4.425e+06	0.00236558	0.00120665
4.43e+06	0.00235906	0.00119786
4.435e+06	0.00234726	0.00119531
4.44e+06	0.00233283	0.00119038
4.445e+06	0.00233499	0.00119904
4.45e+06	0.00234349	0.00121287
4.455e+06	0.00234532	0.0012168
4.46e+06	0.00235012	0.00121195
4.465e+06	0.0023545	0.00120641
4.47e+06	0.00234878	0.00120378
4.475e+06	0.00234504	0.00119957
4.48e+06	0.00234543	0.00120071
4.485e+06	0.00233829	0.0012012
4.49e+06	0.00233474	0.0012106
4.495e+06	0.00233078	0.00121427
4.5e+06	0.00233229	0.00121172
4.505e+06	0.00233254	0.00120229
4.51e+06	0.00233552	0.0011946
4.515e+06	0.00233018	0.00119569
4.52e+06	0.00232664	0.00120398
4.525e+06	0.00233182	0.001206
4.53e+06	0.00233846	0.0012055
4.535e+06	0.00234062	0.00120476
4.54e+06	0.00233282	0.00120986
4.545e+06	0.00233008	0.00121605
4.55e+06	0.0023257	0.00122295
4.555e+06	0.00231837	0.00122139
4.56e+06	0.00230693	0.00122386
4.565e+06	0.00231142	0.00123131
4.57e+06	0.00232338	0.00123799
4.575e+06	0.00231559	0.00123388
4.58e+06	0.00232434	0.00123485
4.585e+06	0.00233072	0.00122773
4.59e+06	0.0023424	0.00123121
4.595e+06	0.00234927	0.0012362
4.6e+06	0.00235196	0.00123552
4.605e+06	0.0023561	0.00124552
4.61e+06	0.00235486	0.00124671
4.615e+06	0.00234556	0.00124811
4.62e+06	0.0023289	0.00125016
4.625e+06	0.0023188	0.00124868
4.63e+06	0.00229658	0.0012366
4.635e+06	0.00228398	0.00123506
4.64e+06	0.00228304	0.00123472
4.645e+06	0.00228229	0.00123362
4.65e+06	0.00227303	0.00123208
4.655e+06	0.00227871	0.00123105
4.66e+06	0.00227971	0.00123384
4.665e+06	0.00227786	0.00123476
4.67e+06	0.00227583	0.00122938
4.675e+06	0.00227638	0.00122717
4.68e+06	0.00227929	0.00122177
4.685e+06	0.00227913	0.00122313
4.69e+06	0.00227876	0.00122914
4.695e+06	0.00227157	0.00122302
4.7e+06	0.00227177	0.00121499
4.705e+06	0.00226549	0.00120419
4.71e+06	0.0022582	0.00120359
4.715e+06	0.00225195	0.00119976
4.72e+06	0.00224345	0.00119249
4.725e+06	0.00223235	0.00118475
4.73e+06	0.00222528	0.00117703
4.735e+06	0.00222504	0.00117475
4.74e+06	0.00223162	0.00116806
4.745e+06	0.00223153	0.00116639
4.75e+06	0.00222581	0.00117902
4.755e+06	0.00221258	0.00118513
4.76e+06	0.00221489	0.00118261
4.765e+06	0.00221349	0.00118527
4.77e+06	0.00222035	0.00118086
4.775e+06	0.00223102	0.00118862
4.78e+06	0.00224219	0.00119241
4.785e+06	0.00223717	0.00118917
4.79e+06	0.0022339	0.00118668
4.795e+06	0.00223203	0.00118007
4.8e+06	0.00223347	0.00118284
4.805e+06	0.00223361	0.00117714
4.81e+06	0.00223699	0.00117178
4.815e+06	0.00223743	0.00116209
4.82e+06	0.00223265	0.00115711
4.825e+06	0.00222991	0.00115103
4.83e+06	0.00222684	0.00114522
4.835e+06	0.00222765	0.00115202
4.84e+06	0.00223261	0.00116312
4.845e+06	0.00223039	0.00116747
4.85e+06	0.00221927	0.00117083
4.855e+06	0.00221632	0.00117175
4.86e+06	0.00222566	0.00117408
4.865e+06	0.00223132	0.00117876
4.87e+06	0.00222993	0.00117289
4.875e+06	0.00222895	0.00117294
4.88e+06	0.00223308	0.00118141
4.885e+06	0.00223556	0.00117688
4.89e+06	0.00223491	0.00117287
4.895e+06	0.00222866	0.00116675
4.9e+06	0.00222103	0.00116425
4.905e+06	0.00221717	0.00116595
4.91e+06	0.00221534	0.00116636
4.915e+06	0.0022135	0.00117172
4.92e+06	0.00220927	0.00116978
4.925e+06	0.00220422	0.00116904
4.93e+06	0.00219673	0.00116956
4.935e+06	0.00219766	0.00116593
4.94e+06	0.00219958	0.00116407
4.945e+06	0.00220253	0.00116796
4.95e+06	0.00220753	0.00117594
4.955e+06	0.00220275	0.00117869
4.96e+06	0.00220455	0.001179
4.965e+06	0.00220903	0.00117767
4.97e+06	0.00220741	0.00116196
4.975e+06	0.00220448	0.00116247
4.98e+06	0.00220828	0.00116992
4.985e+06	0.00220514	0.00117822
4.99e+06	0.00221662	0.00118767
4.995e+06	0.00222353	0.00118607
5e+06	0.00222405	0.00118503
5.005e+06	0.00221968	0.00118866
5.01e+06	0.00221705	0.00119465
5.015e+06	0.00220663	0.0011905
5.02e+06	0.00220069	0.00118596
5.025e+06	0.00219473	0.00117819
5.03e+06	0.00219337	0.00118033
5.035e+06	0.00218452	0.00118474
5.04e+06	0.00217983	0.00118537
5.045e+06	0.00217638	0.00118355
5.05e+06	0.00217658	0.00118297
5.055e+06	0.00218533	0.00118207
5.06e+06	0.00218344	0.00118172
5.065e+06	0.00218498	0.00118758
5.07e+06	0.00219217	0.00118937
5.075e+06	0.00219203	0.00118942
5.08e+06	0.002191	0.00118765
5.085e+06	0.00218536	0.00118753
5.09e+06	0.0021881	0.00119261
5.095e+06	0.00219056	0.00119173
5.1e+06	0.00219413	0.00118684
5.105e+06	0.00219081	0.00118059
5.11e+06	0.00218485	0.001185
5.115e+06	0.00217891	0.00118529
5.12e+06	0.00217366	0.00119348
5.125e+06	0.00217584	0.00119319
5.13e+06	0.00217024	0.00119445
5.135e+06	0.00216319	0.00119681
5.14e+06	0.00216251	0.00119918
5.145e+06	0.00215835	0.0012014
5.15e+06	0.00215679	0.00119128
5.155e+06	0.00215464	0.0011889
5.16e+06	0.00215279	0.00119316
5.165e+06	0.00213965	0.00119054
5.17e+06	0.00212875	0.00119349
5.175e+06	0.00213026	0.00119478
5.18e+06	0.00213162	0.00119621
5.185e+06	0.00213775	0.00119192
5.19e+06	0.00214311	0.00118942
5.195e+06	0.0021437	0.00118763
5.2e+06	0.00214007	0.00117571
5.205e+06	0.00213577	0.00117375
5.21e+06	0.00212323	0.00116722
5.215e+06	0.00211159	0.00116295
5.22e+06	0.00210431	0.00115909
5.225e+06	0.00210599	0.00115041
5.23e+06	0.00210045	0.0011445
5.235e+06	0.00210328	0.00114115
5.24e+06	0.00210597	0.00113625
5.245e+06	0.00211033	0.00112931
5.25e+06	0.00211424	0.00113076
5.255e+06	0.00211634	0.00113218
5.26e+06	0.00211775	0.001129
5.265e+06	0.00211941	0.00113198
5.27e+06	0.00212529	0.00113575
5.275e+06	0.00212867	0.00113176
5.28e+06	0.00213377	0.00113942
5.285e+06	0.00213707	0.0011405
5.29e+06	0.00213968	0.00115018
5.295e+06	0.00214016	0.00116482
5.3e+06	0.00213976	0.0011756
5.305e+06	0.00213909	0.00118291
5.31e+06	0.00213517	0.00117358
5.315e+06	0.00213014	0.00116902
5.32e+06	0.00213137	0.0011719
5.325e+06	0.00213192	0.00117364
5.33e+06	0.0021331	0.00116393
5.335e+06	0.00213481	0.00115627
5.34e+06	0.00213324	0.00115439
5.345e+06	0.00213571	0.00115756
5.35e+06	0.00213718	0.00115599
5.355e+06	0.00213707	0.00115252
5.36e+06	0.00213221	0.00114214
5.365e+06	0.00213616	0.00113919
5.37e+06	0.00212608	0.00114008
5.375e+06	0.00211963	0.00113108
5.38e+06	0.00212592	0.00112534
5.385e+06	0.00212356	0.00111988
5.39e+06	0.00212282	0.00112049
5.395e+06	0.00212664	0.00112118
5.4e+06	0.00212957	0.00112304
5.405e+06	0.00213494	0.00112591
5.41e+06	0.00212939	0.00111989
5.415e+06	0.00213773	0.00111828
5.42e+06	0.00213457	0.00110777
5.425e+06	0.00213541	0.00110513
5.43e+06	0.00213159	0.00110278
5.435e+06	0.00212976	0.00111501
5.44e+06	0.00212615	0.00112118
5.445e+06	0.00212527	0.00112284
5.45e+06	0.00211962	0.00111401
5.455e+06	0.00212185	0.00111661
5.46e+06	0.002121	0.00110873
5.465e+06	0.0021215	0.0011005
5.47e+06	0.00211498	0.0010951
5.475e+06	0.00210665	0.00108746
5.48e+06	0.0021009	0.00107788
5.485e+06	0.00210478	0.00107696
5.49e+06	0.0021049	0.00107782
5.495e+06	0.00210713	0.00107426
5.5e+06	0.00210822	0.00107128
5.505e+06	0.00210842	0.001069
5.51e+06	0.00209897	0.00106332
5.515e+06	0.00209021	0.00105661
5.52e+06	0.00208774	0.00105378
5.525e+06	0.00209307	0.00105986
5.53e+06	0.00210207	0.00105907
5.535e+06	0.00210888	0.00105837
5.54e+06	0.00210902	0.0010518
5.545e+06	0.00211725	0.00105561
5.55e+06	0.00211674	0.00105441
5.555e+06	0.00211605	0.00104913
5.56e+06	0.00211667	0.00104169
5.565e+06	0.00211916	0.00103496
5.57e+06	0.0021096	0.00103297
5.575e+06	0.00210935	0.0010303
5.58e+06	0.00210746	0.00102942
5.585e+06	0.00209963	0.00103203
5.59e+06	0.00209857	0.00103254
5.595e+06	0.00209389	0.00103774
5.6e+06	0.00208808	0.00103774
5.605e+06	0.00208499	0.00103614
5.61e+06	0.00208258	0.00103786
5.615e+06	0.00207918	0.00104445
5.62e+06	0.00207498	0.00104427
5.625e+06	0.00207843	0.00104554
5.63e+06	0.00207327	0.00104036
5.635e+06	0.0020753	0.00104571
5.64e+06	0.00207918	0.00104715
5.645e+06	0.00208385	0.00105427
5.65e+06	0.00208678	0.00105872
5.655e+06	0.00208994	0.00106423
5.66e+06	0.00210263	0.0010675
5.665e+06	0.00210872	0.00106821
5.67e+06	0.00210861	0.00107515
5.675e+06	0.00210666	0.00107942
5.68e+06	0.00211307	0.00108519
5.685e+06	0.00211707	0.00108624
5.69e+06	0.00212398	0.00108857
5.695e+06	0.00212631	0.00109132
5.7e+06	0.00212358	0.00109549
5.705e+06	0.0021222	0.00109098
5.71e+06	0.00213687	0.0010989
5.715e+06	0.00214115	0.00109405
5.72e+06	0.00214601	0.00109648
5.725e+06	0.00214951	0.00109977
5.73e+06	0.00215008	0.00110375
5.735e+06	0.0021422	0.00110657
5.74e+06	0.00213129	0.00110519
5.745e+06	0.002125	0.00110928
5.75e+06	0.00211832	0.00110675
5.755e+06	0.00211744	0.00110534
5.76e+06	0.0021106	0.00110556
5.765e+06	0.00210819	0.00110604
5.77e+06	0.00210704	0.00110458
5.775e+06	0.00211504	0.00110919
5.78e+06	0.00211453	0.00111715
5.785e+06	0.00211326	0.00111492
5.79e+06	0.00211513	0.00111578
5.795e+06	0.00210709	0.00111865
5.8e+06	0.00210014	0.00112031
5.805e+06	0.00209897	0.00112159
5.81e+06	0.00210151	0.00112164
5.815e+06	0.00210737	0.00112041
5.82e+06	0.00210779	0.00111736
5.825e+06	0.00210683	0.0011148
5.83e+06	0.0021093	0.00111161
5.835e+06	0.00210728	0.00110614
5.84e+06	0.00210242	0.00110413
5.845e+06	0.0020996	0.00110478
5.85e+06	0.00210666	0.00110996
5.855e+06	0.00210991	0.00111776
5.86e+06	0.00210924	0.00112512
5.865e+06	0.00210599	0.00112724
5.87e+06	0.00210481	0.00112796
5.875e+06	0.00210736	0.00112882
5.88e+06	0.00210638	0.00113298
5.885e+06	0.00210876	0.00113564
5.89e+06	0.00211982	0.00113434
5.895e+06	0.00212394	0.00112946
5.9e+06	0.00213069	0.00113054
5.905e+06	0.00213612	0.00113535
5.91e+06	0.00213904	0.00114092
5.915e+06	0.00213049	0.00114463
5.92e+06	0.00212697	0.00114104
5.925e+06	0.00212744	0.00114289
5.93e+06	0.00212964	0.0011392
5.935e+06	0.00213048	0.00113823
5.94e+06	0.00213284	0.00113006
5.945e+06	0.00213702	0.00112485
5.95e+06	0.00214214	0.0011226
5.955e+06	0.00214256	0.00112438
5.96e+06	0.00214781	0.00112999
5.965e+06	0.00215319	0.00113463
5.97e+06	0.00215726	0.00113314
5.975e+06	0.00215731	0.00112791
5.98e+06	0.00216468	0.00113248
5.985e+06	0.00217051	0.00113141
5.99e+06	0.00217556	0.0011341
5.995e+06	0.00217822	0.00113689
6e+06	0.00217984	0.00113971
6.005e+06	0.00218367	0.0011436
6.01e+06	0.00219165	0.00114224
6.015e+06	0.00219513	0.00114557
6.02e+06	0.00219348	0.00114643
6.025e+06	0.00218303	0.00114254
6.03e+06	0.00217511	0.00114246
6.035e+06	0.00217313	0.00114554
6.04e+06	0.0021792	0.0011438
6.045e+06	0.00217968	0.00114395
6.05e+06	0.00217269	0.00114102
6.055e+06	0.0021686	0.00113828
6.06e+06	0.00216918	0.00113704
6.065e+06	0.00216532	0.00113893
6.07e+06	0.0021674	0.00114174
6.075e+06	0.00216944	0.00113692
6.08e+06	0.00216524	0.00113263
6.085e+06	0.00216942	0.00113669
6.09e+06	0.0021769	0.00113598
6.095e+06	0.00218207	0.00113812
6.1e+06	0.00218342	0.00113193
6.105e+06	0.00218253	0.0011259
6.11e+06	0.00217803	0.0011285
6.115e+06	0.00217315	0.0011263
6.12e+06	0.00216885	0.0011272
6.125e+06	0.00217348	0.00112125
6.13e+06	0.0021753	0.00111093
6.135e+06	0.00217408	0.00110882
6.14e+06	0.00217123	0.00111042
6.145e+06	0.00216679	0.00111589
6.15e+06	0.00217096	0.00112224
6.155e+06	0.00217486	0.00112344
6.16e+06	0.00217479	0.00112366
6.165e+06	0.00217509	0.00111938
6.17e+06	0.00217537	0.00111817
6.175e+06	0.00217771	0.00111401
6.18e+06	0.00217735	0.00110618
6.185e+06	0.00217647	0.00110223
6.19e+06	0.00216866	0.00109329
6.195e+06	0.0021637	0.00108837
6.2e+06	0.00216353	0.00109027
6.205e+06	0.00216668	0.00109126
6.21e+06	0.002165	0.00108958
6.215e+06	0.00216581	0.00109209
6.22e+06	0.00216623	0.00108233
6.225e+06	0.00215889	0.00108275
6.23e+06	0.00215748	0.00108453
6.235e+06	0.00215814	0.00107845
6.24e+06	0.00215943	0.00107723
6.245e+06	0.0021655	0.0010772
6.25e+06	0.00216789	0.00107162
6.255e+06	0.00216582	0.0010732
6.26e+06	0.0021655	0.00107549
6.265e+06	0.00216836	0.00107219
6.27e+06	0.00217219	0.00107274
6.275e+06	0.00216733	0.00106725
6.28e+06	0.00216402	0.00106167
6.285e+06	0.00215264	0.00106311
6.29e+06	0.00215146	0.0010583
6.295e+06	0.00214877	0.00105167
6.3e+06	0.00214246	0.00104571
6.305e+06	0.0021359	0.00104523
6.31e+06	0.00213982	0.00104511
6.315e+06	0.00214378	0.00103951
6.32e+06	0.00214114	0.00103795
6.325e+06	0.00214569	0.00103551
6.33e+06	0.00214649	0.0010358
6.335e+06	0.00214947	0.00102782
6.34e+06	0.00214462	0.0010279
6.345e+06	0.00214441	0.00102759
6.35e+06	0.00214111	0.00102924
6.355e+06	0.00213477	0.00102922
6.36e+06	0.00213701	0.00102789
6.365e+06	0.00213793	0.00102706
6.37e+06	0.00214282	0.00102886
6.375e+06	0.00214518	0.00102174
6.38e+06	0.00214957	0.00101719
6.385e+06	0.00215181	0.00101096
6.39e+06	0.00215881	0.00100825
6.395e+06	0.002159	0.00100607
6.4e+06	0.00215614	0.00100314
6.405e+06	0.00215496	0.00100094
6.41e+06	0.00215667	0.000993969
6.415e+06	0.00215602	0.000988725
6.42e+06	0.00215374	0.000993779
6.425e+06	0.00215291	0.000995802
6.43e+06	0.00215383	0.00100409
6.435e+06	0.00214766	0.00100514
6.44e+06	0.00214718	0.00100479
6.445e+06	0.00214439	0.00100631
6.45e+06	0.00214473	0.0010078
6.455e+06	0.00214063	0.00100952
6.46e+06	0.00213901	0.00101642
6.465e+06	0.00214444	0.00101822
6.47e+06	0.00214477	0.00101846
6.475e+06	0.00214685	0.00101901
6.48e+06	0.00214789	0.00101529
6.485e+06	0.00214577	0.00101466
6.49e+06	0.00214518	0.00101535
6.495e+06	0.0021429	0.00101452
6.5e+06	0.00214465	0.00101329
6.505e+06	0.00214573	0.00101912
6.51e+06	0.00213797	0.00102051
6.515e+06	0.00213225	0.00102072
6.52e+06	0.00213195	0.00102183
6.525e+06	0.00213627	0.00102196
6.53e+06	0.00214059	0.00101916
6.535e+06	0.00213787	0.00101764
6.54e+06	0.00214111	0.00102297
6.545e+06	0.00214223	0.00102123
6.55e+06	0.00213699	0.00101703
6.555e+06	0.00213859	0.0010178
6.56e+06	0.00213913	0.00101923
6.565e+06	0.00213888	0.00101892
6.57e+06	0.00213565	0.00102062
6.575e+06	0.00213556	0.00102668
6.58e+06	0.00213404	0.0010339
6.585e+06	0.00213693	0.00103678
6.59e+06	0.0021404	0.0010413
6.595e+06	0.00214145	0.00103988
6.6e+06	0.00213995	0.00103177
6.605e+06	0.00213908	0.00102986
6.61e+06	0.0021397	0.00103446
6.615e+06	0.00213558	0.00103144
6.62e+06	0.00213088	0.00102697
6.625e+06	0.00213492	0.00102687
6.63e+06	0.00213481	0.00101971
6.635e+06	0.00213188	0.00101598
6.64e+06	0.002133	0.00101437
6.645e+06	0.00212081	0.00100675
6.65e+06	0.00211453	0.000997086
6.655e+06	0.0021096	0.000994738
6.66e+06	0.00210949	0.000996936
6.665e+06	0.00210678	0.00100043
6.67e+06	0.00210598	0.000995682
6.675e+06	0.00210582	0.00099746
6.68e+06	0.00210911	0.000997464
6.685e+06	0.00211001	0.00100052
6.69e+06	0.00210584	0.00100276
6.695e+06	0.00210226	0.00100251
6.7e+06	0.00209906	0.0010053
6.705e+06	0.00210268	0.00100289
6.71e+06	0.00209618	0.000999308
6.715e+06	0.00209037	0.000997916
6.72e+06	0.00208954	0.000996036
6.725e+06	0.0020886	0.000989888
6.73e+06	0.00209067	0.00098118
6.735e+06	0.00208599	0.000974387
6.74e+06	0.00208911	0.000975726
6.745e+06	0.00209136	0.000979897
6.75e+06	0.00208747	0.00098593
6.755e+06	0.00208375	0.000982953
6.76e+06	0.00207856	0.000979154
6.765e+06	0.00207649	0.000976762
6.77e+06	0.00207483	0.000972314
6.775e+06	0.00206912	0.000967609
6.78e+06	0.0020665	0.000972091
6.785e+06	0.00206953	0.000981045
6.79e+06	0.0020702	0.000986623
6.795e+06	0.00206734	0.000994436
6.8e+06	0.00206266	0.000997993
6.805e+06	0.00205938	0.00100085
6.81e+06	0.00205772	0.00100477
6.815e+06	0.00205509	0.00100289
6.82e+06	0.00205789	0.00100883
6.825e+06	0.00205577	0.0010099
6.83e+06	0.00205604	0.00101272
6.835e+06	0.00205177	0.00100914
6.84e+06	0.00204556	0.00101033
6.845e+06	0.00204906	0.00100575
6.85e+06	0.00205112	0.001008
6.855e+06	0.00205531	0.00100591
6.86e+06	0.00205882	0.00101184
6.865e+06	0.00206648	0.0010108
6.87e+06	0.00206734	0.00100388
6.875e+06	0.00206968	0.00100036
6.88e+06	0.0020778	0.00100108
6.885e+06	0.00208137	0.00100156
6.89e+06	0.00208181	0.00100064
6.895e+06	0.00208472	0.000996904
6.9e+06	0.00207945	0.000997438
6.905e+06	0.00207744	0.00100321
6.91e+06	0.00207448	0.000999209
6.915e+06	0.00207011	0.00100179
6.92e+06	0.00207026	0.000998904
6.925e+06	0.00206312	0.000995113
6.93e+06	0.00206562	0.000989055
6.935e+06	0.00206248	0.000984782
6.94e+06	0.00206032	0.000987102
6.945e+06	0.00205808	0.000995985
6.95e+06	0.00205951	0.00100025
6.955e+06	0.00205393	0.00100296
6.96e+06	0.0020501	0.00100337
6.965e+06	0.00204465	0.00100416
6.97e+06	0.00203507	0.0010036
6.975e+06	0.00202634	0.00100478
6.98e+06	0.00202459	0.00101037
6.985e+06	0.00201962	0.00101186
6.99e+06	0.00201479	0.00101095
6.995e+06	0.00201958	0.00100992
7e+06	0.0020159	0.00100269
7.005e+06	0.00201674	0.00099906
7.01e+06	0.00201702	0.000993989
7.015e+06	0.00201506	0.000989424
7.02e+06	0.00201452	0.000987027
7.025e+06	0.00201648	0.0009847
7.03e+06	0.00202318	0.000984307
7.035e+06	0.00202369	0.000975539
7.04e+06	0.00202858	0.000970585
7.045e+06	0.00203689	0.000978986
7.05e+06	0.00204094	0.000980789
7.055e+06	0.00204356	0.000979924
7.06e+06	0.002044	0.000979666
7.065e+06	0.00204672	0.000985592
7.07e+06	0.00204843	0.00098806
7.075e+06	0.00204302	0.000993282
7.08e+06	0.00204451	0.00100145
7.085e+06	0.00204118	0.0010046
7.09e+06	0.00203446	0.00100541
7.095e+06	0.00202738	0.00100238
7.1e+06	0.00202336	0.00100174
7.105e+06	0.00201694	0.000996913
7.11e+06	0.00201568	0.00099818
7.115e+06	0.00201325	0.000994614
7.12e+06	0.00200924	0.000990213
7.125e+06	0.00200645	0.000987777
7.13e+06	0.0020022	0.000984457
7.135e+06	0.00199493	0.00097467
7.14e+06	0.0019952	0.000972059
7.145e+06	0.00198959	0.000965314
7.15e+06	0.00199279	0.000961623
7.155e+06	0.00199474	0.00096294
7.16e+06	0.00200196	0.000967251
7.165e+06	0.00200044	0.000964909
7.17e+06	0.00199337	0.000965605
7.175e+06	0.00198991	0.000964603
7.18e+06	0.00198723	0.000960464
7.185e+06	0.00198623	0.000968572
7.19e+06	0.00198169	0.000972673
7.195e+06	0.00197895	0.000970477
7.2e+06	0.0019797	0.000971771
7.205e+06	0.00197386	0.00097319
7.21e+06	0.00196437	0.000976419
7.215e+06	0.00196064	0.000972709
7.22e+06	0.00195759	0.000973314
7.225e+06	0.00195645	0.000969418
7.23e+06	0.00194883	0.000963435
7.235e+06	0.00194462	0.000962674
7.24e+06	0.00194412	0.000964219
7.245e+06	0.00193745	0.000958472
7.25e+06	0.0019297	0.000956029
7.255e+06	0.00192242	0.000951018
7.26e+06	0.00192419	0.000947817
7.265e+06	0.00193031	0.000941471
7.27e+06	0.00193339	0.000942425
7.275e+06	0.0019295	0.000938353
7.28e+06	0.00192777	0.000936476
7.285e+06	0.00192559	0.000937348
7.29e+06	0.00192324	0.000936619
7.295e+06	0.00192432	0.000940357
7.3e+06	0.00192646	0.00093666
7.305e+06	0.00193071	0.000934382
7.31e+06	0.00193561	0.000936111
7.315e+06	0.00193666	0.000937023
7.32e+06	0.00193776	0.00094276
7.325e+06	0.00193566	0.000944873
7.33e+06	0.00193345	0.000942305
7.335e+06	0.00193196	0.000936995
7.34e+06	0.00192932	0.000932915
7.345e+06	0.00192618	0.000928169
7.35e+06	0.00192359	0.000918932
7.355e+06	0.00192225	0.000913814
7.36e+06	0.00191969	0.000909917
7.365e+06	0.00191265	0.000910732
7.37e+06	0.00191287	0.000911397
7.375e+06	0.00191284	0.000914081
7.38e+06	0.00191332	0.000913959
7.385e+06	0.00191444	0.000915074
7.39e+06	0.0019176	0.000908373
7.395e+06	0.00191544	0.000894603
7.4e+06	0.00192398	0.000891139
7.405e+06	0.00192192	0.000892725
7.41e+06	0.00191575	0.000896665
7.415e+06	0.00192058	0.000895556
7.42e+06	0.00192524	0.000895737
7.425e+06	0.00192724	0.000896622
7.43e+06	0.00192792	0.000899693
7.435e+06	0.00193107	0.000897191
7.44e+06	0.00192925	0.000896457
7.445e+06	0.00192988	0.000892874
7.45e+06	0.00192887	0.00089852
7.455e+06	0.00193021	0.000899178
7.46e+06	0.00192371	0.000893911
7.465e+06	0.00192121	0.000894264
7.47e+06	0.00191817	0.000893504
7.475e+06	0.00191239	0.000894327
7.48e+06	0.00191271	0.000895495
7.485e+06	0.00191644	0.000893657
7.49e+06	0.00191764	0.000888443
7.495e+06	0.00191579	0.000890858
7.5e+06	0.00191536	0.000890196
7.505e+06	0.00191573	0.000889435
7.51e+06	0.00191963	0.000887363
7.515e+06	0.00192127	0.000887316
7.52e+06	0.00191816	0.000889621
7.525e+06	0.00191307	0.000891281
7.53e+06	0.00191299	0.000890502
7.535e+06	0.00191171	0.000889644
7.54e+06	0.00190805	0.000887989
7.545e+06	0.00190956	0.00088679
7.55e+06	0.00190623	0.000885724
7.555e+06	0.00190953	0.000885268
7.56e+06	0.00191693	0.000889669
7.565e+06	0.00192488	0.000892409
7.57e+06	0.00192914	0.000896654
7.575e+06	0.0019277	0.000894576
7.58e+06	0.00192202	0.000887362
7.585e+06	0.00191933	0.000883429
7.59e+06	0.00191006	0.000876996
7.595e+06	0.00190521	0.000874973
7.6e+06	0.0019012	0.000876219
7.605e+06	0.00190117	0.000878833
7.61e+06	0.00190094	0.000878461
7.615e+06	0.0019018	0.000880893
7.62e+06	0.00190093	0.000878368
7.625e+06	0.00189936	0.000875328
7.63e+06	0.00189656	0.000873155
7.635e+06	0.00189516	0.000875899
7.64e+06	0.00190166	0.000878353
7.645e+06	0.00190368	0.000874843
7.65e+06	0.00190607	0.000877188
7.655e+06	0.00191079	0.000877675
7.66e+06	0.00191243	0.000879953
7.665e+06	0.00190997	0.000875848
7.67e+06	0.00190738	0.000876669
7.675e+06	0.00190661	0.000882023
7.68e+06	0.00191082	0.000881161
7.685e+06	0.00191264	0.000881304
7.69e+06	0.00191496	0.000883388
7.695e+06	0.00191373	0.000883707
7.7e+06	0.00191632	0.000886695
7.705e+06	0.00191974	0.000885811
7.71e+06	0.00191785	0.000885475
7.715e+06	0.00191751	0.000883355
7.72e+06	0.0019207	0.000892124
7.725e+06	0.0019223	0.000894924
7.73e+06	0.00192368	0.000892552
7.735e+06	0.00192369	0.000896278
7.74e+06	0.00192314	0.000894877
7.745e+06	0.00192183	0.000889005
7.75e+06	0.00192015	0.000883962
7.755e+06	0.0019221	0.00087823
7.76e+06	0.00191856	0.000874279
7.765e+06	0.00191943	0.000870397
7.77e+06	0.00192358	0.000876054
7.775e+06	0.00192543	0.000881346
7.78e+06	0.00192268	0.000881905
7.785e+06	0.00192316	0.000881239
7.79e+06	0.00192472	0.000879985
7.795e+06	0.0019302	0.000877822
7.8e+06	0.00193121	0.000876545
7.805e+06	0.00193206	0.000878198
7.81e+06	0.00193092	0.000876459
7.815e+06	0.00193225	0.00087475
7.82e+06	0.00193296	0.000877123
7.825e+06	0.00193095	0.000880931
7.83e+06	0.00192783	0.000881958
7.835e+06	0.00192821	0.000883
7.84e+06	0.00193297	0.000884662
7.845e+06	0.00193619	0.000882138
7.85e+06	0.00193698	0.000882291
7.855e+06	0.00193808	0.000875271
7.86e+06	0.00193773	0.000871092
7.865e+06	0.00194068	0.000866073
7.87e+06	0.00193873	0.000867674
7.875e+06	0.00193393	0.000868927
7.88e+06	0.00192757	0.000866986
7.885e+06	0.00191695	0.000866779
7.89e+06	0.00191091	0.00086617
7.895e+06	0.00190392	0.000864965
7.9e+06	0.00190196	0.000864651
7.905e+06	0.00190222	0.000859451
7.91e+06	0.00189558	0.000852319
7.915e+06	0.00189026	0.00085268
7.92e+06	0.00188994	0.000850082
7.925e+06	0.00189184	0.00085336
7.93e+06	0.00189253	0.000854188
7.935e+06	0.00189035	0.000855545
7.94e+06	0.0018905	0.000856621
7.945e+06	0.00189199	0.000859745
7.95e+06	0.00189112	0.00086216
7.955e+06	0.0018945	0.00086396
7.96e+06	0.00189611	0.000868365
7.965e+06	0.00189589	0.000874491
7.97e+06	0.00189565	0.000882522
7.975e+06	0.0018984	0.000890954
7.98e+06	0.00189788	0.000886109
7.985e+06	0.00189561	0.00088069
7.99e+06	0.00188785	0.000881059
7.995e+06	0.00188007	0.000881208
8e+06	0.00187841	0.000879362
8.005e+06	0.00187699	0.000874095
8.01e+06	0.00187765	0.000870495
8.015e+06	0.00187806	0.000873334
8.02e+06	0.00187788	0.000873191
8.025e+06	0.00187831	0.000869565
8.03e+06	0.00187962	0.000861317
8.035e+06	0.00188165	0.00085889
8.04e+06	0.00188059	0.000857841
8.045e+06	0.0018753	0.000854212
8.05e+06	0.00187479	0.00085534
8.055e+06	0.00187312	0.000859958
8.06e+06	0.00187351	0.000861816
8.065e+06	0.00187755	0.000861171
8.07e+06	0.00187846	0.000862259
8.075e+06	0.00188192	0.000865243
8.08e+06	0.00188036	0.000866849
8.085e+06	0.00188123	0.000862952
8.09e+06	0.00187575	0.000859197
8.095e+06	0.00186972	0.000857228
8.1e+06	0.00186679	0.000856884
8.105e+06	0.00186592	0.000853683
8.11e+06	0.00186168	0.00085176
8.115e+06	0.0018616	0.000851013
8.12e+06	0.00186188	0.000849811
8.125e+06	0.00186508	0.000851647
8.13e+06	0.0018684	0.000851453
8.135e+06	0.00187044	0.000847974
8.14e+06	0.00186753	0.000847014
8.145e+06	0.00186894	0.000846383
8.15e+06	0.0018727	0.000845799
8.155e+06	0.00187284	0.000847411
8.16e+06	0.0018717	0.00084895
8.165e+06	0.00187258	0.000852416
8.17e+06	0.00187442	0.000850791
8.175e+06	0.00187467	0.000848313
8.18e+06	0.00187701	0.000850879
8.185e+06	0.00188402	0.00085054
8.19e+06	0.00188547	0.000851919
8.195e+06	0.00188782	0.000853788
8.2e+06	0.00188296	0.000855326
8.205e+06	0.00188526	0.000855476
8.21e+06	0.00188052	0.000855767
8.215e+06	0.0018748	0.000852843
8.22e+06	0.00186722	0.000851864
8.225e+06	0.00186426	0.000855026
8.23e+06	0.00185882	0.000855305
8.235e+06	0.00185802	0.000856814
8.24e+06	0.00185534	0.000856119
8.245e+06	0.00185326	0.000852826
8.25e+06	0.00184863	0.00085352
8.255e+06	0.00184973	0.000853194
8.26e+06	0.00184948	0.000848401
8.265e+06	0.00184943	0.000846053
8.27e+06	0.00184523	0.000852166
8.275e+06	0.0018402	0.000851935
8.28e+06	0.00183885	0.000846623
8.285e+06	0.00183931	0.000845495
8.29e+06	0.00184305	0.000844871
8.295e+06	0.00184209	0.000843234
8.3e+06	0.00184104	0.000837391
8.305e+06	0.00183785	0.000832386
8.31e+06	0.00183741	0.000834363
8.315e+06	0.00183763	0.000835042
8.32e+06	0.00183667	0.000836486
8.325e+06	0.00183683	0.000839203
8.33e+06	0.00183998	0.000839325
8.335e+06	0.00183997	0.000840342
8.34e+06	0.00184072	0.000834605
8.345e+06	0.00184134	0.000831773
8.35e+06	0.0018393	0.000825576
8.355e+06	0.00183865	0.000815479
8.36e+06	0.00184168	0.000814311
8.365e+06	0.00184881	0.000819439
8.37e+06	0.00185111	0.000823717
8.375e+06	0.00185113	0.000823842
8.38e+06	0.00185281	0.000823122
8.385e+06	0.00185177	0.000817384
8.39e+06	0.00185046	0.00081329
8.395e+06	0.00184934	0.000811627
8.4e+06	0.00185078	0.000807821
8.405e+06	0.00185047	0.000801082
8.41e+06	0.00184998	0.000796702
8.415e+06	0.00185325	0.000796911
8.42e+06	0.00185401	0.000793911
8.425e+06	0.00185316	0.000792214
8.43e+06	0.00185126	0.000797399
8.435e+06	0.00185158	0.000796008
8.44e+06	0.00184946	0.000799207
8.445e+06	0.00184296	0.000797325
8.45e+06	0.00183696	0.00080031
8.455e+06	0.00183274	0.000799945
8.46e+06	0.00182673	0.000803456
8.465e+06	0.00182095	0.000800918
8.47e+06	0.00181745	0.000801488
8.475e+06	0.00181893	0.000803179
8.48e+06	0.00181984	0.000802955
8.485e+06	0.00182	0.000805302
8.49e+06	0.00182161	0.000802891
8.495e+06	0.00181936	0.000804389
8.5e+06	0.00182105	0.000803034
8.505e+06	0.00181879	0.000800454
8.51e+06	0.00181925	0.000799398
8.515e+06	0.001816	0.000796725
8.52e+06	0.00181884	0.000796426
8.525e+06	0.00182064	0.000798759
8.53e+06	0.00182128	0.000799674
8.535e+06	0.00182501	0.000802083
8.54e+06	0.00182668	0.000800438
8.545e+06	0.001829	0.000797719
8.55e+06	0.00182946	0.000798268
8.555e+06	0.00183095	0.000800404
8.56e+06	0.00183314	0.000793924
8.565e+06	0.00183983	0.00079035
8.57e+06	0.00184263	0.000790948
8.575e+06	0.00184077	0.000786284
8.58e+06	0.00184195	0.000786258
8.585e+06	0.00183981	0.000782189
8.59e+06	0.00183988	0.000781949
8.595e+06	0.00183808	0.00078497
8.6e+06	0.00183351	0.00078666
8.605e+06	0.00183697	0.000789083
8.61e+06	0.00183577	0.000788756
8.615e+06	0.00183597	0.000787862
8.62e+06	0.00183519	0.000785136
8.625e+06	0.00183167	0.000781389
8.63e+06	0.00182713	0.000780028
8.635e+06	0.0018256	0.000783222
8.64e+06	0.00182293	0.000783897
8.645e+06	0.00181913	0.000790706
8.65e+06	0.0018148	0.000792748
8.655e+06	0.00181122	0.000796827
8.66e+06	0.00180894	0.000799521
8.665e+06	0.00180715	0.000802629
8.67e+06	0.00180475	0.000807566
8.675e+06	0.00180234	0.000804046
8.68e+06	0.00180241	0.000801807
8.685e+06	0.00179678	0.000799411
8.69e+06	0.0017917	0.00079563
8.695e+06	0.00179222	0.000787853
8.7e+06	0.00179434	0.000784826
8.705e+06	0.00178959	0.000774333
8.71e+06	0.00178993	0.000771186
8.715e+06	0.00178483	0.000770534
8.72e+06	0.00178462	0.000773446
8.725e+06	0.00177951	0.000771071
8.73e+06	0.0017729	0.000769287
8.735e+06	0.0017696	0.000765361
8.74e+06	0.00176437	0.000769393
8.745e+06	0.00176376	0.000771818
8.75e+06	0.00176412	0.000774031
8.755e+06	0.00176521	0.000772996
8.76e+06	0.00176556	0.000772601
8.765e+06	0.00176994	0.000775436
8.77e+06	0.00176718	0.000773485
8.775e+06	0.00176255	0.000768884
8.78e+06	0.00175739	0.000766347
8.785e+06	0.00175655	0.000764554
8.79e+06	0.00176269	0.000768826
8.795e+06	0.00176055	0.000771797
8.8e+06	0.00176056	0.000772559
8.805e+06	0.00175861	0.000771128
8.81e+06	0.00176022	0.000767801
8.815e+06	0.0017639	0.000770649
8.82e+06	0.00176642	0.000769367
8.825e+06	0.00176562	0.000764634
8.83e+06	0.00176343	0.000763921
8.835e+06	0.00176435	0.000764141
8.84e+06	0.0017649	0.000768878
8.845e+06	0.00176489	0.000772621
8.85e+06	0.00176353	0.000776062
8.855e+06	0.00176145	0.000781088
8.86e+06	0.00175686	0.000784743
8.865e+06	0.0017525	0.000780736
8.87e+06	0.00175017	0.000779491
8.875e+06	0.00174896	0.00077764
8.88e+06	0.00174998	0.000771664
8.885e+06	0.00175199	0.000768449
8.89e+06	0.00175013	0.000766398
8.895e+06	0.00174903	0.000767769
8.9e+06	0.00174583	0.000768111
8.905e+06	0.00174174	0.000766699
8.91e+06	0.00174253	0.000761858
8.915e+06	0.00174081	0.000763206
8.92e+06	0.0017419	0.000769838
8.925e+06	0.00173753	0.000763773
8.93e+06	0.00173935	0.000763112
8.935e+06	0.00173678	0.000761982
8.94e+06	0.00173904	0.000765866
8.945e+06	0.00174251	0.000767493
8.95e+06	0.00174354	0.000766985
8.955e+06	0.00174167	0.000764082
8.96e+06	0.00173843	0.000763879
8.965e+06	0.00173601	0.000767681
8.97e+06	0.001733	0.00077087
8.975e+06	0.00173537	0.000775761
8.98e+06	0.0017356	0.000777802
8.985e+06	0.00173845	0.00077652
8.99e+06	0.00174198	0.000779729
8.995e+06	0.00174367	0.000781999
9e+06	0.00174877	0.000785794
9.005e+06	0.00174909	0.000789675
9.01e+06	0.00175468	0.000796596
9.015e+06	0.00175907	0.000799502
9.02e+06	0.00176243	0.000806069
9.025e+06	0.00176587	0.000807778
9.03e+06	0.00176619	0.000807963
9.035e+06	0.00176732	0.000811817
9.04e+06	0.00176388	0.000815358
9.045e+06	0.00176502	0.00082093
9.05e+06	0.00176559	0.00082088
9.055e+06	0.00176445	0.000818947
9.06e+06	0.00176374	0.000819499
9.065e+06	0.00176537	0.000824585
9.07e+06	0.00176921	0.000823047
9.075e+06	0.00177076	0.000821467
9.08e+06	0.00177053	0.000819185
9.085e+06	0.00176718	0.000819483
9.09e+06	0.00176685	0.000822433
9.095e+06	0.00176973	0.000824931
9.1e+06	0.00177163	0.000824329
9.105e+06	0.00177087	0.000823403
9.11e+06	0.00176598	0.000815332
9.115e+06	0.00175973	0.000812149
9.12e+06	0.00175347	0.000806994
9.125e+06	0.00175086	0.000803392
9.13e+06	0.0017484	0.000795138
9.135e+06	0.00174586	0.000786867
9.14e+06	0.00174417	0.000785066
9.145e+06	0.00173875	0.000784662
9.15e+06	0.00173784	0.000783741
9.155e+06	0.00173672	0.000783959
9.16e+06	0.00173508	0.000780461
9.165e+06	0.00173314	0.000782964
9.17e+06	0.00173328	0.000785719
9.175e+06	0.00173629	0.000786421
9.18e+06	0.0017371	0.000786019
9.185e+06	0.00173848	0.00078586
9.19e+06	0.0017377	0.00078842
9.195e+06	0.00173571	0.000791744
9.2e+06	0.00173659	0.000795474
9.205e+06	0.00173654	0.000801435
9.21e+06	0.00174201	0.000801599
9.215e+06	0.0017407	0.000803356
9.22e+06	0.00174223	0.000806412
9.225e+06	0.00174045	0.000809916
9.23e+06	0.00174346	0.000815822
9.235e+06	0.00174428	0.000815982
9.24e+06	0.00174109	0.000815385
9.245e+06	0.00174305	0.000815537
9.25e+06	0.00174756	0.000814901
9.255e+06	0.00174354	0.000813134
9.26e+06	0.00174366	0.000813556
9.265e+06	0.00174652	0.000815926
9.27e+06	0.001744	0.000821408
9.275e+06	0.00174458	0.0008238
9.28e+06	0.00174364	0.000828048
9.285e+06	0.00174512	0.000829189
9.29e+06	0.0017463	0.000827894
9.295e+06	0.00174678	0.000828134
9.3e+06	0.00174606	0.000825859
9.305e+06	0.00174516	0.000822751
9.31e+06	0.00174196	0.000818296
9.315e+06	0.00174132	0.000819935
9.32e+06	0.00174292	0.000824235
9.325e+06	0.00174125	0.000827746
9.33e+06	0.00173695	0.000827194
9.335e+06	0.00173225	0.000828055
9.34e+06	0.00172828	0.000829438
9.345e+06	0.00172866	0.000827857
9.35e+06	0.00172564	0.000824422
9.355e+06	0.00172583	0.000824664
9.36e+06	0.00172544	0.000819727
9.365e+06	0.00172489	0.000815409
9.37e+06	0.00172558	0.000814569
9.375e+06	0.00172639	0.000815001
9.38e+06	0.00172518	0.000816887
9.385e+06	0.0017266	0.000821178
9.39e+06	0.00172726	0.000825938
9.395e+06	0.00172799	0.000829956
9.4e+06	0.00172512	0.000831966
9.405e+06	0.00172753	0.000834179
9.41e+06	0.00172156	0.000834845
9.415e+06	0.00171726	0.000835042
9.42e+06	0.00171179	0.000835033
9.425e+06	0.00171067	0.000836374
9.43e+06	0.00170755	0.00083325
9.435e+06	0.00171017	0.000830857
9.44e+06	0.00171157	0.000834004
9.445e+06	0.00171155	0.000833044
9.45e+06	0.00171321	0.000837705
9.455e+06	0.00171518	0.000844279
9.46e+06	0.00171465	0.000845146
9.465e+06	0.00171723	0.000847639
9.47e+06	0.00171726	0.000850279
9.475e+06	0.00171776	0.000853033
9.48e+06	0.00172281	0.000857344
9.485e+06	0.00172635	0.000856299
9.49e+06	0.00172928	0.000855223
9.495e+06	0.00173041	0.00085454
9.5e+06	0.00173105	0.00085579
9.505e+06	0.00172993	0.0008554
9.51e+06	0.00172578	0.000858073
9.515e+06	0.00172047	0.000856897
9.52e+06	0.00172031	0.000854637
9.525e+06	0.00172086	0.000856084
9.53e+06	0.0017172	0.000858735
9.535e+06	0.00171763	0.00085797
9.54e+06	0.00171668	0.000854122
9.545e+06	0.00171876	0.000856754
9.55e+06	0.00171959	0.000854356
9.555e+06	0.0017197	0.000854127
9.56e+06	0.00171608	0.000860578
9.565e+06	0.0017143	0.000860152
9.57e+06	0.00170855	0.000864593
9.575e+06	0.00170606	0.000867431
9.58e+06	0.00170555	0.000869364
9.585e+06	0.00170646	0.000874853
9.59e+06	0.00170909	0.000876094
9.595e+06	0.0017116	0.000872327
9.6e+06	0.0017149	0.000875634
9.605e+06	0.0017174	0.000877045
9.61e+06	0.00172002	0.000878593
9.615e+06	0.00172423	0.000886524
9.62e+06	0.00171968	0.000884486
9.625e+06	0.00171873	0.000888032
9.63e+06	0.00172091	0.000889641
9.635e+06	0.00172393	0.000889906
9.64e+06	0.00172167	0.00088782
9.645e+06	0.00172064	0.000892863
9.65e+06	0.00172275	0.000893961
9.655e+06	0.00172574	0.00089032
9.66e+06	0.00173063	0.000892369
9.665e+06	0.00173165	0.000895227
9.67e+06	0.00173226	0.000894758
9.675e+06	0.00173286	0.000892583
9.68e+06	0.00173708	0.00089245
9.685e+06	0.00173744	0.000892814
9.69e+06	0.00173819	0.000888334
9.695e+06	0.00173432	0.000886831
9.7e+06	0.00173318	0.000889277
9.705e+06	0.0017331	0.000892351
9.71e+06	0.00173631	0.000895908
9.715e+06	0.00173849	0.000897738
9.72e+06	0.00174136	0.000898023
9.725e+06	0.00174143	0.000898801
9.73e+06	0.0017392	0.000896994
9.735e+06	0.00173667	0.000893797
9.74e+06	0.00173434	0.000892457
9.745e+06	0.00173524	0.000890598
9.75e+06	0.0017338	0.000892464
9.755e+06	0.00173362	0.000894291
9.76e+06	0.00173644	0.00089416
9.765e+06	0.00173489	0.000891116
9.77e+06	0.00173259	0.000889669
9.775e+06	0.00173172	0.000890843
9.78e+06	0.00173368	0.000894484
9.785e+06	0.00173153	0.000898836
9.79e+06	0.00173491	0.000897042
9.795e+06	0.0017365	0.000903037
9.8e+06	0.00173576	0.000904466
9.805e+06	0.00173438	0.000908018
9.81e+06	0.00173425	0.000909466
9.815e+06	0.00173755	0.000912038
9.82e+06	0.00174413	0.000916491
9.825e+06	0.00174768	0.000918434
9.83e+06	0.00175136	0.000920089
9.835e+06	0.00174725	0.000921838
9.84e+06	0.00174521	0.000923089
9.845e+06	0.00174228	0.00092468
9.85e+06	0.00174609	0.000927883
9.855e+06	0.001747	0.000930479
9.86e+06	0.00174834	0.00093103
9.865e+06	0.0017442	0.00092708
9.87e+06	0.00174494	0.000925315
9.875e+06	0.00174494	0.000925917
9.88e+06	0.00174847	0.000922469
9.885e+06	0.00175057	0.000917976
9.89e+06	0.0017474	0.000914358
9.895e+06	0.00174392	0.00091374
9.9e+06	0.00174443	0.00091088
9.905e+06	0.00174436	0.000910694
9.91e+06	0.00174632	0.000911053
9.915e+06	0.00174948	0.000910695
9.92e+06	0.00175302	0.000911968
9.925e+06	0.00175367	0.000911567
9.93e+06	0.00174941	0.000912291
9.935e+06	0.00174665	0.000914035
9.94e+06	0.00174396	0.000917265
9.945e+06	0.00173725	0.000918798
9.95e+06	0.00173445	0.000924624
9.955e+06	0.0017334	0.000926825
9.96e+06	0.00173417	0.000931311
9.965e+06	0.00173555	0.000936125
9.97e+06	0.00173456	0.000938839
9.975e+06	0.00173447	0.000942276
9.98e+06	0.00173678	0.000946472
9.985e+06	0.00173775	0.000944942
9.99e+06	0.00174047	0.000947417
9.995e+06	0.00174611	0.000950498
1e+07	0.00174508	0.000954285
