5000	0.823651
10000	0.0653884
15000	0.0328921
20000	0.0202958
25000	0.0143999
30000	0.0111879
35000	0.00929545
40000	0.0079419
45000	0.00695867
50000	0.00623522
55000	0.00567426
60000	0.00515424
65000	0.0047365
70000	0.00436794
75000	0.00404344
80000	0.00377607
85000	0.00354476
90000	0.00334176
95000	0.00318163
100000	0.00303411
105000	0.00290075
110000	0.0027506
115000	0.00263448
120000	0.00254369
125000	0.00244242
130000	0.00234645
135000	0.00225357
140000	0.0021677
145000	0.00209247
150000	0.00201983
155000	0.0019555
160000	0.00190007
165000	0.00185235
170000	0.00180594
175000	0.00175469
180000	0.00170155
185000	0.00164326
190000	0.00159484
195000	0.00154376
200000	0.00149802
205000	0.00146074
210000	0.00142771
215000	0.00139947
220000	0.0013656
225000	0.00133957
230000	0.00131446
235000	0.00129371
240000	0.00126557
245000	0.00124134
250000	0.00121811
255000	0.00119788
260000	0.00117847
265000	0.00116402
270000	0.00114399
275000	0.00111724
280000	0.00109597
285000	0.00108011
290000	0.00106633
295000	0.00104998
300000	0.00102856
305000	0.00100741
310000	0.000990711
315000	0.000974853
320000	0.000955425
325000	0.000938188
330000	0.000919476
335000	0.000905631
340000	0.000891721
345000	0.000876852
350000	0.000861079
355000	0.000843356
360000	0.000827557
365000	0.000813052
370000	0.000806318
375000	0.000795703
380000	0.000784189
385000	0.000777181
390000	0.000772111
395000	0.000764208
400000	0.000755459
405000	0.000749677
410000	0.000742763
415000	0.000730937
420000	0.00072379
425000	0.000715277
430000	0.000706648
435000	0.00069752
440000	0.000689492
445000	0.000680902
450000	0.000672856
455000	0.000665331
460000	0.000655851
465000	0.000648822
470000	0.000647961
475000	0.000643192
480000	0.000638257
485000	0.000630988
490000	0.000622382
495000	0.000615716
500000	0.000610191
505000	0.000605963
510000	0.000602139
515000	0.000597238
520000	0.000590208
525000	0.000581818
530000	0.000579132
535000	0.000578
540000	0.000577018
545000	0.000573347
550000	0.000568235
555000	0.000565879
560000	0.000560172
565000	0.000555049
570000	0.00054778
575000	0.000545621
580000	0.000543362
585000	0.000538499
590000	0.00053255
595000	0.000526451
600000	0.000522774
605000	0.000520604
610000	0.000516852
615000	0.000510967
620000	0.000505857
625000	0.000502543
630000	0.000496916
635000	0.000492614
640000	0.000488077
645000	0.000485693
650000	0.000483438
655000	0.000479703
660000	0.000477043
665000	0.000472657
670000	0.000469178
675000	0.000464305
680000	0.000461322
685000	0.000455985
690000	0.000450538
695000	0.000444644
700000	0.000442148
705000	0.00043832
710000	0.000436473
715000	0.000434962
720000	0.000432897
725000	0.00043046
730000	0.000427694
735000	0.000425415
740000	0.000422341
745000	0.000420798
750000	0.00041932
755000	0.000416174
760000	0.000413397
765000	0.000412823
770000	0.000409995
775000	0.000409301
780000	0.000407744
785000	0.000406171
790000	0.000404689
795000	0.000403889
800000	0.000402616
805000	0.000399778
810000	0.000397577
815000	0.000395381
820000	0.000391272
825000	0.000386602
830000	0.000383372
835000	0.00038162
840000	0.000381724
845000	0.000381447
850000	0.000381452
855000	0.000379206
860000	0.000378899
865000	0.000378867
870000	0.000377079
875000	0.000375211
880000	0.000375164
885000	0.000375138
890000	0.000373457
895000	0.000372847
900000	0.000373337
905000	0.000372003
910000	0.000371473
915000	0.000368551
920000	0.000367845
925000	0.000364575
930000	0.00036345
935000	0.000360999
940000	0.000360321
945000	0.000359319
950000	0.000357846
955000	0.000356418
960000	0.000355068
965000	0.000352303
970000	0.000350227
975000	0.000349261
980000	0.000348056
985000	0.000347676
990000	0.000346547
995000	0.000345626
1e+06	0.000343548
1.005e+06	0.000342271
1.01e+06	0.000341069
1.015e+06	0.000340233
1.02e+06	0.000337136
1.025e+06	0.000334594
1.03e+06	0.000333502
1.035e+06	0.000332059
1.04e+06	0.000330212
1.045e+06	0.000328342
1.05e+06	0.000326291
1.055e+06	0.000325074
1.06e+06	0.000325168
1.065e+06	0.000326559
1.07e+06	0.00032478
1.075e+06	0.00032277
1.08e+06	0.000321621
1.085e+06	0.000320123
1.09e+06	0.000319384
1.095e+06	0.000317618
1.1e+06	0.000315624
1.105e+06	0.000314746
1.11e+06	0.000313056
1.115e+06	0.000311354
1.12e+06	0.000309322
1.125e+06	0.000307523
1.13e+06	0.00030542
1.135e+06	0.000303737
1.14e+06	0.000302166
1.145e+06	0.000300516
1.15e+06	0.000299632
1.155e+06	0.000297999
1.16e+06	0.000297772
1.165e+06	0.000296798
1.17e+06	0.000296363
1.175e+06	0.000295222
1.18e+06	0.000292846
1.185e+06	0.000290962
1.19e+06	0.000289112
1.195e+06	0.00028732
1.2e+06	0.000286215
1.205e+06	0.000285751
1.21e+06	0.000283385
1.215e+06	0.000280871
1.22e+06	0.000277775
1.225e+06	0.000275879
1.23e+06	0.000275142
1.235e+06	0.000274747
1.24e+06	0.000273958
1.245e+06	0.00027304
1.25e+06	0.000273598
1.255e+06	0.000272252
1.26e+06	0.000270109
1.265e+06	0.000268824
1.27e+06	0.000267402
1.275e+06	0.000267526
1.28e+06	0.000267475
1.285e+06	0.000267468
1.29e+06	0.000267226
1.295e+06	0.000265608
1.3e+06	0.000264553
1.305e+06	0.000263408
1.31e+06	0.000263525
1.315e+06	0.000263656
1.32e+06	0.000263232
1.325e+06	0.000262955
1.33e+06	0.000262298
1.335e+06	0.00026125
1.34e+06	0.000259974
1.345e+06	0.000258293
1.35e+06	0.000257316
1.355e+06	0.000256655
1.36e+06	0.000254923
1.365e+06	0.000254644
1.37e+06	0.000254197
1.375e+06	0.000253221
1.38e+06	0.000252343
1.385e+06	0.000252221
1.39e+06	0.000252017
1.395e+06	0.000252746
1.4e+06	0.000251558
1.405e+06	0.000250442
1.41e+06	0.000247989
1.415e+06	0.000246629
1.42e+06	0.000245625
1.425e+06	0.000244588
1.43e+06	0.000243562
1.435e+06	0.000242792
1.44e+06	0.000242032
1.445e+06	0.000242088
1.45e+06	0.000241079
1.455e+06	0.000240205
1.46e+06	0.000239655
1.465e+06	0.000238964
1.47e+06	0.0002384
1.475e+06	0.000237815
1.48e+06	0.000237691
1.485e+06	0.000236302
1.49e+06	0.00023495
1.495e+06	0.000234795
1.5e+06	0.000234254
1.505e+06	0.000233677
1.51e+06	0.000232797
1.515e+06	0.000231448
1.52e+06	0.000230397
1.525e+06	0.000229363
1.53e+06	0.000228871
1.535e+06	0.0002274
1.54e+06	0.000226003
1.545e+06	0.000225621
1.55e+06	0.000224169
1.555e+06	0.000223241
1.56e+06	0.000221963
1.565e+06	0.000221088
1.57e+06	0.000220854
1.575e+06	0.000220622
1.58e+06	0.000220615
1.585e+06	0.000220792
1.59e+06	0.000220905
1.595e+06	0.000220408
1.6e+06	0.000219508
1.605e+06	0.000219262
1.61e+06	0.000218815
1.615e+06	0.00021736
1.62e+06	0.000217071
1.625e+06	0.000215964
1.63e+06	0.000215299
1.635e+06	0.000214477
1.64e+06	0.000213642
1.645e+06	0.000212094
1.65e+06	0.000210602
1.655e+06	0.000210123
1.66e+06	0.000210241
1.665e+06	0.000209084
1.67e+06	0.000208203
1.675e+06	0.00020758
1.68e+06	0.000206904
1.685e+06	0.000206332
1.69e+06	0.00020577
1.695e+06	0.00020593
1.7e+06	0.000205311
1.705e+06	0.000204482
1.71e+06	0.00020439
1.715e+06	0.000203946
1.72e+06	0.000203855
1.725e+06	0.000203861
1.73e+06	0.000203301
1.735e+06	0.000203134
1.74e+06	0.000202273
1.745e+06	0.000201582
1.75e+06	0.000201013
1.755e+06	0.000201179
1.76e+06	0.000200471
1.765e+06	0.00019905
1.77e+06	0.000198405
1.775e+06	0.000198038
1.78e+06	0.000197723
1.785e+06	0.000196879
1.79e+06	0.000196233
1.795e+06	0.000196083
1.8e+06	0.000195809
1.805e+06	0.000195305
1.81e+06	0.000194617
1.815e+06	0.000194192
1.82e+06	0.000193777
1.825e+06	0.000192441
1.83e+06	0.000191694
1.835e+06	0.000191188
1.84e+06	0.00019041
1.845e+06	0.000189545
1.85e+06	0.000189032
1.855e+06	0.000188982
1.86e+06	0.00018842
1.865e+06	0.000187817
1.87e+06	0.000186862
1.875e+06	0.000187228
1.88e+06	0.000186997
1.885e+06	0.000187555
1.89e+06	0.000187635
1.895e+06	0.000187553
1.9e+06	0.000187619
1.905e+06	0.000187825
1.91e+06	0.000188067
1.915e+06	0.00018681
1.92e+06	0.00018638
1.925e+06	0.000185783
1.93e+06	0.000184789
1.935e+06	0.000183845
1.94e+06	0.00018348
1.945e+06	0.000183497
1.95e+06	0.000183348
1.955e+06	0.000182918
1.96e+06	0.000182613
1.965e+06	0.000182472
1.97e+06	0.000183102
1.975e+06	0.000183138
1.98e+06	0.000183173
1.985e+06	0.000182944
1.99e+06	0.000182156
1.995e+06	0.000181294
2e+06	0.000180406
2.005e+06	0.000179697
2.01e+06	0.00017908
2.015e+06	0.000178754
2.02e+06	0.000178239
2.025e+06	0.000177743
2.03e+06	0.000177881
2.035e+06	0.000177568
2.04e+06	0.000177544
2.045e+06	0.000177556
2.05e+06	0.000177946
2.055e+06	0.000177136
2.06e+06	0.000176401
2.065e+06	0.000176323
2.07e+06	0.000176789
2.075e+06	0.000176459
2.08e+06	0.000175787
2.085e+06	0.000175592
2.09e+06	0.00017575
2.095e+06	0.000175013
2.1e+06	0.000174676
2.105e+06	0.000174522
2.11e+06	0.000173514
2.115e+06	0.000172561
2.12e+06	0.000171951
2.125e+06	0.000171279
2.13e+06	0.000171195
2.135e+06	0.000170693
2.14e+06	0.000170642
2.145e+06	0.000170764
2.15e+06	0.000170094
2.155e+06	0.00016973
2.16e+06	0.00016938
2.165e+06	0.000169276
2.17e+06	0.000169433
2.175e+06	0.000169878
2.18e+06	0.000170435
2.185e+06	0.000170023
2.19e+06	0.000169383
2.195e+06	0.000167834
2.2e+06	0.000166972
2.205e+06	0.000166742
2.21e+06	0.00016613
2.215e+06	0.000165727
2.22e+06	0.000165377
2.225e+06	0.00016519
2.23e+06	0.000165062
2.235e+06	0.000164683
2.24e+06	0.000164602
2.245e+06	0.000163657
2.25e+06	0.000163198
2.255e+06	0.000163432
2.26e+06	0.000162965
2.265e+06	0.000162215
2.27e+06	0.000161875
2.275e+06	0.000161793
2.28e+06	0.000161971
2.285e+06	0.000161349
2.29e+06	0.00016088
2.295e+06	0.000160572
2.3e+06	0.000159713
2.305e+06	0.000158929
2.31e+06	0.000158433
2.315e+06	0.000157853
2.32e+06	0.000158412
2.325e+06	0.000158885
2.33e+06	0.00015933
2.335e+06	0.000159332
2.34e+06	0.000158853
2.345e+06	0.000158818
2.35e+06	0.000158832
2.355e+06	0.000159123
2.36e+06	0.000158772
2.365e+06	0.000158237
2.37e+06	0.00015823
2.375e+06	0.000158856
2.38e+06	0.000159932
2.385e+06	0.000160567
2.39e+06	0.000161473
2.395e+06	0.000161931
2.4e+06	0.000161838
2.405e+06	0.00016079
2.41e+06	0.000159754
2.415e+06	0.000159178
2.42e+06	0.000158885
2.425e+06	0.000158611
2.43e+06	0.000157776
2.435e+06	0.000157301
2.44e+06	0.000156803
2.445e+06	0.000156678
2.45e+06	0.000156756
2.455e+06	0.000156595
2.46e+06	0.000156679
2.465e+06	0.000156626
2.47e+06	0.000156288
2.475e+06	0.000155461
2.48e+06	0.000155044
2.485e+06	0.000154475
2.49e+06	0.000153806
2.495e+06	0.000153034
2.5e+06	0.000151934
2.505e+06	0.000151537
2.51e+06	0.000150605
2.515e+06	0.000149943
2.52e+06	0.00014942
2.525e+06	0.000149054
2.53e+06	0.000149286
2.535e+06	0.00014961
2.54e+06	0.000150075
2.545e+06	0.000150171
2.55e+06	0.000149666
2.555e+06	0.000149342
2.56e+06	0.000149042
2.565e+06	0.000148506
2.57e+06	0.00014861
2.575e+06	0.000148281
2.58e+06	0.00014785
2.585e+06	0.00014771
2.59e+06	0.000147691
2.595e+06	0.000147429
2.6e+06	0.000146778
2.605e+06	0.000146752
2.61e+06	0.000146887
2.615e+06	0.000146724
2.62e+06	0.000146857
2.625e+06	0.000147247
2.63e+06	0.000147288
2.635e+06	0.000147311
2.64e+06	0.000147095
2.645e+06	0.000146483
2.65e+06	0.000145567
2.655e+06	0.000145103
2.66e+06	0.000145188
2.665e+06	0.000144982
2.67e+06	0.000144493
2.675e+06	0.000143926
2.68e+06	0.000143791
2.685e+06	0.00014388
2.69e+06	0.000143788
2.695e+06	0.000143491
2.7e+06	0.000143365
2.705e+06	0.000143841
2.71e+06	0.000143378
2.715e+06	0.00014327
2.72e+06	0.000143244
2.725e+06	0.000142814
2.73e+06	0.000142176
2.735e+06	0.000141827
2.74e+06	0.000141183
2.745e+06	0.000141502
2.75e+06	0.00014077
2.755e+06	0.000140585
2.76e+06	0.000140779
2.765e+06	0.000140634
2.77e+06	0.000140266
2.775e+06	0.000139578
2.78e+06	0.000139165
2.785e+06	0.000138901
2.79e+06	0.000138197
2.795e+06	0.000138211
2.8e+06	0.000138061
2.805e+06	0.000137862
2.81e+06	0.000136668
2.815e+06	0.000136015
2.82e+06	0.000135721
2.825e+06	0.000134953
2.83e+06	0.000134937
2.835e+06	0.000134722
2.84e+06	0.000134251
2.845e+06	0.000133387
2.85e+06	0.000132917
2.855e+06	0.00013224
2.86e+06	0.00013185
2.865e+06	0.000131333
2.87e+06	0.000130813
2.875e+06	0.000131126
2.88e+06	0.000131481
2.885e+06	0.000131097
2.89e+06	0.00013109
2.895e+06	0.000130591
2.9e+06	0.00012986
2.905e+06	0.000129238
2.91e+06	0.000128771
2.915e+06	0.000128795
2.92e+06	0.000128634
2.925e+06	0.000128165
2.93e+06	0.000127521
2.935e+06	0.000127232
2.94e+06	0.000126809
2.945e+06	0.000126665
2.95e+06	0.000126535
2.955e+06	0.000126961
2.96e+06	0.00012665
2.965e+06	0.000126187
2.97e+06	0.000125667
2.975e+06	0.000125424
2.98e+06	0.000125407
2.985e+06	0.00012521
2.99e+06	0.000125379
2.995e+06	0.000125377
3e+06	0.00012523
3.005e+06	0.00012518
3.01e+06	0.000125134
3.015e+06	0.000125025
3.02e+06	0.000124899
3.025e+06	0.000125205
3.03e+06	0.000125883
3.035e+06	0.00012651
3.04e+06	0.000126888
3.045e+06	0.000127071
3.05e+06	0.000127166
3.055e+06	0.000127024
3.06e+06	0.000127294
3.065e+06	0.000127331
3.07e+06	0.000126967
3.075e+06	0.000126822
3.08e+06	0.000126724
3.085e+06	0.00012677
3.09e+06	0.00012646
3.095e+06	0.000126021
3.1e+06	0.000125464
3.105e+06	0.000125141
3.11e+06	0.000124985
3.115e+06	0.000124568
3.12e+06	0.000123978
3.125e+06	0.000123589
3.13e+06	0.000123261
3.135e+06	0.000123129
3.14e+06	0.000123323
3.145e+06	0.000123351
3.15e+06	0.00012304
3.155e+06	0.000123031
3.16e+06	0.000122913
3.165e+06	0.000122993
3.17e+06	0.000122697
3.175e+06	0.000122647
3.18e+06	0.000122562
3.185e+06	0.000122541
3.19e+06	0.000122666
3.195e+06	0.000122584
3.2e+06	0.000122596
3.205e+06	0.000122632
3.21e+06	0.000122437
3.215e+06	0.000122476
3.22e+06	0.000122369
3.225e+06	0.00012234
3.23e+06	0.000122157
3.235e+06	0.000121635
3.24e+06	0.000120997
3.245e+06	0.000120267
3.25e+06	0.000119717
3.255e+06	0.000119645
3.26e+06	0.000119726
3.265e+06	0.000120052
3.27e+06	0.000120176
3.275e+06	0.000120438
3.28e+06	0.000120435
3.285e+06	0.000119945
3.29e+06	0.000119671
3.295e+06	0.000119387
3.3e+06	0.000119254
3.305e+06	0.000119525
3.31e+06	0.000119409
3.315e+06	0.00011924
3.32e+06	0.000119082
3.325e+06	0.000119191
3.33e+06	0.000119686
3.335e+06	0.000119574
3.34e+06	0.000119339
3.345e+06	0.000118839
3.35e+06	0.000118284
3.355e+06	0.000118124
3.36e+06	0.000118366
3.365e+06	0.000118114
3.37e+06	0.000117573
3.375e+06	0.000116922
3.38e+06	0.000116405
3.385e+06	0.000116017
3.39e+06	0.000115978
3.395e+06	0.000115791
3.4e+06	0.000115839
3.405e+06	0.000115753
3.41e+06	0.000115712
3.415e+06	0.000116099
3.42e+06	0.000116432
3.425e+06	0.00011613
3.43e+06	0.000115893
3.435e+06	0.000115702
3.44e+06	0.000115785
3.445e+06	0.000115843
3.45e+06	0.000115797
3.455e+06	0.000115712
3.46e+06	0.000115698
3.465e+06	0.000115971
3.47e+06	0.000116104
3.475e+06	0.000115651
3.48e+06	0.000115119
3.485e+06	0.000114961
3.49e+06	0.000114554
3.495e+06	0.000114583
3.5e+06	0.00011459
3.505e+06	0.000114142
3.51e+06	0.000113982
3.515e+06	0.000113565
3.52e+06	0.000113106
3.525e+06	0.000112998
3.53e+06	0.00011277
3.535e+06	0.000112474
3.54e+06	0.000112365
3.545e+06	0.000112392
3.55e+06	0.000112164
3.555e+06	0.000111665
3.56e+06	0.000111388
3.565e+06	0.000111271
3.57e+06	0.000111317
3.575e+06	0.000110957
3.58e+06	0.000110793
3.585e+06	0.000110821
3.59e+06	0.000110642
3.595e+06	0.000110869
3.6e+06	0.000110807
3.605e+06	0.000110622
3.61e+06	0.000110475
3.615e+06	0.000110299
3.62e+06	0.000110135
3.625e+06	0.00011015
3.63e+06	0.000110201
3.635e+06	0.0001103
3.64e+06	0.00011044
3.645e+06	0.000110597
3.65e+06	0.000110426
3.655e+06	0.000110252
3.66e+06	0.000110278
3.665e+06	0.000110227
3.67e+06	0.000110411
3.675e+06	0.000110434
3.68e+06	0.000110386
3.685e+06	0.000110392
3.69e+06	0.000110458
3.695e+06	0.00011055
3.7e+06	0.000110552
3.705e+06	0.00011086
3.71e+06	0.000111448
3.715e+06	0.000111412
3.72e+06	0.0001111
3.725e+06	0.000111118
3.73e+06	0.000111339
3.735e+06	0.000111258
3.74e+06	0.000110871
3.745e+06	0.000110844
3.75e+06	0.000110531
3.755e+06	0.000110214
3.76e+06	0.000110038
3.765e+06	0.000109837
3.77e+06	0.000109704
3.775e+06	0.000109646
3.78e+06	0.000109616
3.785e+06	0.000109371
3.79e+06	0.000109191
3.795e+06	0.000109508
3.8e+06	0.000109546
3.805e+06	0.000109372
3.81e+06	0.000109188
3.815e+06	0.000108983
3.82e+06	0.000108723
3.825e+06	0.000108237
3.83e+06	0.00010802
3.835e+06	0.000107871
3.84e+06	0.000107596
3.845e+06	0.000107515
3.85e+06	0.000107479
3.855e+06	0.000107422
3.86e+06	0.000107335
3.865e+06	0.000107455
3.87e+06	0.00010746
3.875e+06	0.000107564
3.88e+06	0.000107858
3.885e+06	0.000107971
3.89e+06	0.00010792
3.895e+06	0.000108035
3.9e+06	0.000108427
3.905e+06	0.000108516
3.91e+06	0.000108282
3.915e+06	0.000108273
3.92e+06	0.000108114
3.925e+06	0.000107882
3.93e+06	0.000107551
3.935e+06	0.000107502
3.94e+06	0.000107376
3.945e+06	0.000107202
3.95e+06	0.000106812
3.955e+06	0.000106543
3.96e+06	0.000106426
3.965e+06	0.000106304
3.97e+06	0.000105922
3.975e+06	0.000105549
3.98e+06	0.000105225
3.985e+06	0.000104907
3.99e+06	0.000104697
3.995e+06	0.000105061
4e+06	0.000105465
4.005e+06	0.000105383
4.01e+06	0.000105094
4.015e+06	0.000104976
4.02e+06	0.000104782
4.025e+06	0.000104635
4.03e+06	0.000104641
4.035e+06	0.000104567
4.04e+06	0.00010464
4.045e+06	0.00010463
4.05e+06	0.000104547
4.055e+06	0.000104589
4.06e+06	0.000104424
4.065e+06	0.000104358
4.07e+06	0.000104377
4.075e+06	0.000104318
4.08e+06	0.000104086
4.085e+06	0.000103908
4.09e+06	0.000103724
4.095e+06	0.000103357
4.1e+06	0.000103168
4.105e+06	0.000102977
4.11e+06	0.000102874
4.115e+06	0.000102692
4.12e+06	0.000102684
4.125e+06	0.000102755
4.13e+06	0.000102636
4.135e+06	0.000102633
4.14e+06	0.000102605
4.145e+06	0.000102592
4.15e+06	0.000102681
4.155e+06	0.00010245
4.16e+06	0.000101999
4.165e+06	0.000101976
4.17e+06	0.000102173
4.175e+06	0.000102467
4.18e+06	0.00010248
4.185e+06	0.000102565
4.19e+06	0.000102169
4.195e+06	0.000101902
4.2e+06	0.000101765
4.205e+06	0.00010195
4.21e+06	0.000101734
4.215e+06	0.000101565
4.22e+06	0.000101711
4.225e+06	0.000101728
4.23e+06	0.000101482
4.235e+06	0.000101468
4.24e+06	0.000101225
4.245e+06	0.000101395
4.25e+06	0.000101506
4.255e+06	0.000101234
4.26e+06	0.000101119
4.265e+06	0.00010072
4.27e+06	0.000100445
4.275e+06	0.000100244
4.28e+06	0.00010018
4.285e+06	0.000100067
4.29e+06	0.000100177
4.295e+06	0.000100293
4.3e+06	0.000100205
4.305e+06	9.99792e-05
4.31e+06	9.98373e-05
4.315e+06	9.95238e-05
4.32e+06	9.91632e-05
4.325e+06	9.8742e-05
4.33e+06	9.84122e-05
4.335e+06	9.80958e-05
4.34e+06	9.79927e-05
4.345e+06	9.8031e-05
4.35e+06	9.79214e-05
4.355e+06	9.81106e-05
4.36e+06	9.83407e-05
4.365e+06	9.86857e-05
4.37e+06	9.87349e-05
4.375e+06	9.90028e-05
4.38e+06	9.90948e-05
4.385e+06	9.90723e-05
4.39e+06	9.91238e-05
4.395e+06	9.88459e-05
4.4e+06	9.86846e-05
4.405e+06	9.8651e-05
4.41e+06	9.84797e-05
4.415e+06	9.83978e-05
4.42e+06	9.84658e-05
4.425e+06	9.81254e-05
4.43e+06	9.78606e-05
4.435e+06	9.77439e-05
4.44e+06	9.7501e-05
4.445e+06	9.72922e-05
4.45e+06	9.72307e-05
4.455e+06	9.68728e-05
4.46e+06	9.66452e-05
4.465e+06	9.64294e-05
4.47e+06	9.64904e-05
4.475e+06	9.63346e-05
4.48e+06	9.64448e-05
4.485e+06	9.6721e-05
4.49e+06	9.67686e-05
4.495e+06	9.6801e-05
4.5e+06	9.65352e-05
4.505e+06	9.66232e-05
4.51e+06	9.68094e-05
4.515e+06	9.67038e-05
4.52e+06	9.66742e-05
4.525e+06	9.65655e-05
4.53e+06	9.64787e-05
4.535e+06	9.64272e-05
4.54e+06	9.65105e-05
4.545e+06	9.64224e-05
4.55e+06	9.63237e-05
4.555e+06	9.63383e-05
4.56e+06	9.60672e-05
4.565e+06	9.58427e-05
4.57e+06	9.59577e-05
4.575e+06	9.58989e-05
4.58e+06	9.5817e-05
4.585e+06	9.56844e-05
4.59e+06	9.56619e-05
4.595e+06	9.57831e-05
4.6e+06	9.57892e-05
4.605e+06	9.54608e-05
4.61e+06	9.52357e-05
4.615e+06	9.52081e-05
4.62e+06	9.5054e-05
4.625e+06	9.50123e-05
4.63e+06	9.47156e-05
4.635e+06	9.4473e-05
4.64e+06	9.42984e-05
4.645e+06	9.39148e-05
4.65e+06	9.38723e-05
4.655e+06	9.37191e-05
4.66e+06	9.33812e-05
4.665e+06	9.32514e-05
4.67e+06	9.31771e-05
4.675e+06	9.29014e-05
4.68e+06	9.27597e-05
4.685e+06	9.26121e-05
4.69e+06	9.26307e-05
4.695e+06	9.26605e-05
4.7e+06	9.21457e-05
4.705e+06	9.17276e-05
4.71e+06	9.14253e-05
4.715e+06	9.12114e-05
4.72e+06	9.11517e-05
4.725e+06	9.12185e-05
4.73e+06	9.12786e-05
4.735e+06	9.11222e-05
4.74e+06	9.11817e-05
4.745e+06	9.11185e-05
4.75e+06	9.08679e-05
4.755e+06	9.06022e-05
4.76e+06	9.01385e-05
4.765e+06	8.97903e-05
4.77e+06	8.97116e-05
4.775e+06	8.94234e-05
4.78e+06	8.9038e-05
4.785e+06	8.88092e-05
4.79e+06	8.87545e-05
4.795e+06	8.87011e-05
4.8e+06	8.84197e-05
4.805e+06	8.83477e-05
4.81e+06	8.82626e-05
4.815e+06	8.81027e-05
4.82e+06	8.81944e-05
4.825e+06	8.79357e-05
4.83e+06	8.75516e-05
4.835e+06	8.71153e-05
4.84e+06	8.7143e-05
4.845e+06	8.70726e-05
4.85e+06	8.70545e-05
4.855e+06	8.72519e-05
4.86e+06	8.72305e-05
4.865e+06	8.7266e-05
4.87e+06	8.70838e-05
4.875e+06	8.70392e-05
4.88e+06	8.73133e-05
4.885e+06	8.74065e-05
4.89e+06	8.75314e-05
4.895e+06	8.77983e-05
4.9e+06	8.78698e-05
4.905e+06	8.80107e-05
4.91e+06	8.75465e-05
4.915e+06	8.73544e-05
4.92e+06	8.69572e-05
4.925e+06	8.68222e-05
4.93e+06	8.6928e-05
4.935e+06	8.68608e-05
4.94e+06	8.6861e-05
4.945e+06	8.67959e-05
4.95e+06	8.70099e-05
4.955e+06	8.72433e-05
4.96e+06	8.72887e-05
4.965e+06	8.71981e-05
4.97e+06	8.67883e-05
4.975e+06	8.64225e-05
4.98e+06	8.63233e-05
4.985e+06	8.65187e-05
4.99e+06	8.68079e-05
4.995e+06	8.68251e-05
5e+06	8.69653e-05
5.005e+06	8.71535e-05
5.01e+06	8.719e-05
5.015e+06	8.72216e-05
5.02e+06	8.70118e-05
5.025e+06	8.69427e-05
5.03e+06	8.65772e-05
5.035e+06	8.63628e-05
5.04e+06	8.64703e-05
5.045e+06	8.60518e-05
5.05e+06	8.57259e-05
5.055e+06	8.55083e-05
5.06e+06	8.56318e-05
5.065e+06	8.55431e-05
5.07e+06	8.57094e-05
5.075e+06	8.58951e-05
5.08e+06	8.57525e-05
5.085e+06	8.57408e-05
5.09e+06	8.55875e-05
5.095e+06	8.52924e-05
5.1e+06	8.49962e-05
5.105e+06	8.48867e-05
5.11e+06	8.49321e-05
5.115e+06	8.46258e-05
5.12e+06	8.46616e-05
5.125e+06	8.46828e-05
5.13e+06	8.47624e-05
5.135e+06	8.47978e-05
5.14e+06	8.48929e-05
5.145e+06	8.48334e-05
5.15e+06	8.47494e-05
5.155e+06	8.47176e-05
5.16e+06	8.4505e-05
5.165e+06	8.45115e-05
5.17e+06	8.46888e-05
5.175e+06	8.48431e-05
5.18e+06	8.4983e-05
5.185e+06	8.50739e-05
5.19e+06	8.50412e-05
5.195e+06	8.4929e-05
5.2e+06	8.49729e-05
5.205e+06	8.50484e-05
5.21e+06	8.49718e-05
5.215e+06	8.48325e-05
5.22e+06	8.49274e-05
5.225e+06	8.4896e-05
5.23e+06	8.46539e-05
5.235e+06	8.44393e-05
5.24e+06	8.44835e-05
5.245e+06	8.4651e-05
5.25e+06	8.48428e-05
5.255e+06	8.49977e-05
5.26e+06	8.49633e-05
5.265e+06	8.48419e-05
5.27e+06	8.48554e-05
5.275e+06	8.50526e-05
5.28e+06	8.49861e-05
5.285e+06	8.46736e-05
5.29e+06	8.46248e-05
5.295e+06	8.46907e-05
5.3e+06	8.4625e-05
5.305e+06	8.48829e-05
5.31e+06	8.49547e-05
5.315e+06	8.47842e-05
5.32e+06	8.48657e-05
5.325e+06	8.47153e-05
5.33e+06	8.48458e-05
5.335e+06	8.46957e-05
5.34e+06	8.45435e-05
5.345e+06	8.44747e-05
5.35e+06	8.47509e-05
5.355e+06	8.45897e-05
5.36e+06	8.46056e-05
5.365e+06	8.44879e-05
5.37e+06	8.44791e-05
5.375e+06	8.44633e-05
5.38e+06	8.44633e-05
5.385e+06	8.41599e-05
5.39e+06	8.39735e-05
5.395e+06	8.38348e-05
5.4e+06	8.36632e-05
5.405e+06	8.33994e-05
5.41e+06	8.31735e-05
5.415e+06	8.30802e-05
5.42e+06	8.30584e-05
5.425e+06	8.31108e-05
5.43e+06	8.33841e-05
5.435e+06	8.3607e-05
5.44e+06	8.37417e-05
5.445e+06	8.36741e-05
5.45e+06	8.36351e-05
5.455e+06	8.37864e-05
5.46e+06	8.37875e-05
5.465e+06	8.36029e-05
5.47e+06	8.34706e-05
5.475e+06	8.3414e-05
5.48e+06	8.33188e-05
5.485e+06	8.30891e-05
5.49e+06	8.29876e-05
5.495e+06	8.2629e-05
5.5e+06	8.25411e-05
5.505e+06	8.28175e-05
5.51e+06	8.29477e-05
5.515e+06	8.30584e-05
5.52e+06	8.27604e-05
5.525e+06	8.26196e-05
5.53e+06	8.23644e-05
5.535e+06	8.25264e-05
5.54e+06	8.26214e-05
5.545e+06	8.28038e-05
5.55e+06	8.28758e-05
5.555e+06	8.28963e-05
5.56e+06	8.30268e-05
5.565e+06	8.29262e-05
5.57e+06	8.29857e-05
5.575e+06	8.28644e-05
5.58e+06	8.31023e-05
5.585e+06	8.32923e-05
5.59e+06	8.34945e-05
5.595e+06	8.36561e-05
5.6e+06	8.34808e-05
5.605e+06	8.36134e-05
5.61e+06	8.35605e-05
5.615e+06	8.33112e-05
5.62e+06	8.30753e-05
5.625e+06	8.2863e-05
5.63e+06	8.26994e-05
5.635e+06	8.2472e-05
5.64e+06	8.2371e-05
5.645e+06	8.25076e-05
5.65e+06	8.24815e-05
5.655e+06	8.23815e-05
5.66e+06	8.21251e-05
5.665e+06	8.1834e-05
5.67e+06	8.17438e-05
5.675e+06	8.16287e-05
5.68e+06	8.16029e-05
5.685e+06	8.15878e-05
5.69e+06	8.15723e-05
5.695e+06	8.16377e-05
5.7e+06	8.16608e-05
5.705e+06	8.13521e-05
5.71e+06	8.12711e-05
5.715e+06	8.12863e-05
5.72e+06	8.11259e-05
5.725e+06	8.09594e-05
5.73e+06	8.08229e-05
5.735e+06	8.07588e-05
5.74e+06	8.07287e-05
5.745e+06	8.0362e-05
5.75e+06	7.98287e-05
5.755e+06	7.96691e-05
5.76e+06	7.96527e-05
5.765e+06	7.94551e-05
5.77e+06	7.94123e-05
5.775e+06	7.90283e-05
5.78e+06	7.89823e-05
5.785e+06	7.91026e-05
5.79e+06	7.90844e-05
5.795e+06	7.87872e-05
5.8e+06	7.88032e-05
5.805e+06	7.87459e-05
5.81e+06	7.86719e-05
5.815e+06	7.84398e-05
5.82e+06	7.83599e-05
5.825e+06	7.83911e-05
5.83e+06	7.84981e-05
5.835e+06	7.84345e-05
5.84e+06	7.84675e-05
5.845e+06	7.84952e-05
5.85e+06	7.85769e-05
5.855e+06	7.85484e-05
5.86e+06	7.86443e-05
5.865e+06	7.86568e-05
5.87e+06	7.87564e-05
5.875e+06	7.87905e-05
5.88e+06	7.88794e-05
5.885e+06	7.89291e-05
5.89e+06	7.89809e-05
5.895e+06	7.89635e-05
5.9e+06	7.89744e-05
5.905e+06	7.88318e-05
5.91e+06	7.89149e-05
5.915e+06	7.90525e-05
5.92e+06	7.88431e-05
5.925e+06	7.85808e-05
5.93e+06	7.82293e-05
5.935e+06	7.78398e-05
5.94e+06	7.77085e-05
5.945e+06	7.76529e-05
5.95e+06	7.77676e-05
5.955e+06	7.7588e-05
5.96e+06	7.73124e-05
5.965e+06	7.72916e-05
5.97e+06	7.73871e-05
5.975e+06	7.73477e-05
5.98e+06	7.74484e-05
5.985e+06	7.73903e-05
5.99e+06	7.72811e-05
5.995e+06	7.70024e-05
6e+06	7.6717e-05
6.005e+06	7.6491e-05
6.01e+06	7.6531e-05
6.015e+06	7.65764e-05
6.02e+06	7.66462e-05
6.025e+06	7.67488e-05
6.03e+06	7.68618e-05
6.035e+06	7.6989e-05
6.04e+06	7.70081e-05
6.045e+06	7.69429e-05
6.05e+06	7.67712e-05
6.055e+06	7.65667e-05
6.06e+06	7.65033e-05
6.065e+06	7.65923e-05
6.07e+06	7.66866e-05
6.075e+06	7.65919e-05
6.08e+06	7.64879e-05
6.085e+06	7.6351e-05
6.09e+06	7.6095e-05
6.095e+06	7.60722e-05
6.1e+06	7.59651e-05
6.105e+06	7.58699e-05
6.11e+06	7.57884e-05
6.115e+06	7.57756e-05
6.12e+06	7.56587e-05
6.125e+06	7.56258e-05
6.13e+06	7.54666e-05
6.135e+06	7.53543e-05
6.14e+06	7.50794e-05
6.145e+06	7.51129e-05
6.15e+06	7.48772e-05
6.155e+06	7.4667e-05
6.16e+06	7.48595e-05
6.165e+06	7.4783e-05
6.17e+06	7.47182e-05
6.175e+06	7.47094e-05
6.18e+06	7.46608e-05
6.185e+06	7.47567e-05
6.19e+06	7.45467e-05
6.195e+06	7.46119e-05
6.2e+06	7.44513e-05
6.205e+06	7.44392e-05
6.21e+06	7.43528e-05
6.215e+06	7.44275e-05
6.22e+06	7.44859e-05
6.225e+06	7.43481e-05
6.23e+06	7.41871e-05
6.235e+06	7.4042e-05
6.24e+06	7.40672e-05
6.245e+06	7.43215e-05
6.25e+06	7.41776e-05
6.255e+06	7.42278e-05
6.26e+06	7.41543e-05
6.265e+06	7.41093e-05
6.27e+06	7.41789e-05
6.275e+06	7.40763e-05
6.28e+06	7.38541e-05
6.285e+06	7.35764e-05
6.29e+06	7.33514e-05
6.295e+06	7.31436e-05
6.3e+06	7.30367e-05
6.305e+06	7.29445e-05
6.31e+06	7.27768e-05
6.315e+06	7.24861e-05
6.32e+06	7.23494e-05
6.325e+06	7.22638e-05
6.33e+06	7.21636e-05
6.335e+06	7.20771e-05
6.34e+06	7.18408e-05
6.345e+06	7.17476e-05
6.35e+06	7.15909e-05
6.355e+06	7.14747e-05
6.36e+06	7.14401e-05
6.365e+06	7.16742e-05
6.37e+06	7.14995e-05
6.375e+06	7.14942e-05
6.38e+06	7.14432e-05
6.385e+06	7.1409e-05
6.39e+06	7.15594e-05
6.395e+06	7.16663e-05
6.4e+06	7.16372e-05
6.405e+06	7.16959e-05
6.41e+06	7.16727e-05
6.415e+06	7.16604e-05
6.42e+06	7.15216e-05
6.425e+06	7.14166e-05
6.43e+06	7.11819e-05
6.435e+06	7.10409e-05
6.44e+06	7.08556e-05
6.445e+06	7.09877e-05
6.45e+06	7.10852e-05
6.455e+06	7.10585e-05
6.46e+06	7.08803e-05
6.465e+06	7.08812e-05
6.47e+06	7.09728e-05
6.475e+06	7.09458e-05
6.48e+06	7.07999e-05
6.485e+06	7.0704e-05
6.49e+06	7.05096e-05
6.495e+06	7.04729e-05
6.5e+06	7.05565e-05
6.505e+06	7.05924e-05
6.51e+06	7.05726e-05
6.515e+06	7.05158e-05
6.52e+06	7.05085e-05
6.525e+06	7.05486e-05
6.53e+06	7.06192e-05
6.535e+06	7.0642e-05
6.54e+06	7.05274e-05
6.545e+06	7.05565e-05
6.55e+06	7.05835e-05
6.555e+06	7.04406e-05
6.56e+06	7.03377e-05
6.565e+06	7.02028e-05
6.57e+06	7.00427e-05
6.575e+06	6.99988e-05
6.58e+06	7.00005e-05
6.585e+06	7.00972e-05
6.59e+06	7.01445e-05
6.595e+06	6.99086e-05
6.6e+06	6.99245e-05
6.605e+06	7.00324e-05
6.61e+06	7.03676e-05
6.615e+06	7.03933e-05
6.62e+06	7.05783e-05
6.625e+06	7.06936e-05
6.63e+06	7.08879e-05
6.635e+06	7.09816e-05
6.64e+06	7.10457e-05
6.645e+06	7.1062e-05
6.65e+06	7.10897e-05
6.655e+06	7.1097e-05
6.66e+06	7.10431e-05
6.665e+06	7.10224e-05
6.67e+06	7.10291e-05
6.675e+06	7.09526e-05
6.68e+06	7.09158e-05
6.685e+06	7.07502e-05
6.69e+06	7.06884e-05
6.695e+06	7.05126e-05
6.7e+06	7.04239e-05
6.705e+06	7.04235e-05
6.71e+06	7.03921e-05
6.715e+06	7.04331e-05
6.72e+06	7.04818e-05
6.725e+06	7.03612e-05
6.73e+06	6.9969e-05
6.735e+06	7.006e-05
6.74e+06	6.97935e-05
6.745e+06	6.98322e-05
6.75e+06	6.99027e-05
6.755e+06	6.96514e-05
6.76e+06	6.96777e-05
6.765e+06	6.96935e-05
6.77e+06	6.95812e-05
6.775e+06	6.94066e-05
6.78e+06	6.93057e-05
6.785e+06	6.9236e-05
6.79e+06	6.90364e-05
6.795e+06	6.89217e-05
6.8e+06	6.89379e-05
6.805e+06	6.8828e-05
6.81e+06	6.88946e-05
6.815e+06	6.89489e-05
6.82e+06	6.88214e-05
6.825e+06	6.88554e-05
6.83e+06	6.89444e-05
6.835e+06	6.90534e-05
6.84e+06	6.91136e-05
6.845e+06	6.91025e-05
6.85e+06	6.89779e-05
6.855e+06	6.88673e-05
6.86e+06	6.88588e-05
6.865e+06	6.89078e-05
6.87e+06	6.88391e-05
6.875e+06	6.87299e-05
6.88e+06	6.84295e-05
6.885e+06	6.83221e-05
6.89e+06	6.81336e-05
6.895e+06	6.81418e-05
6.9e+06	6.80879e-05
6.905e+06	6.78984e-05
6.91e+06	6.77173e-05
6.915e+06	6.74554e-05
6.92e+06	6.73518e-05
6.925e+06	6.71648e-05
6.93e+06	6.70009e-05
6.935e+06	6.67396e-05
6.94e+06	6.67241e-05
6.945e+06	6.66029e-05
6.95e+06	6.64295e-05
6.955e+06	6.62768e-05
6.96e+06	6.62786e-05
6.965e+06	6.61551e-05
6.97e+06	6.62699e-05
6.975e+06	6.62435e-05
6.98e+06	6.61201e-05
6.985e+06	6.60072e-05
6.99e+06	6.61217e-05
6.995e+06	6.6096e-05
7e+06	6.60816e-05
7.005e+06	6.60775e-05
7.01e+06	6.61845e-05
7.015e+06	6.63488e-05
7.02e+06	6.64718e-05
7.025e+06	6.66263e-05
7.03e+06	6.66755e-05
7.035e+06	6.6772e-05
7.04e+06	6.69138e-05
7.045e+06	6.68827e-05
7.05e+06	6.7045e-05
7.055e+06	6.71829e-05
7.06e+06	6.72478e-05
7.065e+06	6.71957e-05
7.07e+06	6.73661e-05
7.075e+06	6.74852e-05
7.08e+06	6.73938e-05
7.085e+06	6.73711e-05
7.09e+06	6.73994e-05
7.095e+06	6.72855e-05
7.1e+06	6.7124e-05
7.105e+06	6.70649e-05
7.11e+06	6.69381e-05
7.115e+06	6.68404e-05
7.12e+06	6.67726e-05
7.125e+06	6.67218e-05
7.13e+06	6.66183e-05
7.135e+06	6.65356e-05
7.14e+06	6.66245e-05
7.145e+06	6.67265e-05
7.15e+06	6.66777e-05
7.155e+06	6.66961e-05
7.16e+06	6.65708e-05
7.165e+06	6.64702e-05
7.17e+06	6.65708e-05
7.175e+06	6.65611e-05
7.18e+06	6.64854e-05
7.185e+06	6.63824e-05
7.19e+06	6.63075e-05
7.195e+06	6.63189e-05
7.2e+06	6.62991e-05
7.205e+06	6.61902e-05
7.21e+06	6.63321e-05
7.215e+06	6.66049e-05
7.22e+06	6.65102e-05
7.225e+06	6.65146e-05
7.23e+06	6.64008e-05
7.235e+06	6.64469e-05
7.24e+06	6.64167e-05
7.245e+06	6.64481e-05
7.25e+06	6.63173e-05
7.255e+06	6.61395e-05
7.26e+06	6.60471e-05
7.265e+06	6.58178e-05
7.27e+06	6.56199e-05
7.275e+06	6.5516e-05
7.28e+06	6.54727e-05
7.285e+06	6.53431e-05
7.29e+06	6.53383e-05
7.295e+06	6.52229e-05
7.3e+06	6.52753e-05
7.305e+06	6.50578e-05
7.31e+06	6.50259e-05
7.315e+06	6.49589e-05
7.32e+06	6.51141e-05
7.325e+06	6.51388e-05
7.33e+06	6.52635e-05
7.335e+06	6.53495e-05
7.34e+06	6.52201e-05
7.345e+06	6.5167e-05
7.35e+06	6.51597e-05
7.355e+06	6.48731e-05
7.36e+06	6.48345e-05
7.365e+06	6.47558e-05
7.37e+06	6.46614e-05
7.375e+06	6.44665e-05
7.38e+06	6.44808e-05
7.385e+06	6.44378e-05
7.39e+06	6.43581e-05
7.395e+06	6.44083e-05
7.4e+06	6.42436e-05
7.405e+06	6.40313e-05
7.41e+06	6.38508e-05
7.415e+06	6.38997e-05
7.42e+06	6.37952e-05
7.425e+06	6.36461e-05
7.43e+06	6.34862e-05
7.435e+06	6.33597e-05
7.44e+06	6.31976e-05
7.445e+06	6.31267e-05
7.45e+06	6.31558e-05
7.455e+06	6.30145e-05
7.46e+06	6.28374e-05
7.465e+06	6.27964e-05
7.47e+06	6.2837e-05
7.475e+06	6.29894e-05
7.48e+06	6.30789e-05
7.485e+06	6.29699e-05
7.49e+06	6.28761e-05
7.495e+06	6.27598e-05
7.5e+06	6.27608e-05
7.505e+06	6.27209e-05
7.51e+06	6.27473e-05
7.515e+06	6.27579e-05
7.52e+06	6.27477e-05
7.525e+06	6.28886e-05
7.53e+06	6.28491e-05
7.535e+06	6.27059e-05
7.54e+06	6.25902e-05
7.545e+06	6.25761e-05
7.55e+06	6.25989e-05
7.555e+06	6.26466e-05
7.56e+06	6.28846e-05
7.565e+06	6.28544e-05
7.57e+06	6.26941e-05
7.575e+06	6.25052e-05
7.58e+06	6.22571e-05
7.585e+06	6.21454e-05
7.59e+06	6.19437e-05
7.595e+06	6.16908e-05
7.6e+06	6.15436e-05
7.605e+06	6.1355e-05
7.61e+06	6.15093e-05
7.615e+06	6.1641e-05
7.62e+06	6.16381e-05
7.625e+06	6.16976e-05
7.63e+06	6.16496e-05
7.635e+06	6.162e-05
7.64e+06	6.17208e-05
7.645e+06	6.18191e-05
7.65e+06	6.19166e-05
7.655e+06	6.19714e-05
7.66e+06	6.20991e-05
7.665e+06	6.21156e-05
7.67e+06	6.22807e-05
7.675e+06	6.2294e-05
7.68e+06	6.2296e-05
7.685e+06	6.24127e-05
7.69e+06	6.23657e-05
7.695e+06	6.22501e-05
7.7e+06	6.21491e-05
7.705e+06	6.2251e-05
7.71e+06	6.22554e-05
7.715e+06	6.22907e-05
7.72e+06	6.21685e-05
7.725e+06	6.20184e-05
7.73e+06	6.19613e-05
7.735e+06	6.20344e-05
7.74e+06	6.19593e-05
7.745e+06	6.19696e-05
7.75e+06	6.19851e-05
7.755e+06	6.21653e-05
7.76e+06	6.21838e-05
7.765e+06	6.22928e-05
7.77e+06	6.23566e-05
7.775e+06	6.23084e-05
7.78e+06	6.22253e-05
7.785e+06	6.20247e-05
7.79e+06	6.17474e-05
7.795e+06	6.16595e-05
7.8e+06	6.16742e-05
7.805e+06	6.17323e-05
7.81e+06	6.1737e-05
7.815e+06	6.16456e-05
7.82e+06	6.16086e-05
7.825e+06	6.1368e-05
7.83e+06	6.12557e-05
7.835e+06	6.12389e-05
7.84e+06	6.11676e-05
7.845e+06	6.11161e-05
7.85e+06	6.10551e-05
7.855e+06	6.11548e-05
7.86e+06	6.11895e-05
7.865e+06	6.13446e-05
7.87e+06	6.16547e-05
7.875e+06	6.18987e-05
7.88e+06	6.19434e-05
7.885e+06	6.19096e-05
7.89e+06	6.18051e-05
7.895e+06	6.17798e-05
7.9e+06	6.1873e-05
7.905e+06	6.18946e-05
7.91e+06	6.17944e-05
7.915e+06	6.16891e-05
7.92e+06	6.17606e-05
7.925e+06	6.16915e-05
7.93e+06	6.16581e-05
7.935e+06	6.16993e-05
7.94e+06	6.16389e-05
7.945e+06	6.17333e-05
7.95e+06	6.17283e-05
7.955e+06	6.16461e-05
7.96e+06	6.17026e-05
7.965e+06	6.16159e-05
7.97e+06	6.1511e-05
7.975e+06	6.14931e-05
7.98e+06	6.14769e-05
7.985e+06	6.12228e-05
7.99e+06	6.12651e-05
7.995e+06	6.1365e-05
8e+06	6.13383e-05
8.005e+06	6.13317e-05
8.01e+06	6.15229e-05
8.015e+06	6.15032e-05
8.02e+06	6.14954e-05
8.025e+06	6.15143e-05
8.03e+06	6.15083e-05
8.035e+06	6.15364e-05
8.04e+06	6.14787e-05
8.045e+06	6.1357e-05
8.05e+06	6.13651e-05
8.055e+06	6.12864e-05
8.06e+06	6.1283e-05
8.065e+06	6.1326e-05
8.07e+06	6.12641e-05
8.075e+06	6.12645e-05
8.08e+06	6.10563e-05
8.085e+06	6.08194e-05
8.09e+06	6.07778e-05
8.095e+06	6.08597e-05
8.1e+06	6.08527e-05
8.105e+06	6.08346e-05
8.11e+06	6.07262e-05
8.115e+06	6.07037e-05
8.12e+06	6.06895e-05
8.125e+06	6.07701e-05
8.13e+06	6.07191e-05
8.135e+06	6.06082e-05
8.14e+06	6.04629e-05
8.145e+06	6.05337e-05
8.15e+06	6.05221e-05
8.155e+06	6.0369e-05
8.16e+06	6.03137e-05
8.165e+06	6.02408e-05
8.17e+06	6.02393e-05
8.175e+06	6.0134e-05
8.18e+06	6.01363e-05
8.185e+06	6.01575e-05
8.19e+06	6.01946e-05
8.195e+06	6.01356e-05
8.2e+06	6.01731e-05
8.205e+06	6.02046e-05
8.21e+06	6.02545e-05
8.215e+06	6.02882e-05
8.22e+06	6.02808e-05
8.225e+06	6.02451e-05
8.23e+06	6.01125e-05
8.235e+06	6.00922e-05
8.24e+06	6.00064e-05
8.245e+06	5.97915e-05
8.25e+06	5.95611e-05
8.255e+06	5.94638e-05
8.26e+06	5.91929e-05
8.265e+06	5.91525e-05
8.27e+06	5.92195e-05
8.275e+06	5.9252e-05
8.28e+06	5.92953e-05
8.285e+06	5.91187e-05
8.29e+06	5.91811e-05
8.295e+06	5.91787e-05
8.3e+06	5.92803e-05
8.305e+06	5.92487e-05
8.31e+06	5.93459e-05
8.315e+06	5.93832e-05
8.32e+06	5.94844e-05
8.325e+06	5.95674e-05
8.33e+06	5.97409e-05
8.335e+06	5.97085e-05
8.34e+06	5.96153e-05
8.345e+06	5.97357e-05
8.35e+06	5.99041e-05
8.355e+06	6.00843e-05
8.36e+06	6.02315e-05
8.365e+06	6.01122e-05
8.37e+06	5.99164e-05
8.375e+06	5.97438e-05
8.38e+06	5.9663e-05
8.385e+06	5.94075e-05
8.39e+06	5.92577e-05
8.395e+06	5.91006e-05
8.4e+06	5.90606e-05
8.405e+06	5.90435e-05
8.41e+06	5.90577e-05
8.415e+06	5.90657e-05
8.42e+06	5.9028e-05
8.425e+06	5.89881e-05
8.43e+06	5.90603e-05
8.435e+06	5.91601e-05
8.44e+06	5.92598e-05
8.445e+06	5.92481e-05
8.45e+06	5.92695e-05
8.455e+06	5.92152e-05
8.46e+06	5.92116e-05
8.465e+06	5.92564e-05
8.47e+06	5.93242e-05
8.475e+06	5.93284e-05
8.48e+06	5.9418e-05
8.485e+06	5.96237e-05
8.49e+06	5.9631e-05
8.495e+06	5.9681e-05
8.5e+06	5.95947e-05
8.505e+06	5.96426e-05
8.51e+06	5.9691e-05
8.515e+06	5.96435e-05
8.52e+06	5.96321e-05
8.525e+06	5.9514e-05
8.53e+06	5.95782e-05
8.535e+06	5.95273e-05
8.54e+06	5.94918e-05
8.545e+06	5.94098e-05
8.55e+06	5.93528e-05
8.555e+06	5.95613e-05
8.56e+06	5.9611e-05
8.565e+06	5.94887e-05
8.57e+06	5.93137e-05
8.575e+06	5.91824e-05
8.58e+06	5.91382e-05
8.585e+06	5.90886e-05
8.59e+06	5.90115e-05
8.595e+06	5.88363e-05
8.6e+06	5.86846e-05
8.605e+06	5.87103e-05
8.61e+06	5.86871e-05
8.615e+06	5.8605e-05
8.62e+06	5.85827e-05
8.625e+06	5.85634e-05
8.63e+06	5.85981e-05
8.635e+06	5.8579e-05
8.64e+06	5.85333e-05
8.645e+06	5.83432e-05
8.65e+06	5.82743e-05
8.655e+06	5.83402e-05
8.66e+06	5.83806e-05
8.665e+06	5.82774e-05
8.67e+06	5.85014e-05
8.675e+06	5.85251e-05
8.68e+06	5.84768e-05
8.685e+06	5.84864e-05
8.69e+06	5.84566e-05
8.695e+06	5.84507e-05
8.7e+06	5.84379e-05
8.705e+06	5.83312e-05
8.71e+06	5.81808e-05
8.715e+06	5.81063e-05
8.72e+06	5.81089e-05
8.725e+06	5.81831e-05
8.73e+06	5.81025e-05
8.735e+06	5.79831e-05
8.74e+06	5.77301e-05
8.745e+06	5.76405e-05
8.75e+06	5.74979e-05
8.755e+06	5.73387e-05
8.76e+06	5.71471e-05
8.765e+06	5.69125e-05
8.77e+06	5.69174e-05
8.775e+06	5.68049e-05
8.78e+06	5.67712e-05
8.785e+06	5.66955e-05
8.79e+06	5.66064e-05
8.795e+06	5.66091e-05
8.8e+06	5.65145e-05
8.805e+06	5.63707e-05
8.81e+06	5.63797e-05
8.815e+06	5.62581e-05
8.82e+06	5.62508e-05
8.825e+06	5.62394e-05
8.83e+06	5.62698e-05
8.835e+06	5.60382e-05
8.84e+06	5.59858e-05
8.845e+06	5.59154e-05
8.85e+06	5.60479e-05
8.855e+06	5.60439e-05
8.86e+06	5.60327e-05
8.865e+06	5.60893e-05
8.87e+06	5.60326e-05
8.875e+06	5.61686e-05
8.88e+06	5.61985e-05
8.885e+06	5.62523e-05
8.89e+06	5.62273e-05
8.895e+06	5.62233e-05
8.9e+06	5.61773e-05
8.905e+06	5.59719e-05
8.91e+06	5.59646e-05
8.915e+06	5.58648e-05
8.92e+06	5.57355e-05
8.925e+06	5.57415e-05
8.93e+06	5.57409e-05
8.935e+06	5.5627e-05
8.94e+06	5.56995e-05
8.945e+06	5.56533e-05
8.95e+06	5.55568e-05
8.955e+06	5.54314e-05
8.96e+06	5.55024e-05
8.965e+06	5.56417e-05
8.97e+06	5.55811e-05
8.975e+06	5.55379e-05
8.98e+06	5.55005e-05
8.985e+06	5.54474e-05
8.99e+06	5.53844e-05
8.995e+06	5.53718e-05
9e+06	5.53244e-05
9.005e+06	5.51825e-05
9.01e+06	5.50617e-05
9.015e+06	5.51576e-05
9.02e+06	5.53282e-05
9.025e+06	5.54842e-05
9.03e+06	5.55397e-05
9.035e+06	5.56728e-05
9.04e+06	5.57232e-05
9.045e+06	5.57111e-05
9.05e+06	5.57048e-05
9.055e+06	5.56895e-05
9.06e+06	5.54972e-05
9.065e+06	5.53833e-05
9.07e+06	5.54256e-05
9.075e+06	5.54143e-05
9.08e+06	5.54358e-05
9.085e+06	5.54864e-05
9.09e+06	5.55578e-05
9.095e+06	5.55024e-05
9.1e+06	5.53974e-05
9.105e+06	5.52716e-05
9.11e+06	5.51526e-05
9.115e+06	5.50661e-05
9.12e+06	5.4906e-05
9.125e+06	5.48799e-05
9.13e+06	5.49036e-05
9.135e+06	5.4932e-05
9.14e+06	5.48768e-05
9.145e+06	5.48533e-05
9.15e+06	5.47835e-05
9.155e+06	5.46205e-05
9.16e+06	5.4636e-05
9.165e+06	5.4722e-05
9.17e+06	5.47978e-05
9.175e+06	5.48268e-05
9.18e+06	5.49543e-05
9.185e+06	5.52221e-05
9.19e+06	5.54402e-05
9.195e+06	5.54885e-05
9.2e+06	5.54759e-05
9.205e+06	5.54862e-05
9.21e+06	5.54905e-05
9.215e+06	5.55302e-05
9.22e+06	5.56028e-05
9.225e+06	5.57102e-05
9.23e+06	5.57174e-05
9.235e+06	5.57413e-05
9.24e+06	5.58297e-05
9.245e+06	5.59523e-05
9.25e+06	5.6023e-05
9.255e+06	5.61656e-05
9.26e+06	5.63638e-05
9.265e+06	5.62615e-05
9.27e+06	5.61436e-05
9.275e+06	5.61983e-05
9.28e+06	5.61053e-05
9.285e+06	5.60935e-05
9.29e+06	5.61627e-05
9.295e+06	5.61598e-05
9.3e+06	5.61597e-05
9.305e+06	5.615e-05
9.31e+06	5.62268e-05
9.315e+06	5.61154e-05
9.32e+06	5.6073e-05
9.325e+06	5.61206e-05
9.33e+06	5.61618e-05
9.335e+06	5.61889e-05
9.34e+06	5.60188e-05
9.345e+06	5.59547e-05
9.35e+06	5.5736e-05
9.355e+06	5.56779e-05
9.36e+06	5.57088e-05
9.365e+06	5.58017e-05
9.37e+06	5.59153e-05
9.375e+06	5.58943e-05
9.38e+06	5.59311e-05
9.385e+06	5.59585e-05
9.39e+06	5.59854e-05
9.395e+06	5.58443e-05
9.4e+06	5.57714e-05
9.405e+06	5.56414e-05
9.41e+06	5.56955e-05
9.415e+06	5.57091e-05
9.42e+06	5.56983e-05
9.425e+06	5.57663e-05
9.43e+06	5.57261e-05
9.435e+06	5.5709e-05
9.44e+06	5.56907e-05
9.445e+06	5.56063e-05
9.45e+06	5.55746e-05
9.455e+06	5.56876e-05
9.46e+06	5.56604e-05
9.465e+06	5.57228e-05
9.47e+06	5.57349e-05
9.475e+06	5.57367e-05
9.48e+06	5.58227e-05
9.485e+06	5.58986e-05
9.49e+06	5.607e-05
9.495e+06	5.6069e-05
9.5e+06	5.59176e-05
9.505e+06	5.5808e-05
9.51e+06	5.56982e-05
9.515e+06	5.57677e-05
9.52e+06	5.57184e-05
9.525e+06	5.56793e-05
9.53e+06	5.56778e-05
9.535e+06	5.57434e-05
9.54e+06	5.58093e-05
9.545e+06	5.57025e-05
9.55e+06	5.57717e-05
9.555e+06	5.58564e-05
9.56e+06	5.58299e-05
9.565e+06	5.57633e-05
9.57e+06	5.58032e-05
9.575e+06	5.58227e-05
9.58e+06	5.58503e-05
9.585e+06	5.58812e-05
9.59e+06	5.59236e-05
9.595e+06	5.58684e-05
9.6e+06	5.58874e-05
9.605e+06	5.58443e-05
9.61e+06	5.58058e-05
9.615e+06	5.57573e-05
9.62e+06	5.56805e-05
9.625e+06	5.56738e-05
9.63e+06	5.56934e-05
9.635e+06	5.57111e-05
9.64e+06	5.5713e-05
9.645e+06	5.57054e-05
9.65e+06	5.57809e-05
9.655e+06	5.58966e-05
9.66e+06	5.60152e-05
9.665e+06	5.61212e-05
9.67e+06	5.60913e-05
9.675e+06	5.60931e-05
9.68e+06	5.61184e-05
9.685e+06	5.61365e-05
9.69e+06	5.6135e-05
9.695e+06	5.62053e-05
9.7e+06	5.62206e-05
9.705e+06	5.61834e-05
9.71e+06	5.61875e-05
9.715e+06	5.61291e-05
9.72e+06	5.60304e-05
9.725e+06	5.59149e-05
9.73e+06	5.59008e-05
9.735e+06	5.58781e-05
9.74e+06	5.58357e-05
9.745e+06	5.57954e-05
9.75e+06	5.57871e-05
9.755e+06	5.57909e-05
9.76e+06	5.57423e-05
9.765e+06	5.55646e-05
9.77e+06	5.55284e-05
9.775e+06	5.542e-05
9.78e+06	5.53286e-05
9.785e+06	5.52218e-05
9.79e+06	5.52744e-05
9.795e+06	5.52385e-05
9.8e+06	5.51144e-05
9.805e+06	5.5045e-05
9.81e+06	5.50483e-05
9.815e+06	5.50779e-05
9.82e+06	5.49738e-05
9.825e+06	5.49443e-05
9.83e+06	5.50227e-05
9.835e+06	5.51235e-05
9.84e+06	5.5132e-05
9.845e+06	5.51894e-05
9.85e+06	5.52076e-05
9.855e+06	5.50736e-05
9.86e+06	5.50911e-05
9.865e+06	5.51108e-05
9.87e+06	5.50165e-05
9.875e+06	5.49122e-05
9.88e+06	5.48986e-05
9.885e+06	5.49344e-05
9.89e+06	5.50965e-05
9.895e+06	5.52189e-05
9.9e+06	5.51661e-05
9.905e+06	5.51586e-05
9.91e+06	5.4997e-05
9.915e+06	5.49372e-05
9.92e+06	5.49554e-05
9.925e+06	5.50058e-05
9.93e+06	5.49188e-05
9.935e+06	5.49862e-05
9.94e+06	5.49763e-05
9.945e+06	5.48873e-05
9.95e+06	5.48593e-05
9.955e+06	5.4858e-05
9.96e+06	5.48947e-05
9.965e+06	5.49369e-05
9.97e+06	5.4896e-05
9.975e+06	5.49451e-05
9.98e+06	5.4956e-05
9.985e+06	5.49693e-05
9.99e+06	5.49921e-05
9.995e+06	5.49785e-05
1e+07	5.49468e-05
