HL1
n1	-0.294368	-0.294313	-0.528679	-0.850939	0.798425	0.915756
n2	-0.582423	-0.402277	-0.569202	-0.639932	-0.0899013	-0.282442
n3	-0.954528	0.695581	0.583595	-0.030165	-0.440295	-0.384485
n4	-0.86306	-0.212986	-0.24707	0.899934	0.31986	-0.293084
n5	0.378991	-0.560907	0.349476	0.749902	0.91985	-0.721017
n6	-0.11714	0.482723	0.177665	-0.12011	0.659719	-0.337277
n7	-0.411762	0.468303	0.238599	0.809949	-0.830043	0.868303
n8	-0.161297	0.838693	-0.830356	0.0400497	-0.149918	0.918693
n9	-0.343573	-0.183522	-0.821899	-0.520116	0.579857	-0.513522
n10	-0.622228	-0.20213	-0.440293	-0.709946	-0.0799147	-0.882246
n11	0.421499	-0.668463	0.3662	-0.4101	0.589902	0.401591
n12	0.838958	0.469129	-0.946077	-0.960285	0.71952	-0.130971
n13	-0.915621	0.944414	-0.240409	-0.790106	0.649843	0.994414
n14	0.538939	-0.81099	0.760366	0.679869	0.579804	-0.74099
n15	-0.83876	0.791455	0.0573068	0.509657	0.229377	0.0311695
n16	0.850188	0.970189	-0.719938	-0.380008	-0.660013	0.880189
n17	0.920337	0.580347	0.819723	-0.869995	-0.529988	0.79034
n18	0.73609	-0.423788	-0.989605	0.879909	-0.510111	-0.203782
n19	0.209252	0.979246	-0.549821	0.429994	0.719988	0.969246
n20	0.540684	-0.749226	-0.285	-0.389941	-0.0898342	-0.609232
HL2
n1	0.42024	0.179946	-0.500391	0.039905	-0.160218	0.509829	-0.599979	-0.0698084	0.220207	-0.57023	-0.0902308	-0.0299426	0.59016	-0.919827	0.489907	0.399993	0.910238	-0.149761	0.759878	0.810228	-0.240184
n2	0.309905	-0.800127	-0.82995	0.960128	0.870072	0.480084	-0.079992	-0.820042	-0.850113	-0.679988	-0.759921	-0.939954	-0.200138	0.099906	-0.779733	0.379993	-0.250095	-0.830087	-0.0602159	0.109899	0.330038
n3	-0.440056	0.420011	0.120057	-0.0999892	0.470053	-0.799965	-0.880009	0.409952	-0.810045	0.530061	0.920056	0.619975	0.0999705	0.739962	0.249999	0.11	-0.460055	-0.490057	-0.269948	0.0499474	0.870047
n4	0.380145	0.960118	0.569895	0.319871	0.36988	0.509875	0.259989	-0.989907	-0.0798499	-0.0200776	-0.0801295	-0.930024	-0.689839	-0.139875	-0.030243	0.199996	-0.529855	-0.139862	0.540146	-0.0298542	-0.280082
n5	0.746261	-0.742129	-0.157727	-0.393403	-0.437751	-0.600268	0.0888203	-0.62044	-0.472236	0.251979	0.963026	-0.882559	-0.63019	-0.610243	-0.961669	0.0900525	0.136407	-0.303572	-0.547066	0.0567674	-0.109976
n6	-0.89434	-0.0614816	-0.716351	0.0126144	-0.906214	0.163207	-0.190206	-0.363119	0.545948	-0.456676	-0.0859581	-0.260399	-0.373679	0.566607	-0.246018	0.930002	-0.344306	0.605758	-0.160669	-0.254242	0.372947
n7	0.482748	0.950349	-0.462483	0.378715	0.277541	-0.541993	0.890194	0.622119	-0.88757	-0.192462	0.33739	-0.539503	-0.607998	0.76203	0.77845	0.849936	0.44272	-0.717282	-0.120795	-0.927366	0.437976
n8	-0.69527	0.265052	0.813526	-0.0847489	0.594223	-0.825393	0.900629	0.616842	0.0443589	-0.287725	0.414562	-0.998721	0.473701	-0.764711	-0.82972	0.0201511	-0.705287	-0.58498	0.203201	0.184645	-0.967319
n9	-0.339976	-0.740032	0.399965	-0.389982	0.759974	-0.780021	0.829999	-0.0299682	0.510011	0.929952	0.0199739	0.60002	-0.220004	0.200009	0.39005	-0.720011	-0.429977	-0.719974	-0.840094	0.300018	-0.280028
n10	-0.0499898	-0.779998	-0.870009	0.439995	0.609991	0.229993	0.820001	-0.319992	-0.559991	0.489991	0.93999	0.290002	0.170008	0.220008	0.619993	0.0999999	-0.0999899	-0.54999	-0.180002	-0.85999	0.379993
n11	-0.331746	0.921493	-0.947342	-0.744071	-0.787347	0.424036	-0.929398	-0.103734	-0.252612	0.112863	-0.837815	-0.318606	-0.103762	0.41618	0.874675	0.0999067	0.378173	-0.471854	-0.231475	-0.782049	-0.46598
n12	-0.339982	-0.75	-0.470017	-0.510006	-0.170016	-0.110013	-0.389999	0.950014	0.800015	-0.810017	-0.640017	0.960005	-0.899989	0.830012	-0.160005	-0.690001	0.860017	-0.519982	0.799989	0.560017	0.199986
n13	0.831594	-0.980069	-0.121511	-0.120559	-0.311464	0.0989849	-0.339722	-0.468735	-0.998646	-0.911525	0.408443	-0.769464	0.02101	0.101131	-0.330614	-0.799947	-0.348428	-0.148406	-0.730847	0.891517	0.688746
n14	-0.168458	0.495612	0.0671363	0.812204	0.757958	-0.21044	0.300999	-0.937774	-0.279687	-0.15411	-0.232081	0.172734	0.738519	-0.0797288	-0.073406	0.539865	0.981459	-0.338217	0.0105286	0.0911327	-0.362479
n15	-0.137734	0.4403	-0.302035	-0.99109	0.947977	-0.221627	0.62017	0.271728	0.722012	0.857993	-0.332148	-0.579603	0.451661	-0.848316	0.558712	0.739965	0.272242	-0.597761	0.579398	-0.167821	0.748339
n16	-0.118513	0.690318	-0.791301	-0.240784	0.318684	-0.80107	-0.989891	0.461106	-0.318652	-0.401241	0.758599	-0.829778	0.811157	0.611128	0.518933	0.899996	-0.188527	0.151463	0.569869	0.99144	0.978941
n17	0.35447	-0.554497	0.187958	0.410778	-0.852629	-0.95077	-0.449332	0.650217	-0.206331	0.619249	-0.0634994	0.031012	0.142617	-0.198544	-0.0743643	-0.609914	0.00436136	0.0341068	0.693536	-0.73579	0.740286
n18	0.420721	0.659746	-0.480771	-0.440124	-0.570686	0.929401	-0.089985	0.840671	-0.639446	0.419102	0.269282	0.240204	-0.209655	0.510452	0.720093	-0.450125	-0.959285	-0.689266	-0.431035	0.110645	-0.210632
n19	0.91	0.119998	-0.0299998	-0.54	0.0300001	-0.349998	-0.999999	-0.0700006	0.88	-0.61	-0.33	0.090001	-0.680001	0.23	0.410002	0.610001	0.41	0.42	-0.180001	-0.08	0.41
n20	-0.0699993	-0.52	0.0499992	-0.12	0.669999	0.539998	0.289999	-0.319999	0.920001	0.579999	0.389999	0.449999	-0.409999	-0.73	0.849999	-0.820001	0.270001	-0.689999	-0.430002	0.26	0.519999
HL3
n1	0.820149	-0.129854	0.96986	0.279852	0.489853	-0.240078	0.060118	0.179864	0.579911	-0.0701446	-0.230149	0.720096	-0.249852	0.83001	-0.72	0.799884	-0.899859	0.539997	-0.390128	-0.259853	0.689852
n2	0.85988	-0.790056	0.209896	0.230025	0.900137	0.240227	0.20968	-0.640589	-0.86543	0.15953	0.0500161	-0.321148	-0.91012	-0.334877	-0.697548	0.202338	0.110681	0.643272	-0.981329	0.599846	-0.670006
n3	-0.697857	0.0320743	0.818033	0.357845	0.637793	-0.771147	0.981847	0.138391	0.966158	0.678187	0.557839	0.552024	0.892141	0.483098	0.558543	-0.253046	0.421563	-0.652068	0.43895	-0.427854	-0.552145
n4	0.721161	0.271133	0.308925	0.908844	-0.861166	-0.92059	-0.499035	-0.100962	0.158601	-0.761049	-0.63116	0.970911	-0.77884	-0.319151	-0.130407	0.798725	0.970964	0.709363	0.449228	0.541156	0.238845
n5	0.78	0.74	-0.44	-0.62	-0.91	-0.3	0.88	0.62	-0.38	-0.86	-0.7	-0.7	-0.22	0.94	0.53	-0.52	0.44	-1	-0.6	0.98	0.02
n6	0.242265	-0.0677984	0.0379313	0.537742	-0.642294	-0.430618	0.0719859	0.518191	0.0365329	-0.501956	0.947736	-0.318267	-0.767737	-0.287669	0.958516	0.897156	0.0416854	0.867565	-0.681286	0.522262	-0.832248
n7	-0.650614	0.159373	-0.579392	-0.729411	-0.669456	0.680131	0.739607	-0.519227	0.338493	0.900766	-0.579403	-0.780026	-0.260614	0.201623	-0.0809116	-0.760414	0.159099	-0.341288	-0.138961	0.369403	0.790605
n8	-0.400078	-0.930076	0.550072	0.540077	0.280078	-0.209961	-0.730064	0.450066	0.140085	0.950071	-0.859922	0.139944	0.639922	-0.780044	-0.569979	-0.56992	-0.710066	-0.909964	-0.449944	0.169923	0.900077
n9	-0.170674	-0.0806592	0.860626	0.63067	-0.679327	-0.229684	-0.300553	0.0605804	0.870688	0.220623	-0.0193269	0.289503	0.309327	-0.480383	-0.659812	0.500678	-0.0405858	-0.679748	0.600496	-0.40067	-0.909329
n10	0.0104487	-0.839559	-0.50042	-0.660447	0.759554	-0.820279	-0.68963	-1.00039	-0.33038	0.249577	-0.150448	0.530292	-0.819552	-0.0799265	-0.549994	-0.200404	-0.609606	-0.690184	-0.95034	0.500445	-0.730447
n11	-0.279622	0.990374	-0.940361	-0.390375	0.979631	-0.240186	0.880287	-0.820372	-0.530047	-0.610387	-0.400378	0.550217	0.340378	0.139877	-0.089923	0.50979	-0.469605	-0.729834	0.469616	-0.169626	0.769621
n12	0.899801	-0.0801981	0.210194	-0.359804	-0.33981	-0.309895	-0.800135	-0.759794	0.11985	0.940217	-0.569802	0.0498742	-0.440198	0.940127	-0.440118	0.860044	-0.0202413	-0.400257	0.380237	0.979804	-0.759801
n13	0.578746	0.46877	-0.168829	0.681247	0.151249	-0.519351	-0.0810234	-0.248907	0.901165	0.941174	-0.318747	-0.0908879	-0.241253	-0.590476	-0.759774	0.831185	-0.881107	-0.0495953	0.0209492	-0.351246	-0.888751
n14	-0.433979	-0.913897	-0.986294	1.00395	0.373971	-0.237867	0.706747	-0.0466031	0.334005	-0.576319	0.223972	0.0970254	-0.723976	0.637973	0.420881	-0.936046	-0.893459	0.791456	-0.507119	0.256043	0.223958
n15	0.66406	-0.0660102	0.326191	-0.904041	-0.254033	-0.722285	-0.426709	-0.553597	0.986728	-0.393862	0.68594	0.222719	-0.675943	0.950832	0.809754	0.0864323	0.203668	0.979061	-0.263232	-0.685971	-0.374051
n16	-0.170695	-0.48088	-0.258705	-0.459279	-0.259306	-0.675084	-0.182402	0.521979	0.911072	-0.0786862	0.170678	0.786813	0.839298	-0.415789	0.128325	0.610949	-0.531836	0.796868	-0.696902	0.539251	-0.109292
n17	-0.479992	-0.899992	0.109993	0.649992	0.929992	0.769996	0.910007	0.509993	-0.320008	0.839993	0.0599921	0.970006	-0.589992	0.890004	-0.0300016	0.719992	0.640007	-0.400004	0.579994	0.270008	0.309992
n18	-0.78156	0.648314	-0.617966	0.441589	-0.588349	-0.883757	-0.773229	0.722215	0.105478	0.141762	-0.078455	0.775151	0.508434	0.440332	-0.749987	0.0835444	0.77798	0.779231	0.362626	-0.331635	0.541555
n19	0.598626	-0.601346	0.571279	-0.188633	-0.978629	-0.839366	0.698872	0.251191	-0.268673	0.781277	-0.898627	0.579012	0.0886267	0.0693136	-0.619658	0.911345	0.128798	0.990505	-0.858973	-0.391367	-0.0186313
n20	0.250002	0.900002	-0.330002	-0.420002	-0.820002	-0.640001	-0.559999	-0.410002	0.599999	-0.600002	-0.390002	0.400001	-0.0399982	0.19	-0.59	-0.280001	0.310002	-0.82	-0.310002	-0.259998	-0.930002
HL4
n1	-0.265869	-0.384462	0.607275	-0.145203	-0.78493	-0.935869	0.81877	-0.185573	-0.734442	0.765648	0.953468	-0.436064	0.703324	-0.4035	0.474544	0.185899	0.0675749	0.915564	0.86608	0.374733	0.83413
n2	0.988508	-0.828602	-0.670986	0.981408	0.868093	-0.241492	0.78075	0.598996	-0.898582	0.501204	-0.690806	-0.801317	0.749328	0.910641	-0.268923	-0.286343	0.102289	0.771418	-0.609551	0.678329	-0.501492
n3	0.60105	-0.321074	0.0904182	-0.760893	0.940763	0.86105	0.954228	-0.348924	0.868928	0.338882	-0.0586771	-0.788875	0.74136	-0.961402	0.799078	-0.842553	-0.583061	0.558926	0.100739	-0.629126	0.0810499
n4	-0.400003	-0.169997	0.649999	0.250003	-0.810003	-0.200003	0.709997	0.0499974	-0.519997	0.300003	-0.660003	0.109997	-0.330003	0.880003	0.480002	-0.490004	0.0299957	0.630003	-0.21	-0.220003	-0.490003
n5	0.979993	-0.899054	0.901572	0.680006	-0.450005	-0.750007	0.14003	-0.850007	0.0200071	0.920007	-0.260008	0.559993	0.569992	0.990008	-0.0899935	0.290014	-0.639985	0.280007	-0.630001	-0.970006	-0.440007
n6	0.575615	-0.205762	-0.0716618	-0.0663914	0.796234	0.0756154	0.901935	0.365843	0.854248	-0.255745	-0.584763	-0.0245032	-0.764832	-0.765208	-0.756478	-0.486474	-0.465632	-0.305746	-0.252058	-0.123937	-0.384385
n7	0.554205	0.615782	-0.867941	0.756245	-0.366198	-0.155795	0.103328	-0.186168	-0.974228	-0.294134	0.72429	-0.935757	0.984229	-0.234358	0.126426	0.778766	-0.0511141	-0.294234	-0.408999	0.14387	-0.0757952
n8	-0.39	-0.74	-0.45	0.57	-0.39	-0.65	0.610006	0.79	0.86	-0.32	-0.870001	-0.53	-0.520001	-0.339999	0.88	-0.719997	-0.269996	-0.65	-0.41	-0.15	-0.57
n9	0.810275	-0.910377	0.405183	0.798666	0.741028	0.270275	-0.219181	0.0211433	0.129659	0.219344	-0.869531	0.450283	0.390512	0.8696	0.838072	-0.619997	-0.310607	-0.590326	-0.271415	-0.499026	-1.00972
n10	-0.640541	0.610538	0.079728	-0.989513	-0.030511	-0.700541	0.620351	-0.0404878	0.76054	-0.849482	0.889485	-0.0105369	0.50949	0.420519	-0.499552	0.769853	0.699794	-0.749459	-0.0400498	0.989492	0.439459
n11	-0.32998	0.44998	0.34001	0.109982	0.890019	-0.22998	-0.930016	-0.479982	0.34998	0.19998	0.35002	-0.84998	0.850019	0.83998	0.849984	-0.449995	0.540006	0.88998	0.890006	-0.00998089	-0.97998
n12	-0.449863	-0.0601366	0.980028	-0.850117	0.46017	-0.669863	-0.52933	0.360091	-0.630137	0.769877	-0.059907	-0.779874	-0.619924	-0.980085	-0.170107	0.310479	0.250579	0.559862	0.930008	0.570149	0.960137
n13	-0.34151	-0.708626	0.264139	0.882358	0.817446	-0.85151	0.351363	0.96795	-0.828655	0.0414626	0.478895	-0.151369	-0.221017	-0.96926	-0.147214	0.0352411	0.264503	0.601332	0.832946	-0.912284	-0.64151
n14	-0.0199996	-1	0.44	-0.56	-0.92	0.27	-0.46	0.61	0.16	-0.86	-0.12	0.9	0.67	-0.94	-0.51	-0.15	0.130001	0.69	-0.6	0.85	0.87
n15	0.732925	-0.422922	0.0411493	0.557478	-0.617337	-0.517075	0.335034	-0.14733	0.427067	0.517119	0.442999	0.612957	-0.786988	-0.65307	-0.562408	-0.42062	0.119227	-0.252937	-0.878798	0.902705	0.732925
n16	0.820537	-0.790534	0.330244	-0.580471	0.530459	-0.209463	0.748641	-0.0394821	-0.130535	0.949471	0.210566	0.610547	0.220582	-0.0205842	0.689551	-0.630407	-0.310476	-0.980536	0.850136	-0.429521	-0.159463
n17	0.290069	-0.370069	0.470017	0.459945	-0.63995	-0.299931	0.279583	0.190069	0.779931	0.629927	0.630091	-0.379925	-0.169908	0.599906	-0.420063	0.419801	-0.680226	0.979931	0.210056	0.760057	0.360069
n18	0.913182	-0.193164	-0.458133	-0.642957	0.0931638	0.213182	-0.0187883	-0.667243	0.456814	-0.233012	-0.797181	0.9631	0.972768	-0.132822	-0.402581	-0.527119	-0.92646	-0.423189	-0.639718	-0.65691	0.353182
n19	0.709108	0.450939	0.964507	0.571819	-0.371552	0.329108	0.981035	-0.16168	-0.239099	-0.638769	-0.681182	-0.400925	0.42882	0.0310615	-0.397568	-0.279223	-0.058589	-0.609112	0.841021	-0.45153	1.00911
n20	0.149995	-0.429994	0.0699919	-0.919995	0.909991	-0.960005	0.729956	0.249999	0.700006	0.180006	0.999994	-0.840005	-0.69	-0.0999958	-0.119997	0.779966	-0.360036	0.610005	-0.300021	0.239992	0.579995
OL
n1	0.74311	-0.428039	-0.227595	-0.424769	0.155198	0.504606	-0.377079	0.315226	0.685422	0.68458	-0.12485	0.413988	-0.801893	0.794182	-0.653122	-0.705394	-0.224862	0.661574	-0.960135	0.00769889
