HL1
n1	-0.789335	-0.317402	-0.37372	0.132409	-0.476285	0.68075
n2	0.181897	0.42215	-0.0122779	-0.171849	0.947143	-0.488406
n3	0.930991	0.401821	0.0905578	-0.920556	-0.960857	-0.169001
n4	-0.597423	-0.647402	-0.310882	-0.320822	-0.311268	0.262598
n5	-0.739326	-0.289321	-0.0703981	-0.850317	-0.200489	0.130679
n6	-0.332673	-0.522933	-0.703792	0.787452	-0.323935	0.877067
n7	0.876982	0.507038	-0.489443	-0.129701	0.790463	-0.102962
n8	0.631584	-0.438403	-0.266745	0.722443	0.773766	-0.428403
n9	-0.32863	-0.0686189	-0.409014	0.0408512	0.361313	0.491381
n10	-0.992795	0.356411	-0.369643	-0.828878	-0.66827	-0.432738
n11	-0.673719	-0.644791	-0.721568	0.879965	-0.0700525	0.336331
n12	-0.87934	-0.0492999	0.430129	-0.669958	-0.199935	-0.859334
n13	-0.951419	-0.841472	0.709571	0.069743	-0.690396	-0.13143
n14	-0.0417705	0.528472	0.49713	0.247565	-0.183753	-0.531785
n15	-0.778189	-0.30574	-0.936099	-0.0499224	0.23012	-0.138175
n16	-0.228079	0.451859	0.801433	-0.688713	0.191986	-0.0980635
n17	-0.808333	-0.519607	0.118136	-0.899935	0.900101	-0.178319
n18	-0.459073	0.0807898	0.498712	0.729237	0.618821	-0.829145
n19	-0.707654	-0.546872	0.762075	0.920778	-0.708799	0.852365
n20	0.639723	0.448942	-0.971192	0.89002	0.960031	0.929721
HL2
n1	-0.619866	-0.710044	-0.610114	0.55015	-0.780068	0.309937	-0.940047	-0.369892	0.219898	0.179998	0.419903	0.269912	0.899877	0.449878	-0.610111	0.0799182	-0.530021	-0.0601195	-0.0201359	0.489879	-0.26988
n2	-0.882137	-0.897972	0.676112	0.929635	-0.0872419	0.372642	0.638157	-0.872023	-0.38184	0.349341	-0.227987	-0.507894	-0.727887	0.912212	0.186333	-0.0471089	-0.741763	0.211975	-0.229102	-0.331788	-0.752387
n3	-0.670152	-0.330058	0.840379	-0.420278	-0.0600097	-0.190014	-0.709791	0.0698939	-0.809698	0.200043	0.920086	0.480065	-0.209871	0.0501231	-0.329596	0.780011	-0.0998754	0.96013	-0.319781	-0.139676	0.16989
n4	0.0763017	0.17634	-0.0460387	0.334003	0.2442	-0.375497	-0.278385	0.815538	-0.0395862	0.95093	0.784672	0.454721	0.323928	-0.816209	-0.806934	0.0536743	0.29226	-0.845782	0.975491	-0.190023	-0.72365
n5	-0.546787	-0.906133	0.415689	-0.524362	-0.593841	-0.834157	0.698063	-0.785962	-0.2104	0.70895	0.555686	0.515609	-0.493494	0.686651	-0.54304	0.736699	0.437748	-0.773804	0.384873	-0.819759	-0.276834
n6	0.976077	0.387232	-0.97849	0.0347828	-0.254811	-0.244538	-0.999539	0.615207	-0.591162	-0.989385	-0.184902	0.895258	0.374238	-0.995845	-0.479553	0.75466	0.491181	0.21448	-0.814908	0.168251	-0.474091
n7	0.266244	0.827415	-0.649221	-0.464809	-0.274704	0.865562	-0.689887	-0.574678	0.468351	0.850555	0.38504	0.195245	0.764099	-0.865973	-0.690307	0.124746	0.930878	-0.155662	-0.935227	-0.312345	0.106012
n8	0.738985	0.160654	0.499124	-0.400557	0.321	0.420952	0.349598	-0.0909067	-0.0502221	0.709811	-0.469127	-0.409128	-0.809017	-0.98899	-0.19071	0.441078	-0.0304337	-0.619068	0.830673	-0.470137	0.238955
n9	0.906194	0.880161	1.00381	0.235094	-0.898612	0.291255	0.281974	-0.792977	0.753957	-0.329767	0.582575	0.262252	0.353398	-0.106653	-0.875098	0.871774	-0.488701	0.253327	-0.685789	0.0546486	0.416746
n10	-0.655581	-0.982318	-0.537927	0.773078	0.516175	-0.733625	0.360828	0.213853	0.369844	0.91059	0.446345	-0.383579	-0.0242293	0.445688	0.101384	-0.804194	-0.338753	-0.714036	-0.043334	-0.660561	-0.585606
n11	0.140952	-0.680372	-0.879966	-0.159173	0.759309	0.989351	0.859965	-0.639196	-0.0203153	-0.089933	-0.0907506	0.649282	0.679104	0.319095	-0.860133	0.289222	-0.39989	-0.430862	-0.410816	0.0295893	0.680908
n12	-0.753713	-0.872287	-0.41003	0.445642	-0.624392	0.565871	-0.910154	0.685291	0.0876525	0.320456	0.00509798	0.935359	0.594088	0.174038	0.458503	0.145052	-0.249602	-0.695689	-0.555518	0.586807	0.675957
n13	0.861012	0.894576	-0.885922	0.188167	-0.099137	-0.948635	-0.608454	1.00951	0.748759	-0.198715	0.880991	0.831226	-0.920495	-0.820672	-0.197874	0.629923	-0.587362	0.939964	-0.638593	-0.472281	-0.119173
n14	0.707561	0.828355	-0.31401	0.458183	0.0158028	0.246106	0.00751219	-0.0538395	-0.17527	-0.87002	0.774377	-0.225176	0.552959	-0.347027	0.324676	0.395036	-0.710763	0.693172	0.0624712	0.063808	0.296828
n15	-0.751746	-0.0191037	-0.950782	-0.721245	-0.448514	0.991407	0.599674	0.0884838	-0.399892	0.839773	0.211437	-0.688597	0.961667	0.451698	0.0295397	-0.138369	-0.850458	-0.628408	0.211332	0.940281	0.958271
n16	-0.549977	0.389961	-0.639905	0.219982	-0.410048	-0.270046	0.320045	-0.569975	-0.839943	-0.329986	0.0299732	0.71997	-0.600025	0.699973	0.720098	0.489952	-0.0699585	0.729978	0.870003	0.250059	-0.0299694
n17	-0.780325	-0.399489	0.968622	0.120218	0.480632	0.690616	0.889219	0.409645	0.24923	0.319766	0.770361	0.620392	0.190349	-0.52962	-0.321212	-0.839373	0.309536	-0.669685	-0.710019	-0.580685	0.219568
n18	-0.409856	0.199959	-0.690044	0.620144	0.729911	-0.410083	0.249969	-0.329881	-0.41008	-0.519997	0.659891	-0.580102	0.609866	0.749866	-0.0200701	0.00989704	0.139998	0.379871	0.309865	-0.270096	-0.959867
n19	0.432703	0.52437	0.734691	0.655581	0.736834	-0.883509	0.0275857	0.84355	0.699108	-0.461222	-0.943834	0.986113	0.177005	-0.402825	-0.38399	0.0274023	-0.392698	-0.0333392	0.895065	-0.290237	-0.38741
n20	-0.936179	-0.0209141	0.149993	0.553636	0.4875	-0.582342	-0.460309	0.543183	-0.941779	0.610211	-0.652934	0.667249	-0.673577	0.656404	-0.431471	0.707156	0.630023	0.18655	-0.0934794	0.117672	-0.256428
HL3
n1	0.047044	-0.557087	-0.283998	0.36301	0.5368	0.554596	0.63259	-0.737468	-0.953086	0.386613	0.365459	-0.177215	0.322622	0.26442	-0.136847	-0.536547	0.0829637	0.125683	-0.157065	-0.575683	0.973911
n2	-0.229779	-0.420521	0.39044	0.929637	-0.554358	-0.719597	0.915753	-0.39485	-0.759708	0.669581	0.519823	0.769067	-0.270441	0.487793	-0.881826	0.649685	-0.220277	0.492165	-0.710299	-0.949086	-0.754281
n3	-0.780009	0.670009	0.060005	-0.409991	-0.209997	-0.719993	0.779995	0.360008	0.879992	0.0100042	-0.410007	-0.639991	-0.220003	0.749994	0.0400078	-0.199992	0.380009	0.959994	0.950009	0.759995	-0.459994
n4	0.520472	0.899502	0.469767	0.829522	0.129387	-0.130319	0.469783	0.199084	0.91047	0.629703	0.660334	-0.750548	-0.199834	0.460086	0.0894032	0.799555	-0.210473	0.340545	-0.510477	0.0503418	-0.990787
n5	0.239495	-0.199551	-0.959561	-0.169523	0.359316	-0.829462	-0.651158	-0.560472	-0.790477	-0.0197598	-0.260461	0.450374	0.549648	0.16917	-0.939856	-0.189547	0.410499	-0.399935	0.290497	0.249897	-0.390465
n6	-0.866785	-0.173286	-0.151728	0.906787	-0.772268	-0.32236	0.260359	0.515724	0.0631699	0.878376	-0.917572	0.416576	0.481122	-0.22842	-0.413421	-0.453003	-0.0532162	-0.847036	-0.893233	0.642109	-0.723562
n7	-0.572944	-0.69701	-0.738432	-0.797076	-0.437981	-0.287856	-0.28036	0.703857	0.547097	0.0814435	-0.90223	0.773109	0.678995	-0.171471	0.403102	0.242733	-0.777072	0.587288	-0.177056	0.818059	0.603219
n8	-0.340001	0.480001	0.320001	0.190001	0.0899959	0.840002	-0.810005	0.439996	0.719999	0.0800004	0.909999	-0.26	0.239999	-0.230003	0.779999	0.550001	0.650001	0.290001	0.710001	-0.85	0.759996
n9	-0.352918	0.312887	0.27748	-0.0572613	-0.844765	0.670015	-0.455471	-0.457101	0.777338	-0.643637	-0.770059	-0.446924	0.244919	0.391508	-0.227787	0.27193	-0.427169	-0.590007	0.812881	0.232307	0.310517
n10	0.519718	-0.419548	0.31973	0.970331	0.603347	0.179743	-0.316777	-0.786248	0.399667	0.0303932	-0.969969	0.130772	0.35023	0.621576	0.86142	-0.289715	-0.779737	0.918258	-0.0997199	0.219241	-0.00661866
n11	-0.881814	0.0813253	-0.538214	0.921542	0.583991	0.0821896	-0.747464	-0.475391	0.93833	0.730055	-0.961968	-0.969312	-0.221239	0.32516	-0.800777	-0.0385126	0.461696	-0.158451	-0.998331	0.959983	0.0450526
n12	0.489948	0.160001	0.760172	0.890032	-0.210766	-0.51982	-0.130882	0.409174	-0.880034	0.69005	-0.320098	0.499931	-0.340182	0.789519	-0.290253	-0.459964	-0.779952	0.630388	-0.229955	-0.249836	0.639251
n13	-0.998018	0.638178	0.758495	0.658097	-0.807862	-0.331929	0.58378	0.921143	0.031895	-0.28065	-0.448212	0.15844	0.87103	0.782901	-0.320826	0.0781997	-0.30198	-0.74976	-0.271973	0.710713	-0.258818
n14	-0.119757	-0.230258	0.8799	0.269754	-0.360318	0.249851	0.829862	0.529511	-0.209757	0.81989	-0.359827	-0.990281	-0.119952	-0.209965	0.169685	-0.480229	0.969757	0.290309	0.879755	-0.779799	-0.650419
n15	0.87	-0.0300001	-0.46	-0.16	-0.89	-0.71	0.89	-0.88	0.46	0.89	0.0200001	-0.0700001	0.62	0.33	-0.94	-0.72	0.17	0.05	0.32	0.28	0.2
n16	0.447177	0.432855	0.711571	0.602801	0.931779	0.812118	0.879414	-0.946508	0.257224	0.501481	0.417859	-0.76704	0.978931	-0.711515	0.0429052	-0.527379	-0.997192	0.347557	0.812822	0.368238	0.452884
n17	0.999983	-0.709983	-0.559988	0.340017	-0.450007	-0.519984	0.0799778	-0.469998	-0.650017	-0.899991	-0.190015	-0.949984	-0.420009	-0.880019	0.780011	-0.989984	-0.929983	0.0699937	0.870017	0.329993	-0.26
n18	-0.22062	0.200617	-0.679638	0.420612	-0.339817	-0.529514	-0.250322	-0.709447	0.319393	0.920283	-0.860489	0.310618	-0.110237	-0.300442	-0.319433	0.790573	0.0206178	0.93954	-0.14938	-0.530366	-0.179555
n19	-0.653341	-0.0168587	0.0765393	-0.126688	-0.325077	-0.474788	0.440229	0.51066	-0.69342	-0.553221	0.475015	0.14283	0.832134	0.683034	0.462735	-0.466245	0.803311	0.576459	0.193273	0.264559	-0.22783
n20	-0.5002	-0.229727	0.0652932	-0.229933	-0.0739858	0.287364	0.627979	0.0624558	0.529945	0.954399	0.472193	0.160561	-0.413112	-0.68553	0.920453	0.149424	0.710109	0.800767	-0.149844	0.48318	-0.809727
OL
n1	-0.403594	-0.788989	0.00255947	-0.427908	-0.190368	-0.465984	0.505004	-0.731694	0.868	0.961479	-0.921187	-0.130259	0.60065	-0.691867	0.101494	0.643983	-0.0586473	0.039533	-0.554023	0.909072
