HL1
n1	-0.0653355	0.00351718
n2	-0.0518784	0.00342151
n3	0.0809836	-0.00363503
n4	-0.0717848	0.00356389
n5	-0.0540764	0.003437
n6	0.067827	-0.00353873
n7	-0.0570194	0.00345783
n8	0.0644237	-0.00351415
n9	0.0836327	-0.00365467
n10	0.0723881	-0.00357188
n11	0.0539236	-0.00343918
n12	-0.0544719	0.0034398
n13	0.0705421	-0.00355843
n14	0.0642771	-0.00351309
n15	0.0531787	-0.00343391
n16	0.0685019	-0.00354362
n17	-0.0788762	0.00361576
n18	0.0787939	-0.00361886
n19	0.0330509	-0.00329399
n20	-0.0811763	0.00363271
OL
n1	0.135352	0.12629	-0.148276	0.141554	0.128014	-0.138526	0.130308	-0.135948	-0.150201	-0.141944	-0.12785	0.128324	-0.140565	-0.135837	-0.127267	-0.139034	0.146803	-0.146676	-0.111069	0.148486
