HL1
n1	0.841251	-0.418724	-0.764071	0.0674369	-1.01968	-0.317724
n2	-0.199407	-0.961039	-0.0949061	-0.923872	0.252399	0.799961
n3	-0.406322	-0.197195	-0.182622	0.892605	-0.105162	-0.928065
n4	-0.206338	0.134839	-1.16634	0.683305	0.208714	0.471444
n5	1.02412	-0.133985	-0.233804	0.854241	-0.305278	-0.524682
n6	-0.368119	0.422131	0.546111	-0.611808	1.15131	-0.0726276
n7	-0.408003	-0.129417	-0.28383	0.88168	-0.376753	0.465774
n8	0.651868	0.1533	0.619499	-0.597466	0.72298	-0.297019
n9	-0.244324	-0.754751	-0.657708	-0.26966	-0.317824	-0.993217
n10	0.866984	-0.328328	0.400606	-0.549103	-0.559313	0.280012
n11	0.747111	-0.0745249	0.663143	-0.99671	-0.935102	0.854372
n12	-0.902868	0.0967607	0.431557	-0.623261	0.750443	-0.343949
n13	-0.0642574	0.406177	0.142791	-1.05034	0.243716	0.113915
n14	-0.807849	-0.208226	0.0919558	0.884814	-0.516241	-0.703565
n15	0.911273	-0.573026	0.447977	-0.208291	0.271302	-0.192214
n16	-0.869407	-0.716638	-0.342241	-0.171508	0.409667	0.34107
n17	-0.769431	0.818224	0.711481	0.224896	1.28715	-0.094049
n18	1.06831	0.248061	0.0982594	0.148271	0.10692	0.294345
n19	0.762578	-0.210493	0.42033	0.290011	0.377024	-0.000687973
n20	0.523265	0.395093	0.345112	0.830532	0.164078	-0.0449072
OL
n1	-1.35715	-0.0923605	0.0142913	-1.02161	-0.229376	1.25569	-0.706575	0.808854	0.295821	-0.649473	-0.0358554	-0.441469	-0.769177	-0.475872	0.618683	1.02435	1.4712	-0.0735425	0.944399	0.969803
