HL1
n1	0.83915	-0.420841	-0.764206	0.0674139	-1.01972	-0.319841
n2	-0.199532	-0.961166	-0.0949142	-0.923873	0.252397	0.799834
n3	-0.406318	-0.19719	-0.18262	0.892605	-0.105162	-0.928061
n4	-0.207746	0.13342	-1.16643	0.68329	0.20869	0.470025
n5	1.0238	-0.13429	-0.233801	0.854238	-0.305283	-0.525002
n6	-0.366177	0.424092	0.546242	-0.611787	1.15134	-0.0706701
n7	-0.409087	-0.130531	-0.283933	0.881668	-0.376771	0.464682
n8	0.652785	0.154236	0.619577	-0.597456	0.722996	-0.296095
n9	-0.244295	-0.754732	-0.657722	-0.26966	-0.317823	-0.993188
n10	0.866435	-0.328882	0.40057	-0.549109	-0.559322	0.279459
n11	0.747102	-0.0745282	0.663152	-0.99671	-0.935102	0.854363
n12	-0.903104	0.096523	0.431542	-0.623264	0.750439	-0.344187
n13	-0.0652267	0.405202	0.142733	-1.05035	0.2437	0.112938
n14	-0.807938	-0.208305	0.0919665	0.884813	-0.516242	-0.703654
n15	0.912199	-0.572092	0.448038	-0.208281	0.271318	-0.191281
n16	-0.868973	-0.716211	-0.342229	-0.171503	0.409674	0.341507
n17	-0.767153	0.82052	0.711628	0.224921	1.28719	-0.0917533
n18	1.06829	0.248033	0.0982403	0.148271	0.10692	0.294329
n19	0.763637	-0.209433	0.420386	0.290023	0.377042	0.000379799
n20	0.52399	0.395823	0.345159	0.83054	0.164091	-0.0441768
OL
n1	-1.3571	-0.0929067	0.0128827	-1.0211	-0.228876	1.25575	-0.706726	0.809657	0.294322	-0.64843	-0.0344428	-0.442722	-0.76851	-0.477324	0.618968	1.02303	1.47125	-0.0721101	0.945212	0.970917
