HL1
n1	-0.156004	0.166381	-0.153766	0.01696	0.073258	0.07049
n2	-0.201283	0.043994	0.008196	-0.12182	-0.005368	0.066749
n3	-0.219833	0.054638	0.244111	0.019502	-0.024715	0.064262
n4	-0.198831	-0.007573	-0.214791	-0.054121	0.087491	0.095623
n5	-0.167293	0.084675	-0.019799	-0.08028	0.112198	0.00166
n6	0.124632	0.029376	0.061479	0.01658	-0.027673	-0.0496
n7	0.091512	-0.007171	0.007157	0.064296	0.067818	0.154808
n8	0.028532	0.052647	0.052441	-0.025196	0.138809	0.002222
n9	-0.024024	0.061813	-0.038532	0.070667	0.102651	-0.130269
n10	-0.093423	0.041015	0.024736	0.027209	-0.086439	0.05044
n11	0.027614	0.043987	0.016892	-0.104324	0.0128	0.022754
n12	0.016276	-0.014687	0.000418	0.015434	0.064909	0.027463
n13	0.132391	-0.145904	0.019492	-0.067742	-0.031065	0.079872
n14	-0.10108	-0.06076	0.054863	-0.056167	-0.023271	-0.028566
n15	-0.129353	-0.083689	0.095195	-0.000942	0.09817	0.110043
n16	0.009472	-0.00561	-0.018407	0.053334	-0.036521	0.140325
n17	0.106319	-0.045685	0.045951	-0.090116	0.006393	0.036343
n18	-0.077329	0.061591	0.038563	-0.050769	0.092034	-0.052841
n19	0.104309	0.007784	-0.061786	0.076951	-0.049401	-0.096291
n20	0.364121	0.026012	-0.126981	-0.004134	-0.035583	0.035655
HL2
n1	-0.068668	-0.040131	-0.01893	-0.051271	0.109187	0.01465	-0.000973	0.043029	0.030711	0.081569	0.02597	-0.160419	-0.001843	-0.084898	0.041059	-0.046837	-0.115893	-0.024939	0.07105	0.033879	0.055816
n2	-0.010652	-0.059716	-0.036436	-0.024316	0.139156	0.042591	-0.127336	0.056832	-0.137282	0.032354	0.062647	-0.057977	-0.039673	-0.137304	0.085716	0.043551	0.0428	-0.100519	-0.070641	-0.027065	0.059604
n3	0.023705	-0.105762	0.071246	0.103866	0.016294	-0.044518	-0.024121	0.013476	0.007401	-0.028227	0.007399	0.061878	0.075174	-0.078825	0.088927	-0.016993	-0.006997	-0.006309	0.031347	0.072126	-0.160607
n4	0.099407	0.027458	-0.039589	0.09202	-0.134084	-0.007598	-0.000644	-0.040048	-0.119636	0.042826	0.029534	0.051863	0.044235	0.015308	0.037999	-0.023646	-0.044338	-0.016066	-0.036928	-0.008049	0.089273
n5	0.147539	-0.048277	0.022844	-0.01312	-0.056675	-0.123834	0.097136	0.071338	-0.034461	-0.086866	0.082969	-0.066318	-0.112467	-0.018659	-0.073162	-0.025132	0.083185	0.048506	0.03604	-0.013702	0.058102
n6	0.044004	0.016586	-0.100503	-0.124661	-0.018419	0.116644	-0.11132	0.096199	-0.047438	-0.084805	-0.093506	0.107897	0.080985	0.107344	0.047388	0.003152	-0.035572	-0.02681	0.084747	0.075368	-0.121018
n7	-0.01799	0.020477	-0.023177	0.105517	0.069444	-0.071689	-0.005718	-0.085821	-0.06151	0.038916	-0.0849	-0.06348	-0.016649	-0.070426	-0.02424	0.015263	-0.054689	-0.002332	-0.085167	0.029022	0.062799
n8	-0.035992	0.057351	0.065158	-0.054838	-0.05789	0.106656	-0.051802	-0.101882	-0.059425	-0.096579	0.022174	0.100435	0.034515	0.004128	-0.109959	0.100974	-0.087303	0.052955	-0.06274	0.093217	-0.010481
n9	0.237716	0.051308	-0.02979	-0.123295	0.013021	-0.089092	-0.065906	0.062968	0.067421	0.054242	0.007803	0.061462	-0.040733	0.047429	-0.055971	0.037281	0.044941	0.069426	-0.084402	0.04179	-0.078256
n10	-0.073287	-0.029957	0.05333	0.042565	0.044401	-0.051765	-0.073376	0.10685	0.080203	0.033972	-0.010277	-0.011774	0.068104	-0.061854	-0.019428	-0.029788	-0.017044	0.045423	-0.092971	-0.041837	0.032995
n11	0.131606	-0.074382	0.024238	0.03605	0.005553	-0.066202	-0.033435	0.043422	0.007532	-0.038698	0.118908	-0.027961	-0.061942	-0.086749	0.052021	-0.067607	4.9e-05	-0.078529	0.005735	0.073655	-0.111403
n12	-0.001942	-0.066508	-0.071956	-0.079439	-0.018676	0.059348	-0.061852	-0.004151	-0.080402	-0.118399	-0.051448	-0.103542	0.014019	-0.011176	0.082072	0.048302	-0.005662	0.001168	-0.070512	-0.10699	-0.087468
n13	0.063756	0.010537	0.021577	-0.049856	0.048873	0.123274	0.017963	-0.033876	-0.102349	0.006584	0.113518	-0.022815	0.059038	0.040532	-0.0494	-0.083457	0.049362	-0.046279	0.119173	0.095079	0.11503
n14	-0.068658	-0.005685	0.112323	0.089926	-0.074422	0.094922	0.092879	-0.036491	0.060736	0.058927	-0.030065	-0.047874	0.029096	0.022737	-0.00063	-0.018395	-0.019583	0.011434	0.099673	-0.065886	-0.036362
n15	0.096607	0.064518	0.066007	0.077562	0.000789	0.036199	-0.082264	0.068142	-0.027268	0.042229	-0.154887	-0.008409	-0.002364	0.006704	-0.081722	0.129555	0.054701	0.068389	-0.022679	0.112133	-0.082979
n16	0.117781	0.006986	-0.107782	-0.081173	-0.027787	-0.070747	-0.049036	-0.120683	-0.061278	-0.086447	0.022122	-0.066569	-0.040976	0.018208	0.044547	0.068575	-0.129136	0.001561	0.000876	0.02309	0.036914
n17	-0.148529	0.021732	-0.082983	-0.06459	-0.047363	0.012644	0.058691	0.122289	0.07634	0.11139	0.098506	0.050105	0.028925	-0.04883	0.07192	0.114456	0.077408	-0.046184	0.025157	-0.046264	-0.052643
n18	-0.08089	-0.045034	0.030198	0.017658	0.097114	-0.072771	-0.074314	-0.067881	-0.044456	-0.08586	-0.022654	-0.071078	-0.075329	-0.036154	0.04656	0.020804	0.013812	0.027476	0.039881	0.039419	0.093266
n19	-0.054053	-0.091184	-0.00898	-0.018079	-0.042321	0.050267	-0.027906	-0.02429	0.032968	-0.02945	0.038732	-0.063955	0.069494	0.101145	-0.056915	-0.03387	-0.062793	-0.005768	0.097024	0.019738	0.118722
n20	0.031682	0.000967	-0.014003	0.054149	0.099198	0.123566	0.084815	0.067495	0.058822	-0.085636	0.120543	0.001128	-0.023983	-0.073401	0.136703	0.003215	0.065364	-0.07959	0.053788	-0.039173	-0.00277
OL
n1	-0.167492	0.24194	-0.098186	0.073322	-0.061909	-0.160454	0.135289	0.059269	0.161441	0.092142	-0.025406	0.193491	-0.269811	-0.050763	0.114007	-0.298374	-0.05513	-0.122356	-0.178316	-0.149406
