HL1
n1	-0.179449	0.463404	0.634513	-0.410792	0.0915027	-0.346926
n2	0.566079	-0.50973	0.894075	-0.382183	-0.931343	0.70507
n3	0.55317	0.95777	0.0173691	0.184289	0.171383	-0.211843
n4	0.00524044	-0.875233	0.137744	-0.588498	-0.10674	0.994426
n5	0.92884	-0.0879783	0.783406	0.66461	-0.595079	-0.250896
n6	0.0553299	-0.548411	-0.859159	0.323081	-0.726194	0.421909
n7	0.663264	-0.990205	-0.582627	-0.366779	-0.727631	-0.338904
n8	0.375057	0.728934	-0.596645	0.860561	-0.610558	-0.860645
n9	-0.786841	-0.76499	0.991771	-0.693913	-0.389805	0.0184515
n10	-0.575932	-0.673132	0.541438	0.364139	0.078003	0.785574
n11	-0.674372	0.179368	0.370287	0.370248	0.848006	-0.0156334
n12	-0.714077	0.80479	-0.479205	0.394445	0.66373	0.915658
n13	0.676607	-0.312805	0.252982	-0.116809	0.670596	-0.0461204
n14	-0.46063	-0.951682	0.392884	-0.848781	0.578224	0.224439
n15	0.827881	0.700018	0.144766	-0.512968	-0.793417	-0.697132
n16	0.331101	0.492204	0.250935	-0.872	0.888639	-0.0494434
n17	0.192468	-0.637347	-0.860435	0.479459	0.657662	-0.0624772
n18	0.833558	-0.0601509	-0.272066	-0.36797	0.718829	-0.698131
n19	0.814814	0.66772	-0.399243	0.82269	0.773644	-0.813159
n20	0.385703	-0.293628	0.520272	0.156151	0.507055	-0.915678
HL2
n1	0	-0.00781	-0.01117	-0.00883	0.01309	0.01491	-0.01815	-0.00481	-0.02012	-0.00808	-0.04114	-0.00898	-0.03296	0.02605	-0.01689	-0.00799	0.00407	0.00329	-0.02205	0.01015	0.00219
n2	0	-0.02289	-0.00493	-0.01194	0.04183	-0.01199	-0.00998	-0.02294	-0.00313	0.01583	-0.00903	-0.01398	-0.00097	-0.02205	0.00797	0.00799	0.01104	-0.0159	-0.00713	-0.00116	0.01306
n3	0	0.00714	-0.00112	0.00094	-0.0071	-0.00909	-0.00597	0.02409	0.01299	-0.02181	0.00292	-0.01495	-0.00199	0.01599	-0.00495	0.00396	0.03188	-0.00099	-0.07115	-0.00381	0.00011
n4	0	-0.00708	0.00094	-0.00392	-0.01102	0.0138	0.00607	0.01312	-0.01093	-0.00898	0.02111	-0.01009	0.00203	0.00096	0.003	0.00305	0.00392	-0.03511	-0.00302	0.00594	-0.00505
n5	0	-0.02718	0.01303	-0.01801	-0.00898	0.0008	0.00408	0.02914	-0.01678	-0.00709	0.01292	0.01688	-0.00506	-0.00199	0.01014	0.01998	0.001	-0.03783	-0.02612	0.02191	-0.01824
n6	0	-0.04697	0.0039	0.016	-0.01202	-0.02189	-0.01704	0.03205	-0.00809	0.012	-0.00929	0.00913	0.00531	-0.01009	-0.01293	0.03101	0.00285	0.00281	0.01103	-0.00389	0.03291
n7	0	0.03075	0.01492	-0.00215	0.01396	0.01708	0.02901	0.002	0.00067	0.00406	-0.0011	-0.0129	0.00819	0.01902	-0.00499	-0.0098	0.01398	0.00292	0.00579	0.01003	0.01305
n8	0	0.00706	0.01289	0.00196	-0.00291	-0.00699	-0.00108	-0.01221	0.007	-0.01101	0.00101	0.00197	0.02184	0.01411	-0.017	-0.00591	0.02199	0.00088	-0.00088	-0.02891	-0.02286
n9	0	-0.023	0.00405	-0.0089	0.00011	-0.00112	-0.03859	-0.02209	0.00017	0.01498	0.0071	-0.01095	0.02695	0.01395	0.01397	0.02204	0.00212	0.0099	-0.01699	-0.00216	0.00812
n10	0	0.03484	-0.01304	-0.00699	0.01628	-0.00985	-0.02101	0.00097	0.00601	-0.00296	0.02105	-1e-05	-0.00506	-0.00395	0.00197	-0.00798	-0.00691	0.0139	-0.00398	-0.00688	-0.00691
n11	0	-0.00105	-0.00579	-0.00195	0.0061	-0.01596	0.01417	-0.01305	0.014	-0.00792	0.00608	-4e-05	0.01795	0.00314	-1e-05	0.00101	0.01193	0.00104	0.00386	-0.00811	0.00297
n12	0	0.01308	0.00707	0.00402	-0.00209	-0.00994	-0.00579	-0.00301	0.00021	-6e-05	-3e-05	0.005	-0.00101	-0.01104	-0.01091	0.00098	5e-05	-0.01705	0.0169	-0.01503	-0.00797
n13	0	0.04504	0.00507	0.00705	0.01206	0.00691	6e-05	-0.00485	-0.03519	-0.00312	0.00104	0.0018	0.00181	0.00086	0.01719	0.00101	-0.02104	0.01481	0.01194	0.00596	0.02628
n14	0	-0.01998	0.00493	0.00505	-0.01492	0.01203	0.01197	0.00696	-0.01492	0.00093	-0.02491	-0.01177	-0.00102	0.04986	-0.00094	0.00503	-0.0279	-0.00198	-0.02921	-0.00702	-0.00999
n15	0	-0.00094	0.02004	-0.0112	-0.00304	0.00605	-0.00919	0.01278	0.00317	-0.00097	-0.00298	0.01212	-0.0281	0.00705	-0.01484	0.02496	0.012	-0.02524	-0.01012	-0.00787	0.00795
n16	0	0.00929	0.00497	-0.00802	-0.01798	0.00586	-0.03111	0.00696	0.0199	-0.02924	0.00094	-0.03598	0.00704	-0.03507	-0.00907	0.00788	0.01101	0.00999	-0.01018	-0.00187	0.00888
n17	0	-0.00299	0.00303	0.00314	0.00394	-0.01291	0.02897	0.00106	0.02109	0.01803	-0.00507	-0.0059	-0.01899	-6e-05	0.00609	-0.01182	-0.00289	0.0039	0.00609	-0.00485	-0.00702
n18	0	-0.01703	0.01083	-0.02784	-0.01598	0.00504	0.02694	-0.01114	-0.00601	-0.00501	0.00104	0.00285	0.01593	-0.03186	-0.01804	-0.005	-0.01103	-0.05292	0.02008	-0.00697	-0.02408
n19	0	0.03709	-0.00415	-0.01402	-0.02096	-0.01506	-0.00205	-0.01793	-0.02602	-0.0099	-0.02585	-0.00284	-0.00699	0.01999	0.02095	-0.00407	-0.00399	-0.03989	0.00808	0.01291	0.00507
n20	0	0.01486	0.01993	-0.00405	0.02389	-0.00999	-0.00023	-0.02999	-6e-05	-0.01005	0.00998	0.00112	-0.00594	0.00198	-0.00905	-0.01397	-0.01688	-0.01809	9e-05	0.00511	-0.01607
OL
n1	-0.223386	-0.336853	-0.510743	0.85609	-0.607362	-0.243788	-1.01982	0.278603	0.564641	-0.681562	-0.825608	0.999661	0.096187	0.372611	0.514492	-0.55338	0.383971	-0.0194241	-0.050569	-0.036835
