HL1
n1	-0.179449	0.379404	0.602513	-0.510792	0.131503	-0.360926
n2	0.566079	-0.46473	0.808075	-0.410183	-0.911343	0.65107
n3	0.55317	0.98677	0.0783691	0.160289	0.122383	-0.147843
n4	0.00524044	-0.843233	0.087744	-0.618498	-0.09274	0.982426
n5	0.92884	-0.0629783	0.794406	0.67561	-0.588079	-0.257896
n6	0.0553299	-0.511411	-0.881159	0.282081	-0.762194	0.407909
n7	0.663264	-0.995205	-0.621627	-0.331779	-0.631631	-0.297904
n8	0.375057	0.714934	-0.626645	0.926561	-0.567558	-0.832645
n9	-0.786841	-0.74499	0.959771	-0.712913	-0.327805	-0.00954851
n10	-0.575932	-0.691132	0.517438	0.383139	0.078003	0.654574
n11	-0.674372	0.159368	0.328287	0.380248	0.846006	0.0543666
n12	-0.714077	0.80579	-0.474205	0.458445	0.66773	0.949658
n13	0.676607	-0.211805	0.362982	-0.116809	0.671596	0.0388796
n14	-0.46063	-0.931682	0.408884	-0.808781	0.593224	0.326439
n15	0.827881	0.770018	0.118766	-0.471968	-0.718417	-0.744132
n16	0.331101	0.481204	0.266935	-0.791	0.849639	-0.0484434
n17	0.192468	-0.656347	-0.881435	0.391459	0.613662	0.0145228
n18	0.833558	0.0338491	-0.371066	-0.35897	0.746829	-0.694131
n19	0.814814	0.71272	-0.460243	0.83969	0.746644	-0.841159
n20	0.385703	-0.240628	0.611272	0.188151	0.461055	-0.924678
HL2
n1	0	0.01019	-0.00917	0.02317	-0.02191	0.01691	0.02485	0.00819	0.01288	0.01692	0.03886	0.01102	-0.00796	0.01305	-0.00689	0.02801	0.03307	-0.00571	0.00595	0.01415	-0.01681
n2	0	-0.00189	-0.00493	0.00306	-0.00017	0.00401	0.00202	0.00106	-0.01213	-0.00817	-0.01203	-0.00498	-0.00097	0.00395	0.01897	0.00999	-0.00396	-0.0339	0.00987	-0.00016	-0.00594
n3	0	-0.03486	-0.01112	0.00094	0.0079	-0.01309	0.03103	-0.00291	-0.02301	-0.00681	0.00692	-0.01895	0.00801	-0.00901	0.00105	-0.00204	0.02588	0.00101	-0.00415	0.00419	0.02911
n4	0	-0.01008	0.00194	8e-05	-0.00102	-0.0082	-0.00593	-0.00488	0.02507	0.00802	-0.01389	-0.02209	0.01103	-0.00704	0.001	-0.01595	0.01192	0.00889	0.01198	-0.00506	-0.00205
n5	0	-0.02018	-0.00997	0.00999	0.01002	0.0008	0.04408	0.00714	-0.02178	-0.00609	-0.02308	-0.01612	-0.00806	-0.01299	-0.01286	0.00298	-0.005	-0.00383	0.00188	0.01791	0.01776
n6	0	0.01703	0.0089	0.003	0.01398	0.01911	-0.01204	0.00605	0.02391	-0.003	-0.00629	0.01213	0.00631	-0.01109	-0.02393	0.00601	0.00085	0.00281	0.00503	0.00811	-0.01009
n7	0	-0.02125	0.00092	-0.00115	-0.02204	0.00508	-0.00299	0	0.02867	0.00306	-0.0161	-0.0049	0.00019	-0.02298	-0.01199	0.0052	0.00298	0.00892	-0.03121	-0.01697	0.01105
n8	0	0.04206	-0.02211	-0.04004	-0.00591	-0.02399	-0.02308	-0.01821	-0.023	-0.00301	0.01101	0.00397	-0.00816	-0.00389	-0.011	-0.02691	0.01199	0.00988	0.02012	0.03409	-0.02386
n9	0	-0.001	0.00105	-0.0059	-0.00789	0.01688	-0.01459	0.00391	-0.02783	-0.01602	-0.0079	-0.00495	0.02595	0.01895	-0.00103	0.01604	0.00212	0.0189	-0.00199	0.00184	-0.00088
n10	0	-0.00116	-0.02504	0.00501	-0.01672	0.00215	-1e-05	-0.01603	-0.00499	0.00404	0.01205	0.01299	0.01594	0.00705	0.00297	-0.01398	-0.00791	0.0119	0.00102	0.00112	-0.00191
n11	0	0.02595	-0.00879	0.00905	-0.0079	0.00604	-0.00383	0.02795	0.006	0.00308	0.01208	-0.00304	0.00395	-0.01386	-0.00601	-0.01199	-0.01707	-0.01396	-0.00714	0.00289	0.00397
n12	0	-0.01692	0.01107	-0.01198	-0.01309	0.01406	-0.00979	-0.00201	-0.01679	0.00494	-0.00603	0.014	0.01899	-0.01704	0.00109	-0.01402	-0.01495	0.01995	0.0019	-0.00603	-0.01297
n13	0	-0.00196	-0.02093	-0.00195	0.01506	0.00991	0.01106	0.02215	0.00481	0.01388	0.00604	-0.0002	-0.00719	0.00686	-0.01681	-0.00199	-0.00904	0.00581	-0.00206	-0.01104	-0.01572
n14	0	-0.00598	-0.01707	-0.00795	-0.01892	-0.00197	-0.02703	-0.01804	-0.00592	0.00393	0.01509	0.01623	0.00098	-0.00214	0.01606	-0.01597	0.0051	0.00902	0.00179	-0.01602	-0.01099
n15	0	0.01306	-0.02196	-0.0092	-0.01404	-0.00695	0.01581	0.00878	0.00017	0.00203	-0.00598	0.02212	0.0029	0.01305	-0.00784	0.00296	-0.001	0.01076	0.00588	-0.00387	-0.00405
n16	0	-0.02071	-0.01503	0.02098	0.02002	-0.01614	-0.01111	-4e-05	0.0029	0.01776	-0.00306	0.01002	-0.02596	0.00393	0.00393	-0.00612	0.01501	0.00199	-0.00918	-0.02687	0.00688
n17	0	-0.01899	-0.00997	-0.00586	0.02694	-0.01791	-0.00703	-0.00194	-0.00991	-0.00997	-0.03507	0.0031	0.00101	-0.00706	0.00409	-0.01482	0.00611	0.0259	-0.01891	0.00115	0.01298
n18	0	-0.02003	0.00883	-0.01984	-0.03498	-0.02396	-0.03706	-0.00414	0.02399	0.02999	0.03404	-0.03515	-0.02107	-0.00186	-0.00404	-0.022	0.00097	0.02008	0.00108	0.00603	-8e-05
n19	0	9e-05	0.00485	-0.01102	0.00704	-0.01806	-0.02605	-0.01993	-0.00402	-0.0069	-0.00985	-0.00484	0.00501	0.02199	-0.00205	-0.02707	0.00201	0.01611	-0.01592	0.03191	-0.01693
n20	0	-0.00614	0.01293	0.00595	0.01089	0.01801	0.00277	-0.00499	-6e-05	-0.01305	-0.00102	-0.00288	0.02206	-0.00602	-0.00305	-0.00797	0.00212	-0.02009	-0.02091	0.02811	0.00793
OL
n1	-0.204386	-0.378853	-0.505743	0.97109	-0.683362	-0.425788	-1.01982	0.199603	0.435641	-0.458562	-0.987608	0.868661	0.207187	0.298611	0.330492	-0.39138	0.342971	0.119576	-0.102569	0.359165
