HL1
n1	-0.179449	0.543404	0.609513	-0.515792	0.0715027	-0.346926
n2	0.566079	-0.53573	0.809075	-0.348183	-0.927343	0.64307
n3	0.55317	0.92477	0.0593691	0.194289	0.171383	-0.199843
n4	0.00524044	-0.955233	0.088744	-0.613498	-0.11774	0.978426
n5	0.92884	-0.102978	0.776406	0.59461	-0.575079	-0.274896
n6	0.0553299	-0.491411	-0.887159	0.297081	-0.720194	0.449909
n7	0.663264	-0.955205	-0.537627	-0.373779	-0.627631	-0.280904
n8	0.375057	0.678934	-0.590645	0.971561	-0.551558	-0.891645
n9	-0.786841	-0.73899	0.903771	-0.705913	-0.378805	0.0194515
n10	-0.575932	-0.670132	0.565438	0.341139	0.099003	0.613574
n11	-0.674372	0.212368	0.422287	0.468248	0.826006	0.0193666
n12	-0.714077	0.85079	-0.523205	0.455445	0.67373	0.988658
n13	0.676607	-0.234805	0.394982	-0.145809	0.696596	0.0498796
n14	-0.46063	-0.933682	0.451884	-0.846781	0.640224	0.295439
n15	0.827881	0.803018	0.181766	-0.488968	-0.721417	-0.691132
n16	0.331101	0.501204	0.249935	-0.833	0.886639	0.0025566
n17	0.192468	-0.606347	-0.804435	0.493459	0.670662	0.0555228
n18	0.833558	-0.0561509	-0.415066	-0.26997	0.702829	-0.705131
n19	0.814814	0.70072	-0.468243	0.78669	0.845644	-0.814159
n20	0.385703	-0.228628	0.545272	0.187151	0.481055	-0.926678
HL2
n1	0	-0.02781	0.01083	-0.00683	0.00709	-0.03109	0.03485	0.01319	-0.03412	0.01392	0.02386	0.01102	0.00204	-0.00695	0.00911	0.00901	7e-05	-0.00571	-0.02905	0.01215	-0.00181
n2	0	0.00711	0.05307	0.00306	0.01983	-0.00299	0.00402	0.00106	0.00287	-0.01417	0.00897	0.03302	0.01703	0.00895	0.00697	0.00299	4e-05	-0.0149	0.00087	0.00384	0.01806
n3	0	-0.00286	-0.02012	-6e-05	-0.0291	-0.00109	-0.02997	-0.00591	0.01699	0.02519	-0.02108	-0.02595	-0.02299	0.00599	0.01805	-0.02004	-0.00212	0.01801	0.02785	0.01419	-0.00489
n4	0	-0.00108	0.00194	0.00908	0.00498	-0.0052	-0.03493	0.00612	-0.02893	0.00102	0.00411	0.01191	0.00103	0.00296	0	-0.00795	0.01992	0.00089	-2e-05	-0.00806	0.01795
n5	0	-0.02018	0.02303	0.00899	-0.03998	0.0138	0.00408	0.02014	0.01722	0.01391	0.00792	0.00088	0.00794	-0.01499	0.00714	-0.01102	0.002	-0.02183	0.04288	0.00391	0.00076
n6	0	0.00803	0.0169	-0.001	-0.00202	0.02711	0.01696	-0.00895	-0.06009	0.012	0.01971	-0.00987	0.01831	-0.01509	-0.00893	-0.01499	-0.00615	-0.00219	-0.00997	-0.01889	0.00691
n7	0	-0.00325	-0.02708	0.00685	-0.00504	0.00108	-0.00599	-0.012	0.00067	-0.00294	0.0029	0.0091	0.00019	0.02102	-0.01899	0.0182	0.00498	-0.01108	-0.00921	0.00403	0.00705
n8	0	-0.00094	-0.01511	0.00796	0.02009	0.00801	-0.01508	-0.00521	0.016	-0.01101	-0.01899	-0.00903	0.01684	0.00811	0.005	0.01309	0.00599	0.05388	0.01312	0.02509	-0.01986
n9	0	-0.001	-0.02395	-0.0069	-0.00489	0.01788	0.00341	-0.01809	-0.01383	0.00998	0.0161	-0.00695	-0.00405	0.01595	-0.03703	0.00804	-0.01788	-0.0141	0.00201	0.00284	0.02112
n10	0	0.01684	0.00896	-0.01499	0.00428	-0.01285	0.02399	0.01697	-0.01699	-0.01696	-0.00295	-0.00701	-0.01106	0.02705	0.00097	-0.01298	0.02309	-0.0061	-0.03398	-0.00288	-0.00491
n11	0	0.01195	0.01721	0.00605	-0.0089	0.00704	-0.02183	0.00695	-0.008	-0.00392	0.01308	-0.03704	-0.01605	0.00914	0.00999	0.01201	0.01993	0.01104	-0.00914	0.02289	0.02697
n12	0	0.02208	0.00707	-0.00498	-0.01009	0.01906	0.01621	-0.00601	0.00321	-6e-05	-0.02003	0.012	-0.00301	0.00296	0.00209	-0.00702	0.00505	-0.00605	-0.0201	0.00497	0.00903
n13	0	0.02104	0.01107	-0.03495	0.01006	-0.02109	-0.03994	-0.04585	-0.01219	0.00688	4e-05	0.0318	0.00181	-0.00314	-0.00781	-0.01299	0.01896	0.03981	0.01894	0.02096	-0.03072
n14	0	-0.00398	-0.01707	0.01605	0.03308	0.01703	0.00797	0.01296	-0.00392	0.01393	-0.01491	0.00123	0.00598	0.02486	-0.00294	-0.01997	-0.0229	0.00502	0.00579	-0.00802	-0.00199
n15	0	-0.02094	-0.00696	0.0068	0.02196	0.01805	0.03381	-0.01922	0.01817	0.03403	0.00302	0.01712	0.0129	-0.00495	-0.01184	-4e-05	0.005	0.03076	-0.01712	0.00313	-0.01605
n16	0	0.00929	-0.02003	-0.00202	-0.01198	0.00886	-0.03211	-0.01204	0.0099	0.01976	-0.00706	0.01102	0.02804	-0.04807	0.00293	0.00688	0.01301	-0.01101	-0.03118	0.00913	0.01388
n17	0	0.00501	3e-05	-0.00386	-6e-05	-0.02291	-0.01403	-0.01494	0.00209	0.01703	-0.02307	-0.0129	-0.00599	-0.00106	0.01809	0.00718	0.02511	0.0109	-0.03191	0.04615	-0.02302
n18	0	0.01497	-0.00217	-0.01284	-0.00598	-0.00496	0.03594	0.03486	-0.03001	-0.02101	4e-05	-0.01015	0.02693	0.02314	0.01096	-0.006	-0.01203	0.01808	0.04008	0.02603	0.01692
n19	0	-0.00891	-0.02115	-0.02202	0.03404	0.00694	0.02795	-0.02193	0.00098	0.0421	-0.02885	0.02616	-0.00999	0.00399	-0.01505	-0.02007	-0.00899	0.00211	-0.02192	0.01591	-0.00093
n20	0	0.01086	0.00293	0.00095	-0.01811	0.00201	-0.00023	0.02401	0.00494	0.04195	0.03198	-0.01788	0.02006	0.04398	-0.01605	0.02103	-0.01588	0.01291	-0.00991	-0.00589	0.01193
OL
n1	-0.189386	-0.207853	-0.518743	0.64409	-0.713362	-0.319788	-1.01982	0.274603	0.363641	-0.618562	-0.909608	0.940661	0.103187	0.357611	0.338492	-0.30638	0.155971	0.0855759	-0.110569	-0.003835
