HL1
n1	-0.179449	0.529404	0.631513	-0.467792	0.173503	-0.351926
n2	0.566079	-0.49873	0.794075	-0.358183	-0.896343	0.71107
n3	0.55317	0.95477	0.138369	0.124289	0.122383	-0.154843
n4	0.00524044	-0.839233	0.041744	-0.600498	-0.11874	0.952426
n5	0.92884	-0.0709783	0.814406	0.65761	-0.630079	-0.200896
n6	0.0553299	-0.503411	-0.873159	0.316081	-0.747194	0.418909
n7	0.663264	-0.934205	-0.557627	-0.380779	-0.648631	-0.255904
n8	0.375057	0.626934	-0.550645	0.966561	-0.575558	-0.877645
n9	-0.786841	-0.75999	0.959771	-0.695913	-0.387805	-0.0505485
n10	-0.575932	-0.622132	0.554438	0.352139	0.086003	0.670574
n11	-0.674372	0.167368	0.389287	0.477248	0.846006	0.0343666
n12	-0.714077	0.78779	-0.438205	0.396445	0.66773	0.988658
n13	0.676607	-0.273805	0.221982	-0.168809	0.674596	-0.0171204
n14	-0.46063	-0.925682	0.464884	-0.790781	0.659224	0.237439
n15	0.827881	0.797018	0.136766	-0.483968	-0.755417	-0.708132
n16	0.331101	0.548204	0.220935	-0.732	0.900639	-0.0044434
n17	0.192468	-0.585347	-0.817435	0.377459	0.687662	0.0275228
n18	0.833558	-0.0451509	-0.352066	-0.25297	0.805829	-0.629131
n19	0.814814	0.74172	-0.379243	0.78469	0.764644	-0.769159
n20	0.385703	-0.249628	0.521272	0.241151	0.486055	-0.922678
HL2
n1	0	0.00719	-0.00217	0.00017	0.00309	-0.00109	-0.00815	0.00119	0.00288	-0.01108	-0.00414	-0.00598	0.00804	0.00105	-0.00489	-0.00799	-0.00693	0.01029	-0.00105	0.02115	-0.01081
n2	0	0.00811	0.00107	-0.01794	0.00583	-0.00299	-0.01498	-0.02494	-0.02113	-0.01117	0.00097	0.00802	0.01303	-0.00505	0.00397	-0.00201	-0.01796	0.0001	0.00387	-0.01716	-0.00594
n3	0	-0.01186	0.01288	-0.01606	-0.0111	-0.00809	0.00603	-0.00291	0.01999	0.01319	-0.01008	5e-05	-0.00399	0.01299	0.00205	0.00996	-0.01312	-0.00599	0.00985	-0.00881	-0.00589
n4	0	0.00492	-0.00906	-0.00492	0.00598	0.0118	-0.00793	0.02012	0.00107	0.00302	0.00811	-0.00609	0.00503	-0.01104	-0.003	-0.00195	0.00092	-0.00311	0.00898	0.00194	0.00195
n5	0	0.03382	-0.00997	-0.00601	-0.01998	0.0188	0.00508	0.01014	0.00022	0.01491	-0.00808	0.02388	0.00994	0.00401	0.00114	-0.00802	-0.012	0.00617	-0.01312	0.00291	0.00576
n6	0	-0.01297	0.0079	0.01	0.01698	0.01711	0.00596	0.02105	0.00391	-0.005	-0.00429	0.01413	0.00131	0.00191	0.00407	-0.00099	0.02385	0.01581	-0.02297	0.01011	0.01391
n7	0	0.05475	-0.00708	0.00185	0.01196	0.01608	0.01901	-0.003	0.01567	0.00106	-0.0041	0.0011	-0.00481	0.00602	0.00301	0.0032	0.01998	0.02192	-0.00121	-0.00497	0.00305
n8	0	0.00106	0.05389	-0.01004	-0.00191	0.01901	0.01092	0.01079	0.014	-0.02201	-0.02999	0.02997	0.00884	0.01311	0.009	-0.00591	-0.00801	-0.00012	0.01412	0.01809	0.00014
n9	0	0.011	-0.00895	-0.0109	-0.02689	-0.01512	-0.00359	0.01791	0.03417	0.00498	-0.0469	0.00205	-0.00405	-0.01605	-0.00903	-0.00096	-0.02388	0.0299	0.02601	-0.01716	0.00512
n10	0	0.00184	-4e-05	0.01601	-0.01772	-0.01285	0.00499	0.01397	0.02001	-0.00296	-0.02395	0.01399	-0.00606	0.04605	0.01497	0.00402	0.00109	0.0069	-0.00698	0.01612	0.00309
n11	0	0.02795	-0.00179	-0.01795	-0.0129	0.00204	-0.02683	0.00295	-0.026	0.00508	-0.00392	0.00296	-0.00805	-0.00886	-0.00301	-0.00099	-0.03907	0.02104	0.01286	0.00589	0.00097
n12	0	-0.01392	7e-05	0.00302	-0.02209	0.01406	-0.00979	-0.00901	0.03921	0.01794	-0.01803	0.022	-0.00901	-0.00304	-0.00091	0.00098	0.00205	-0.00605	-0.0031	-0.00903	-0.01397
n13	0	0.01504	-0.00893	-0.01295	0.00806	-0.01309	-0.04194	-0.02785	-0.00819	0.00388	0.03704	0.0288	-0.02019	0.01786	0.03319	0.00601	0.01696	0.05181	-0.00206	-0.01004	-0.05672
n14	0	0.01002	-7e-05	0.01505	-0.01492	-0.00297	-0.00603	-0.00204	0.04208	0.01393	0.01109	0.00723	0.00098	-0.00314	-0.01194	0.00203	0.0021	2e-05	-0.00721	0.00398	0.00701
n15	0	-0.01294	-0.00896	-0.0202	-0.02104	0.00805	-0.01319	0.00178	0.00417	0.00203	0.02402	0.01412	0.0239	-0.00395	0.01716	-0.00904	-0.004	0.01076	0.03388	-0.00887	-0.00105
n16	0	0.02229	0.02397	-0.01202	0.03602	-0.01514	-0.01611	0.00296	-0.0241	0.00876	0.00794	-0.00898	0.00404	-0.00407	0.00793	-0.00512	0.01801	0.01799	0.01582	-0.00487	0.01788
n17	0	0.01501	0.02203	-0.02986	-0.01006	-0.02491	-0.00503	-0.02094	-0.00691	0.00503	0.00593	0.0241	0.00401	0.00394	0.01609	-0.01082	0.00011	0.0009	-0.02791	0.00015	0.02298
n18	0	0.00697	-0.01017	0.00516	-0.00998	0.00804	0.02194	-0.03114	0.00199	0.02299	-0.01096	-0.01215	0.03593	-0.00686	0.00596	-0.004	-0.01803	0.01708	0.02508	0.00803	0.01792
n19	0	-0.01291	0.01785	0.00298	-0.01696	0.02894	-0.00405	0.00707	-0.01802	-0.0279	-0.04685	-0.03084	-0.01099	0.01899	-0.01305	0.04693	-0.01299	-0.00789	-0.00792	-0.01609	-0.01793
n20	0	-0.00314	-0.00407	-0.01005	-0.00311	0.00401	-0.00023	-0.01099	0.01094	0.00495	-2e-05	0.00112	0.03506	-0.01802	0.00795	0.03503	0.01212	0.01491	0.01109	0.01011	0.01793
OL
n1	-0.403386	-0.501853	-0.558743	0.93609	-0.552362	-0.371788	-1.01982	0.386603	0.275641	-0.586562	-0.825608	0.917661	0.119187	0.375611	0.351492	-0.45138	0.259971	0.128576	-0.142569	0.003165
